0 0 0.029661016949152543 0 0.4194915254237288 0.00847457627118644 0.4194915254237288 0.01059322033898305 0.4173728813559322 0.0211864406779661 0.4173728813559322 0.023305084745762712 0.4152542372881356 0.08898305084745763 0.4152542372881356 0.09110169491525423 0.4173728813559322 0.125 0.4173728813559322 0.1271186440677966 0.4194915254237288 0.1652542372881356 0.4194915254237288 0.1673728813559322 0.4173728813559322 0.211864406779661 0.4173728813559322 0.21398305084745764 0.4194915254237288 0.23940677966101695 0.4194915254237288 0.24152542372881355 0.4173728813559322 0.2690677966101695 0.4173728813559322 0.2711864406779661 0.4152542372881356 0.3347457627118644 0.4152542372881356 0.336864406779661 0.4173728813559322 0.4279661016949153 0.4173728813559322 0.4300847457627119 0.4152542372881356 0.4427966101694915 0.4152542372881356 0.4470338983050847 0.4110169491525424 0.4470338983050847 0.4067796610169492 0.4491525423728814 0.4046610169491525 0.4491525423728814 0.3961864406779661 0.4470338983050847 0.3940677966101695 0.4470338983050847 0.3538135593220339 0.4449152542372881 0.3516949152542373 0.4449152542372881 0.3220338983050847 0.4470338983050847 0.3199152542372881 0.4470338983050847 0.2669491525423729 0.4491525423728814 0.2648305084745763 0.4491525423728814 0.2033898305084746 0.4470338983050847 0.20127118644067796 0.4470338983050847 0.16101694915254236 0.4449152542372881 0.15889830508474576 0.4449152542372881 0.09957627118644068 0.4427966101694915 0.09745762711864407 0.4427966101694915 0.08050847457627118 0.4406779661016949 0.07838983050847458 0.4406779661016949 0.07627118644067797 0.4427966101694915 0.07415254237288135 0.4427966101694915 0.05084745762711865 0.4449152542372881 0.048728813559322036 0.4449152542372881 0.029661016949152543 0.4427966101694915 0.02754237288135593 0.3707627118644068 0.02754237288135593 0.3686440677966102 0.025423728813559324 0.3644067796610169 0.025423728813559324 0.3622881355932203 0.02754237288135593 0.3156779661016949 0.02754237288135593 0.3135593220338983 0.029661016949152543 0.2966101694915254 0.029661016949152543 0.2944915254237288 0.02754237288135593 0.22033898305084745 0.02754237288135593 0.21822033898305085 0.029661016949152543 0.18008474576271186 0.029661016949152543 0.17796610169491525 0.02754237288135593 0.15254237288135594 0.02754237288135593 0.1504237288135593 0.025423728813559324 0.13771186440677965 0.025423728813559324 0.13559322033898305 0.02754237288135593 0.11016949152542373 0.02754237288135593 0.10805084745762712 0.029661016949152543 0.09322033898305085 0.029661016949152543 0.09110169491525423 0.03177966101694915 0.07838983050847458 0.03177966101694915 0.07627118644067797 0.029661016949152543
0 0.9978813559322034 0.5254237288135594 0.9936440677966102 0.5254237288135594 0.9915254237288136 0.527542372881356 0.9809322033898306 0.527542372881356 0.9788135593220338 0.5254237288135594 0.9576271186440678 0.5254237288135594 0.9555084745762712 0.5233050847457628 0.923728813559322 0.5233050847457628 0.9216101694915254 0.5254237288135594 0.913135593220339 0.5254237288135594 0.9110169491525424 0.527542372881356 0.8516949152542372 0.527542372881356 0.8495762711864406 0.5254237288135594 0.8326271186440678 0.5254237288135594 0.8305084745762712 0.527542372881356 0.826271186440678 0.527542372881356 0.8220338983050848 0.5317796610169492 0.8220338983050848 0.538135593220339 0.8241525423728814 0.5402542372881356 0.8241525423728814 0.5508474576271186 0.826271186440678 0.5529661016949152 0.826271186440678 0.5741525423728814 0.8241525423728814 0.576271186440678 0.8241525423728814 0.6016949152542372 0.8220338983050848 0.6038135593220338 0.8220338983050848 0.6313559322033898 0.8241525423728814 0.6334745762711864 0.8241525423728814 0.6483050847457628 0.8220338983050848 0.6504237288135594 0.8220338983050848 0.6927966101694916 0.8199152542372882 0.6949152542372882 0.8199152542372882 0.6991525423728814 0.8220338983050848 0.701271186440678 0.8220338983050848 0.7309322033898306 0.8241525423728814 0.7330508474576272 0.8241525423728814 0.7542372881355932 0.8220338983050848 0.7563559322033898 0.8241525423728814 0.7584745762711864 0.8241525423728814 0.788135593220339 0.826271186440678 0.7902542372881356 0.826271186440678 0.8326271186440678 0.8241525423728814 0.8347457627118644 0.8241525423728814 0.9004237288135594 0.826271186440678 0.902542372881356 0.826271186440678 0.9088983050847458 0.8283898305084746 0.9110169491525424 0.8326271186440678 0.9110169491525424 0.8347457627118644 0.913135593220339 0.8559322033898306 0.913135593220339 0.8580508474576272 0.9152542372881356 0.8665254237288136 0.9152542372881356 0.8686440677966102 0.913135593220339 0.8813559322033898 0.913135593220339 0.8834745762711864 0.9110169491525424 0.9385593220338984 0.9110169491525424 0.940677966101695 0.913135593220339 0.9978813559322034 0.913135593220339
0 0.5741525423728814 0.9978813559322034 0.9978813559322034 0.9978813559322034 0.9300847457627118 0.9978813559322034 0.9279661016949152 0.9957627118644068 0.836864406779661 0.9957627118644068 0.8347457627118644 0.9936440677966102 0.8305084745762712 0.9936440677966102 0.8283898305084746 0.9957627118644068 0.7838983050847458 0.9957627118644068 0.7817796610169492 0.9936440677966102 0.7542372881355932 0.9936440677966102 0.7521186440677966 0.9957627118644068 0.7266949152542372 0.9957627118644068 0.7245762711864406 0.9936440677966102 0.6991525423728814 0.9936440677966102 0.6970338983050848 0.9957627118644068 0.6885593220338984 0.9957627118644068 0.6864406779661016 0.9936440677966102 0.6694915254237288 0.9936440677966102 0.6673728813559322 0.9915254237288136 0.6228813559322034 0.9915254237288136 0.6207627118644068 0.9936440677966102 0.5911016949152542 0.9936440677966102 0.5889830508474576 0.9957627118644068 0.576271186440678 0.9957627118644068
0 0.413135593220339 0.9978813559322034 0.4830508474576271 0.9978813559322034 0.4809322033898305 0.9957627118644068 0.4682203389830508 0.9957627118644068 0.4661016949152542 0.9936440677966102 0.4364406779661017 0.9936440677966102 0.4343220338983051 0.9957627118644068 0.4258474576271186 0.9957627118644068 0.423728813559322 0.9978813559322034
0 0.2648305084745763 0.9978813559322034 0.3686440677966102 0.9978813559322034 0.3495762711864407 0.9978813559322034 0.3474576271186441 0.9957627118644068 0.3305084745762712 0.9957627118644068 0.3283898305084746 0.9978813559322034 0.3072033898305085 0.9978813559322034 0.3050847457627119 0.9957627118644068 0.3029661016949153 0.9978813559322034
0 0.019067796610169493 0.9978813559322034 0.0826271186440678 0.9978813559322034 0.07203389830508475 0.9978813559322034 0.06991525423728813 0.9957627118644068 0.0423728813559322 0.9957627118644068 0.04025423728813559 0.9978813559322034
1 0.7648305084745762 0.5127118644067796 0.7627118644067796 0.510593220338983 0.7563559322033898 0.510593220338983 0.7542372881355932 0.5084745762711864 0.7330508474576272 0.5084745762711864 0.7309322033898306 0.510593220338983 0.711864406779661 0.510593220338983 0.7097457627118644 0.5127118644067796 0.7033898305084746 0.5127118644067796 0.6949152542372882 0.5190677966101694 0.6927966101694916 0.5190677966101694 0.690677966101695 0.5169491525423728 0.673728813559322 0.5169491525423728 0.6716101694915254 0.5148305084745762 0.6610169491525424 0.5148305084745762 0.6588983050847458 0.5127118644067796 0.6504237288135594 0.5127118644067796 0.6461864406779662 0.5084745762711864 0.6059322033898306 0.5084745762711864 0.6038135593220338 0.510593220338983 0.5995762711864406 0.510593220338983 0.5911016949152542 0.5190677966101694 0.5889830508474576 0.5190677966101694 0.5826271186440678 0.5233050847457628 0.5720338983050848 0.5233050847457628 0.5699152542372882 0.5254237288135594 0.565677966101695 0.5254237288135594 0.5635593220338984 0.527542372881356 0.5614406779661016 0.527542372881356 0.5572033898305084 0.5317796610169492 0.5572033898305084 0.5338983050847458 0.5466101694915254 0.5444915254237288 0.5444915254237288 0.5444915254237288 0.5444915254237288 0.5466101694915254 0.5423728813559322 0.548728813559322 0.5402542372881356 0.548728813559322 0.5338983050847458 0.5529661016949152 0.527542372881356 0.5529661016949152 0.5254237288135594 0.5550847457627118 0.5063559322033898 0.5550847457627118 0.5042372881355932 0.5572033898305084 0.5021186440677966 0.5572033898305084 0.5 0.559322033898305 0.5 0.5635593220338984 0.4915254237288136 0.5741525423728814 0.4894067796610169 0.5805084745762712 0.4809322033898305 0.5889830508474576 0.4703389830508475 0.5932203389830508 0.4639830508474576 0.5995762711864406 0.4533898305084746 0.6038135593220338 0.4322033898305085 0.625 0.4300847457627119 0.6313559322033898 0.4194915254237288 0.6419491525423728 0.4194915254237288 0.6440677966101694 0.3961864406779661 0.6673728813559322 0.3961864406779661 0.6694915254237288 0.3919491525423729 0.6758474576271186 0.3898305084745763 0.6758474576271186 0.3855932203389831 0.6800847457627118 0.3834745762711864 0.6800847457627118 0.3771186440677966 0.684322033898305 0.3728813559322034 0.684322033898305 0.3707627118644068 0.6864406779661016 0.3516949152542373 0.6864406779661016 0.3495762711864407 0.684322033898305 0.3432203389830508 0.684322033898305 0.3411016949152542 0.6822033898305084 0.336864406779661 0.6822033898305084 0.3347457627118644 0.684322033898305 0.3326271186440678 0.684322033898305 0.3326271186440678 0.6864406779661016 0.3135593220338983 0.7055084745762712 0.3135593220338983 0.7076271186440678 0.3114406779661017 0.7097457627118644 0.3093220338983051 0.7097457627118644 0.3008474576271186 0.7182203389830508 0.3008474576271186 0.7203389830508474 0.2944915254237288 0.7266949152542372 0.2923728813559322 0.7330508474576272 0.2817796610169492 0.7436440677966102 0.2796610169491525 0.7436440677966102 0.2690677966101695 0.75 0.2563559322033898 0.75 0.2542372881355932 0.7521186440677966 0.25 0.7521186440677966 0.24152542372881355 0.7584745762711864 0.23940677966101695 0.7584745762711864 0.23516949152542374 0.7627118644067796 0.23516949152542374 0.7648305084745762 0.2288135593220339 0.7754237288135594 0.2288135593220339 0.7796610169491526 0.22033898305084745 0.7944915254237288 0.22033898305084745 0.798728813559322 0.21822033898305085 0.8008474576271186 0.21398305084745764 0.8114406779661016 0.2055084745762712 0.8220338983050848 0.2055084745762712 0.8241525423728814 0.19491525423728814 0.8347457627118644 0.1885593220338983 0.836864406779661 0.1843220338983051 0.8411016949152542 0.1843220338983051 0.8432203389830508 0.17796610169491525 0.8495762711864406 0.17796610169491525 0.8516949152542372 0.17372881355932204 0.8559322033898306 0.17372881355932204 0.8580508474576272 0.1652542372881356 0.8665254237288136 0.1652542372881356 0.8686440677966102 0.16101694915254236 0.8728813559322034 0.16101694915254236 0.875 0.15677966101694915 0.8792372881355932 0.15677966101694915 0.8813559322033898 0.1419491525423729 0.8961864406779662 0.1440677966101695 0.8983050847457628 0.16101694915254236 0.8983050847457628 0.163135593220339 0.8961864406779662 0.1673728813559322 0.8961864406779662 0.1694915254237288 0.8940677966101694 0.1906779661016949 0.8940677966101694 0.19279661016949154 0.8961864406779662 0.211864406779661 0.8961864406779662 0.21398305084745764 0.8983050847457628 0.23516949152542374 0.8983050847457628 0.23728813559322035 0.8961864406779662 0.2669491525423729 0.8961864406779662 0.2690677966101695 0.8940677966101694 0.2711864406779661 0.8961864406779662 0.3135593220338983 0.8961864406779662 0.3156779661016949 0.8983050847457628 0.3199152542372881 0.8983050847457628 0.3220338983050847 0.8961864406779662 0.3622881355932203 0.8961864406779662 0.3644067796610169 0.8940677966101694 0.3665254237288136 0.8940677966101694 0.3686440677966102 0.8961864406779662 0.4300847457627119 0.8961864406779662 0.4322033898305085 0.8983050847457628 0.461864406779661 0.8983050847457628 0.4639830508474576 0.8961864406779662 0.4936440677966102 0.8961864406779662 0.4957627118644068 0.8940677966101694 0.5995762711864406 0.8940677966101694 0.6016949152542372 0.8919491525423728 0.6038135593220338 0.8940677966101694 0.6186440677966102 0.8940677966101694 0.6207627118644068 0.8961864406779662 0.6334745762711864 0.8961864406779662 0.635593220338983 0.8983050847457628 0.6504237288135594 0.8983050847457628 0.652542372881356 0.9004237288135594 0.6546610169491526 0.8983050847457628 0.6927966101694916 0.8983050847457628 0.6949152542372882 0.8961864406779662 0.7033898305084746 0.8961864406779662 0.7055084745762712 0.8983050847457628 0.7372881355932204 0.8983050847457628 0.739406779661017 0.9004237288135594 0.7478813559322034 0.9004237288135594 0.75 0.8983050847457628 0.7563559322033898 0.8983050847457628 0.7584745762711864 0.8961864406779662 0.7627118644067796 0.8961864406779662 0.7648305084745762 0.8940677966101694 0.7648305084745762 0.8707627118644068 0.7627118644067796 0.8686440677966102 0.7627118644067796 0.8495762711864406 0.760593220338983 0.847457627118644 0.760593220338983 0.8326271186440678 0.7584745762711864 0.8305084745762712 0.7584745762711864 0.8241525423728814 0.7542372881355932 0.8177966101694916 0.7542372881355932 0.8029661016949152 0.7521186440677966 0.8008474576271186 0.7521186440677966 0.7330508474576272 0.7542372881355932 0.7309322033898306 0.7542372881355932 0.7033898305084746 0.7563559322033898 0.701271186440678 0.7563559322033898 0.6652542372881356 0.7542372881355932 0.663135593220339 0.7542372881355932 0.6483050847457628 0.7521186440677966 0.6461864406779662 0.7521186440677966 0.576271186440678 0.760593220338983 0.5614406779661016 0.760593220338983 0.5572033898305084 0.7627118644067796 0.5550847457627118 0.7627118644067796 0.548728813559322 0.7648305084745762 0.5466101694915254 0.7648305084745762 0.5360169491525424 0.7669491525423728 0.5338983050847458 0.7669491525423728 0.5233050847457628 0.7648305084745762 0.5211864406779662
1 0.5402542372881356 0.5169491525423728 0.5338983050847458 0.510593220338983 0.5296610169491526 0.510593220338983 0.527542372881356 0.5084745762711864 0.5127118644067796 0.5084745762711864 0.510593220338983 0.510593220338983 0.4936440677966102 0.510593220338983 0.4915254237288136 0.5127118644067796 0.4851694915254237 0.5127118644067796 0.4830508474576271 0.5148305084745762 0.4724576271186441 0.5148305084745762 0.4703389830508475 0.5127118644067796 0.4533898305084746 0.5127118644067796 0.451271186440678 0.5148305084745762 0.4406779661016949 0.5148305084745762 0.4385593220338983 0.5169491525423728 0.4004237288135593 0.5169491525423728 0.3983050847457627 0.5148305084745762 0.3792372881355932 0.5148305084745762 0.3771186440677966 0.5127118644067796 0.3622881355932203 0.5127118644067796 0.3601694915254237 0.510593220338983 0.3580508474576271 0.510593220338983 0.3559322033898305 0.5127118644067796 0.3305084745762712 0.5127118644067796 0.3283898305084746 0.5148305084745762 0.2775423728813559 0.5148305084745762 0.2754237288135593 0.5169491525423728 0.23940677966101695 0.5169491525423728 0.23728813559322035 0.5148305084745762 0.22033898305084745 0.5148305084745762 0.21822033898305085 0.5127118644067796 0.1864406779661017 0.5127118644067796 0.1843220338983051 0.5148305084745762 0 0.5148305084745762 0 0.8983050847457628 0.014830508474576272 0.8983050847457628 0.01694915254237288 0.8961864406779662 0.06991525423728813 0.8961864406779662 0.07203389830508475 0.8983050847457628 0.09110169491525423 0.8983050847457628 0.09322033898305085 0.9004237288135594 0.09745762711864407 0.9004237288135594 0.09957627118644068 0.8983050847457628 0.1038135593220339 0.8983050847457628 0.1059322033898305 0.8961864406779662 0.11228813559322035 0.8961864406779662 0.11440677966101695 0.8940677966101694 0.11652542372881355 0.8940677966101694 0.12076271186440678 0.8898305084745762 0.12076271186440678 0.8877118644067796 0.1228813559322034 0.885593220338983 0.125 0.885593220338983 0.1292372881355932 0.8813559322033898 0.1292372881355932 0.8792372881355932 0.1440677966101695 0.8622881355932204 0.1440677966101695 0.8601694915254238 0.1504237288135593 0.8538135593220338 0.15254237288135594 0.8538135593220338 0.15889830508474576 0.847457627118644 0.16101694915254236 0.847457627118644 0.18220338983050846 0.826271186440678 0.18220338983050846 0.8241525423728814 0.1885593220338983 0.8177966101694916 0.19279661016949154 0.8072033898305084 0.19915254237288135 0.8008474576271186 0.19915254237288135 0.798728813559322 0.2033898305084746 0.7923728813559322 0.2033898305084746 0.788135593220339 0.2055084745762712 0.7860169491525424 0.2055084745762712 0.7817796610169492 0.2076271186440678 0.7796610169491526 0.2076271186440678 0.777542372881356 0.2245762711864407 0.760593220338983 0.2288135593220339 0.75 0.23516949152542374 0.7436440677966102 0.23728813559322035 0.7436440677966102 0.2478813559322034 0.7330508474576272 0.2542372881355932 0.7330508474576272 0.2563559322033898 0.7309322033898306 0.2605932203389831 0.7309322033898306 0.2627118644067797 0.7288135593220338 0.2690677966101695 0.7266949152542372 0.2733050847457627 0.722457627118644 0.2733050847457627 0.7203389830508474 0.2923728813559322 0.701271186440678 0.2923728813559322 0.6991525423728814 0.298728813559322 0.6927966101694916 0.3008474576271186 0.6927966101694916 0.3050847457627119 0.6885593220338984 0.3114406779661017 0.6864406779661016 0.3326271186440678 0.6673728813559322 0.336864406779661 0.6673728813559322 0.3389830508474576 0.6652542372881356 0.3559322033898305 0.6652542372881356 0.3580508474576271 0.6673728813559322 0.3686440677966102 0.6673728813559322 0.3707627118644068 0.6652542372881356 0.3728813559322034 0.6652542372881356 0.3834745762711864 0.6546610169491526 0.3834745762711864 0.652542372881356 0.3961864406779661 0.6398305084745762 0.3961864406779661 0.6377118644067796 0.4025423728813559 0.6313559322033898 0.4046610169491525 0.6313559322033898 0.413135593220339 0.6228813559322034 0.4173728813559322 0.6228813559322034 0.4216101694915254 0.6186440677966102 0.423728813559322 0.6186440677966102 0.4279661016949153 0.614406779661017 0.4300847457627119 0.614406779661017 0.4449152542372881 0.5995762711864406 0.4470338983050847 0.5995762711864406 0.4470338983050847 0.597457627118644 0.4576271186440678 0.586864406779661 0.4597457627118644 0.586864406779661 0.461864406779661 0.5847457627118644 0.4639830508474576 0.5847457627118644 0.4682203389830508 0.5805084745762712 0.4703389830508475 0.5805084745762712 0.4724576271186441 0.5783898305084746 0.4724576271186441 0.576271186440678 0.4788135593220339 0.5699152542372882 0.4809322033898305 0.5635593220338984 0.4851694915254237 0.559322033898305 0.4851694915254237 0.5550847457627118 0.4872881355932203 0.5529661016949152 0.4872881355932203 0.5508474576271186 0.4978813559322034 0.5402542372881356 0.5190677966101694 0.5402542372881356 0.5211864406779662 0.538135593220339 0.527542372881356 0.538135593220339 0.538135593220339 0.527542372881356 0.538135593220339 0.5254237288135594 0.5402542372881356 0.5233050847457628
1 0.9470338983050848 0.04025423728813559 0.9449152542372882 0.0423728813559322 0.9258474576271186 0.0423728813559322 0.923728813559322 0.04449152542372881 0.9194915254237288 0.04449152542372881 0.9173728813559322 0.046610169491525424 0.885593220338983 0.046610169491525424 0.8834745762711864 0.04449152542372881 0.875 0.04449152542372881 0.8728813559322034 0.0423728813559322 0.8326271186440678 0.0423728813559322 0.8305084745762712 0.04449152542372881 0.777542372881356 0.04449152542372881 0.7754237288135594 0.046610169491525424 0.7669491525423728 0.046610169491525424 0.7648305084745762 0.04449152542372881 0.7161016949152542 0.04449152542372881 0.7139830508474576 0.046610169491525424 0.6822033898305084 0.046610169491525424 0.6800847457627118 0.048728813559322036 0.6758474576271186 0.048728813559322036 0.673728813559322 0.046610169491525424 0.652542372881356 0.046610169491525424 0.6504237288135594 0.04449152542372881 0.6292372881355932 0.04449152542372881 0.6271186440677966 0.0423728813559322 0.6122881355932204 0.0423728813559322 0.6101694915254238 0.04025423728813559 0.5953389830508474 0.04025423728813559 0.5932203389830508 0.0423728813559322 0.5783898305084746 0.0423728813559322 0.576271186440678 0.04025423728813559 0.5720338983050848 0.04025423728813559 0.5699152542372882 0.038135593220338986 0.5614406779661016 0.038135593220338986 0.559322033898305 0.04025423728813559 0.5423728813559322 0.04025423728813559 0.5402542372881356 0.0423728813559322 0.538135593220339 0.0423728813559322 0.5360169491525424 0.04449152542372881 0.5360169491525424 0.05084745762711865 0.5338983050847458 0.05296610169491525 0.5338983050847458 0.0847457627118644 0.5317796610169492 0.08686440677966102 0.5317796610169492 0.24152542372881355 0.5338983050847458 0.24364406779661016 0.5338983050847458 0.3008474576271186 0.5317796610169492 0.3029661016949153 0.5317796610169492 0.4279661016949153 0.5338983050847458 0.4300847457627119 0.5932203389830508 0.4300847457627119 0.5953389830508474 0.4279661016949153 0.635593220338983 0.4279661016949153 0.6377118644067796 0.4300847457627119 0.6504237288135594 0.4300847457627119 0.6546610169491526 0.4258474576271186 0.6588983050847458 0.4258474576271186 0.6610169491525424 0.423728813559322 0.6610169491525424 0.4194915254237288 0.663135593220339 0.4173728813559322 0.663135593220339 0.413135593220339 0.6652542372881356 0.4110169491525424 0.6652542372881356 0.4088983050847458 0.6673728813559322 0.4067796610169492 0.6694915254237288 0.4004237288135593 0.6779661016949152 0.3919491525423729 0.6779661016949152 0.3898305084745763 0.6885593220338984 0.3813559322033898 0.701271186440678 0.3771186440677966 0.7182203389830508 0.3601694915254237 0.7203389830508474 0.3601694915254237 0.7245762711864406 0.3559322033898305 0.7266949152542372 0.3559322033898305 0.739406779661017 0.3432203389830508 0.739406779661017 0.3411016949152542 0.7478813559322034 0.3326271186440678 0.75 0.3326271186440678 0.7584745762711864 0.3241525423728814 0.760593220338983 0.3241525423728814 0.7627118644067796 0.3220338983050847 0.7627118644067796 0.3199152542372881 0.7690677966101694 0.3135593220338983 0.7711864406779662 0.3072033898305085 0.777542372881356 0.3008474576271186 0.777542372881356 0.298728813559322 0.7817796610169492 0.2944915254237288 0.7817796610169492 0.2923728813559322 0.7838983050847458 0.2902542372881356 0.7838983050847458 0.2860169491525424 0.7860169491525424 0.2838983050847458 0.7860169491525424 0.2754237288135593 0.788135593220339 0.2733050847457627 0.788135593220339 0.2690677966101695 0.7902542372881356 0.2669491525423729 0.7902542372881356 0.2605932203389831 0.7923728813559322 0.2584745762711864 0.7923728813559322 0.2542372881355932 0.7944915254237288 0.2521186440677966 0.7944915254237288 0.2478813559322034 0.8008474576271186 0.24152542372881355 0.8029661016949152 0.24152542372881355 0.809322033898305 0.23728813559322035 0.815677966101695 0.23728813559322035 0.8220338983050848 0.2330508474576271 0.826271186440678 0.2330508474576271 0.8283898305084746 0.2309322033898305 0.8347457627118644 0.2309322033898305 0.836864406779661 0.2288135593220339 0.8389830508474576 0.2288135593220339 0.8495762711864406 0.21822033898305085 0.8495762711864406 0.21610169491525424 0.8580508474576272 0.2055084745762712 0.8601694915254238 0.19915254237288135 0.864406779661017 0.19491525423728814 0.864406779661017 0.19279661016949154 0.8665254237288136 0.1906779661016949 0.8665254237288136 0.1885593220338983 0.8728813559322034 0.17796610169491525 0.8728813559322034 0.1673728813559322 0.8707627118644068 0.1652542372881356 0.8707627118644068 0.16101694915254236 0.8686440677966102 0.15889830508474576 0.8686440677966102 0.15254237288135594 0.8728813559322034 0.1483050847457627 0.8728813559322034 0.1461864406779661 0.885593220338983 0.13347457627118645 0.885593220338983 0.13135593220338984 0.8877118644067796 0.1292372881355932 0.8898305084745762 0.1228813559322034 0.8961864406779662 0.11652542372881355 0.8961864406779662 0.11440677966101695 0.902542372881356 0.10805084745762712 0.902542372881356 0.1059322033898305 0.913135593220339 0.09533898305084745 0.9152542372881356 0.09533898305084745 0.9194915254237288 0.09110169491525423 0.9194915254237288 0.08898305084745763 0.9258474576271186 0.0826271186440678 0.9258474576271186 0.08050847457627118 0.9300847457627118 0.07627118644067797 0.9300847457627118 0.07415254237288135 0.9322033898305084 0.07203389830508475 0.9322033898305084 0.0635593220338983 0.934322033898305 0.0614406779661017 0.934322033898305 0.05084745762711865 0.9385593220338984 0.046610169491525424 0.940677966101695 0.046610169491525424
1 0.9978813559322034 0.0423728813559322 0.9915254237288136 0.0423728813559322 0.9851694915254238 0.048728813559322036 0.9830508474576272 0.048728813559322036 0.9809322033898306 0.05084745762711865 0.9788135593220338 0.05084745762711865 0.972457627118644 0.05508474576271186 0.9682203389830508 0.05508474576271186 0.9661016949152542 0.057203389830508475 0.961864406779661 0.057203389830508475 0.9555084745762712 0.0614406779661017 0.9555084745762712 0.0635593220338983 0.951271186440678 0.06779661016949153 0.951271186440678 0.06991525423728813 0.9491525423728814 0.07203389830508475 0.9491525423728814 0.08050847457627118 0.9470338983050848 0.0826271186440678 0.9470338983050848 0.08686440677966102 0.9449152542372882 0.08898305084745763 0.9449152542372882 0.09110169491525423 0.940677966101695 0.09533898305084745 0.9385593220338984 0.09533898305084745 0.934322033898305 0.09957627118644068 0.9322033898305084 0.09957627118644068 0.9258474576271186 0.1059322033898305 0.923728813559322 0.1059322033898305 0.9173728813559322 0.11228813559322035 0.9152542372881356 0.11228813559322035 0.9046610169491526 0.1228813559322034 0.9046610169491526 0.125 0.9004237288135594 0.13135593220338984 0.9004237288135594 0.13559322033898305 0.8983050847457628 0.13771186440677965 0.8983050847457628 0.1419491525423729 0.8961864406779662 0.1440677966101695 0.8961864406779662 0.1461864406779661 0.8919491525423728 0.1504237288135593 0.8919491525423728 0.15254237288135594 0.8877118644067796 0.15889830508474576 0.8877118644067796 0.18008474576271186 0.885593220338983 0.18220338983050846 0.885593220338983 0.1864406779661017 0.8728813559322034 0.19915254237288135 0.8728813559322034 0.20127118644067796 0.8622881355932204 0.211864406779661 0.8622881355932204 0.21398305084745764 0.8580508474576272 0.22033898305084745 0.8580508474576272 0.2245762711864407 0.8559322033898306 0.2266949152542373 0.8559322033898306 0.2288135593220339 0.8538135593220338 0.2309322033898305 0.8516949152542372 0.2309322033898305 0.8347457627118644 0.2478813559322034 0.8326271186440678 0.2478813559322034 0.8305084745762712 0.25 0.8241525423728814 0.25 0.8220338983050848 0.2521186440677966 0.8199152542372882 0.2521186440677966 0.8177966101694916 0.2542372881355932 0.815677966101695 0.2542372881355932 0.8135593220338984 0.2563559322033898 0.8114406779661016 0.2563559322033898 0.8114406779661016 0.2584745762711864 0.8050847457627118 0.2648305084745763 0.8050847457627118 0.2711864406779661 0.8029661016949152 0.2733050847457627 0.8029661016949152 0.2775423728813559 0.8008474576271186 0.2796610169491525 0.8008474576271186 0.2838983050847458 0.798728813559322 0.2860169491525424 0.798728813559322 0.288135593220339 0.7966101694915254 0.2902542372881356 0.7966101694915254 0.2923728813559322 0.7944915254237288 0.2944915254237288 0.7944915254237288 0.2966101694915254 0.788135593220339 0.3029661016949153 0.788135593220339 0.3050847457627119 0.7838983050847458 0.3093220338983051 0.7838983050847458 0.3114406779661017 0.7796610169491526 0.3156779661016949 0.7796610169491526 0.3177966101694915 0.7690677966101694 0.3283898305084746 0.7690677966101694 0.3305084745762712 0.7669491525423728 0.3326271186440678 0.7669491525423728 0.3347457627118644 0.7584745762711864 0.3432203389830508 0.7584745762711864 0.3453389830508475 0.75 0.3538135593220339 0.75 0.3559322033898305 0.7457627118644068 0.3601694915254237 0.7457627118644068 0.3622881355932203 0.7245762711864406 0.3834745762711864 0.722457627118644 0.3834745762711864 0.7182203389830508 0.3877118644067797 0.7161016949152542 0.3877118644067797 0.711864406779661 0.3919491525423729 0.7097457627118644 0.3919491525423729 0.7076271186440678 0.3940677966101695 0.7055084745762712 0.3940677966101695 0.7033898305084746 0.3961864406779661 0.701271186440678 0.3961864406779661 0.6991525423728814 0.3983050847457627 0.6970338983050848 0.3983050847457627 0.6949152542372882 0.4004237288135593 0.6927966101694916 0.4004237288135593 0.690677966101695 0.4025423728813559 0.6885593220338984 0.4025423728813559 0.6800847457627118 0.4110169491525424 0.6800847457627118 0.413135593220339 0.6779661016949152 0.4152542372881356 0.6779661016949152 0.4279661016949153 0.7457627118644068 0.4279661016949153 0.7478813559322034 0.4258474576271186 0.8050847457627118 0.4258474576271186 0.8072033898305084 0.423728813559322 0.826271186440678 0.423728813559322 0.8283898305084746 0.4216101694915254 0.8305084745762712 0.4216101694915254 0.8326271186440678 0.423728813559322 0.9152542372881356 0.423728813559322 0.9173728813559322 0.4258474576271186 0.9300847457627118 0.4258474576271186 0.9322033898305084 0.423728813559322 0.9978813559322034 0.423728813559322
2 0.9978813559322034 0 0.9809322033898306 0 0.9745762711864406 0.00847457627118644 0.9682203389830508 0.03389830508474576 0.9639830508474576 0.038135593220338986 0.951271186440678 0.038135593220338986 0.9364406779661016 0.05084745762711865 0.9364406779661016 0.0614406779661017 0.9322033898305084 0.07627118644067797 0.9216101694915254 0.09110169491525423 0.9046610169491526 0.1059322033898305 0.8919491525423728 0.1228813559322034 0.8877118644067796 0.13347457627118645 0.8707627118644068 0.15254237288135594 0.8707627118644068 0.15889830508474576 0.875 0.1673728813559322 0.875 0.17796610169491525 0.8516949152542372 0.21822033898305085 0.8389830508474576 0.2309322033898305 0.8220338983050848 0.23516949152542374 0.815677966101695 0.23940677966101695 0.809322033898305 0.23940677966101695 0.7966101694915254 0.2478813559322034 0.7860169491525424 0.2902542372881356 0.7648305084745762 0.3220338983050847 0.7478813559322034 0.3347457627118644 0.7266949152542372 0.3580508474576271 0.7182203389830508 0.3622881355932203 0.701271186440678 0.3792372881355932 0.6822033898305084 0.3877118644067797 0.6716101694915254 0.4004237288135593 0.6652542372881356 0.413135593220339 0.663135593220339 0.423728813559322 0.6588983050847458 0.4279661016949153 0.6546610169491526 0.4279661016949153 0.6504237288135594 0.4343220338983051 0.6419491525423728 0.4343220338983051 0.6207627118644068 0.4427966101694915 0.6101694915254238 0.4576271186440678 0.6080508474576272 0.4724576271186441 0.576271186440678 0.5021186440677966 0.5677966101694916 0.5021186440677966 0.5572033898305084 0.4957627118644068 0.538135593220339 0.4957627118644068 0.5338983050847458 0.4978813559322034 0.5296610169491526 0.5084745762711864 0.5338983050847458 0.5084745762711864 0.5423728813559322 0.5169491525423728 0.5402542372881356 0.527542372881356 0.527542372881356 0.5402542372881356 0.4978813559322034 0.5423728813559322 0.4894067796610169 0.5508474576271186 0.4872881355932203 0.559322033898305 0.4745762711864407 0.5783898305084746 0.4576271186440678 0.5889830508474576 0.4300847457627119 0.6165254237288136 0.4173728813559322 0.625 0.413135593220339 0.625 0.4025423728813559 0.6334745762711864 0.3728813559322034 0.6673728813559322 0.3686440677966102 0.6694915254237288 0.3580508474576271 0.6694915254237288 0.3559322033898305 0.6673728813559322 0.3326271186440678 0.6694915254237288 0.3114406779661017 0.6885593220338984 0.298728813559322 0.6949152542372882 0.2690677966101695 0.7288135593220338 0.2542372881355932 0.7351694915254238 0.2478813559322034 0.7351694915254238 0.23516949152542374 0.7457627118644068 0.2266949152542373 0.760593220338983 0.2097457627118644 0.777542372881356 0.20127118644067796 0.8008474576271186 0.19491525423728814 0.8072033898305084 0.1843220338983051 0.826271186440678 0.16101694915254236 0.8495762711864406 0.1461864406779661 0.8601694915254238 0.13135593220338984 0.8813559322033898 0.11652542372881355 0.8961864406779662 0.09957627118644068 0.9004237288135594 0.05508474576271186 0.9491525423728814 0.036016949152542374 0.9533898305084746 0.023305084745762712 0.9639830508474576 0.012711864406779662 0.9661016949152542 0.006355932203389831 0.9766949152542372 0 0.9809322033898306 0 0.9978813559322034 0.01694915254237288 0.9978813559322034 0.02754237288135593 0.9872881355932204 0.04025423728813559 0.9809322033898306 0.046610169491525424 0.9745762711864406 0.05084745762711865 0.9745762711864406 0.08050847457627118 0.9597457627118644 0.09957627118644068 0.9385593220338984 0.1059322033898305 0.9258474576271186 0.1271186440677966 0.9067796610169492 0.1419491525423729 0.8983050847457628 0.13983050847457626 0.8961864406779662 0.15466101694915255 0.8813559322033898 0.18220338983050846 0.8411016949152542 0.2033898305084746 0.8241525423728814 0.21822033898305085 0.798728813559322 0.21822033898305085 0.7944915254237288 0.2330508474576271 0.7627118644067796 0.23940677966101695 0.7563559322033898 0.25 0.75 0.2690677966101695 0.7478813559322034 0.2817796610169492 0.7415254237288136 0.2902542372881356 0.7330508474576272 0.298728813559322 0.7182203389830508 0.3114406779661017 0.7076271186440678 0.3326271186440678 0.6822033898305084 0.3411016949152542 0.6800847457627118 0.3516949152542373 0.684322033898305 0.3707627118644068 0.684322033898305 0.3919491525423729 0.673728813559322 0.3940677966101695 0.6673728813559322 0.4279661016949153 0.6313559322033898 0.4300847457627119 0.625 0.4533898305084746 0.6016949152542372 0.4639830508474576 0.597457627118644 0.4872881355932203 0.5805084745762712 0.5021186440677966 0.5550847457627118 0.5338983050847458 0.5508474576271186 0.5423728813559322 0.5466101694915254 0.5614406779661016 0.5254237288135594 0.5720338983050848 0.5211864406779662 0.5826271186440678 0.5211864406779662 0.5911016949152542 0.5169491525423728 0.5995762711864406 0.5084745762711864 0.6038135593220338 0.5084745762711864 0.6334745762711864 0.4809322033898305 0.6313559322033898 0.4682203389830508 0.6398305084745762 0.4597457627118644 0.6483050847457628 0.4597457627118644 0.6673728813559322 0.451271186440678 0.6716101694915254 0.4470338983050847 0.673728813559322 0.4364406779661017 0.6779661016949152 0.4300847457627119 0.6758474576271186 0.4279661016949153 0.6779661016949152 0.4110169491525424 0.6885593220338984 0.4004237288135593 0.7245762711864406 0.3813559322033898 0.7436440677966102 0.3622881355932203 0.7478813559322034 0.3538135593220339 0.7648305084745762 0.3347457627118644 0.7669491525423728 0.3283898305084746 0.777542372881356 0.3177966101694915 0.7923728813559322 0.2966101694915254 0.798728813559322 0.2838983050847458 0.8029661016949152 0.2648305084745763 0.809322033898305 0.2563559322033898 0.8241525423728814 0.2478813559322034 0.8347457627118644 0.2457627118644068 0.8538135593220338 0.2288135593220339 0.8601694915254238 0.211864406779661 0.8834745762711864 0.1864406779661017 0.885593220338983 0.18008474576271186 0.885593220338983 0.15889830508474576 0.8961864406779662 0.1419491525423729 0.902542372881356 0.1228813559322034 0.9152542372881356 0.11016949152542373 0.9427966101694916 0.09110169491525423 0.9470338983050848 0.08050847457627118 0.9470338983050848 0.07203389830508475 0.9576271186440678 0.057203389830508475 0.972457627118644 0.05296610169491525 0.9851694915254238 0.046610169491525424 0.9915254237288136 0.04025423728813559 0.9978813559322034 0.014830508474576272