0 0.9959839357429718 0.5220883534136547 0.9919678714859438 0.5180722891566265 0.9759036144578314 0.5180722891566265 0.9718875502008032 0.5220883534136547 0.963855421686747 0.5220883534136547 0.9598393574297188 0.5261044176706827 0.9518072289156626 0.5261044176706827 0.9477911646586346 0.5301204819277109 0.927710843373494 0.5301204819277109 0.9236947791164659 0.5341365461847389 0.9156626506024096 0.5341365461847389 0.9116465863453815 0.5381526104417671 0.8875502008032129 0.5381526104417671 0.8835341365461847 0.5421686746987951 0.8433734939759037 0.5421686746987951 0.8393574297188755 0.5461847389558233 0.8313253012048193 0.5461847389558233 0.8273092369477911 0.5502008032128514 0.8192771084337349 0.5502008032128514 0.8152610441767069 0.5542168674698795 0.8072289156626506 0.5542168674698795 0.8032128514056225 0.5582329317269076 0.7751004016064257 0.5582329317269076 0.7710843373493976 0.5622489959839357 0.7630522088353414 0.5622489959839357 0.7590361445783133 0.5662650602409639 0.7469879518072289 0.5662650602409639 0.7429718875502008 0.570281124497992 0.7309236947791165 0.570281124497992 0.7269076305220884 0.5742971887550201 0.714859437751004 0.5742971887550201 0.7108433734939759 0.5783132530120482 0.7068273092369478 0.5742971887550201 0.7028112449799196 0.5783132530120482 0.6947791164658634 0.5783132530120482 0.6907630522088354 0.5823293172690763 0.6867469879518072 0.5823293172690763 0.6827309236947792 0.5863453815261044 0.678714859437751 0.5863453815261044 0.6746987951807228 0.5903614457831325 0.6706827309236948 0.5863453815261044 0.6666666666666666 0.5903614457831325 0.6465863453815262 0.5903614457831325 0.642570281124498 0.5863453815261044 0.6385542168674698 0.5903614457831325 0.6345381526104418 0.5903614457831325 0.6305220883534136 0.5863453815261044 0.6224899598393574 0.5863453815261044 0.6184738955823293 0.5903614457831325 0.6144578313253012 0.5903614457831325 0.6104417670682731 0.5943775100401606 0.6024096385542169 0.5943775100401606 0.5903614457831325 0.606425702811245 0.5863453815261044 0.606425702811245 0.5783132530120482 0.6144578313253012 0.5783132530120482 0.6184738955823293 0.570281124497992 0.6265060240963856 0.5662650602409639 0.6265060240963856 0.5582329317269076 0.6345381526104418 0.5582329317269076 0.642570281124498 0.5542168674698795 0.6465863453815262 0.5542168674698795 0.6506024096385542 0.5502008032128514 0.6546184738955824 0.5502008032128514 0.6586345381526104 0.5461847389558233 0.6626506024096386 0.5461847389558233 0.6666666666666666 0.5502008032128514 0.6706827309236948 0.5542168674698795 0.6706827309236948 0.5582329317269076 0.6746987951807228 0.5542168674698795 0.678714859437751 0.5542168674698795 0.6907630522088354 0.5582329317269076 0.6947791164658634 0.5582329317269076 0.7028112449799196 0.5542168674698795 0.7068273092369478 0.5542168674698795 0.7188755020080321 0.5582329317269076 0.7228915662650602 0.5582329317269076 0.7269076305220884 0.5622489959839357 0.7309236947791165 0.5622489959839357 0.7590361445783133 0.5582329317269076 0.7630522088353414 0.5582329317269076 0.7670682730923695 0.5622489959839357 0.7710843373493976 0.5622489959839357 0.7791164658634538 0.5582329317269076 0.7831325301204819 0.5582329317269076 0.7951807228915663 0.5622489959839357 0.7991967871485943 0.5622489959839357 0.8032128514056225 0.5582329317269076 0.8072289156626506 0.5582329317269076 0.8152610441767069 0.5542168674698795 0.8192771084337349 0.5542168674698795 0.8232931726907631 0.5502008032128514 0.8273092369477911 0.5582329317269076 0.8353413654618473 0.5622489959839357 0.8353413654618473 0.5662650602409639 0.8393574297188755 0.5863453815261044 0.8393574297188755 0.5903614457831325 0.8353413654618473 0.606425702811245 0.8353413654618473 0.6104417670682731 0.8313253012048193 0.6265060240963856 0.8313253012048193 0.6305220883534136 0.8273092369477911 0.6586345381526104 0.8273092369477911 0.6626506024096386 0.8232931726907631 0.6706827309236948 0.8232931726907631 0.6746987951807228 0.8192771084337349 0.6947791164658634 0.8192771084337349 0.6987951807228916 0.8152610441767069 0.7550200803212851 0.8152610441767069 0.7590361445783133 0.8112449799196787 0.7630522088353414 0.8112449799196787 0.7670682730923695 0.8072289156626506 0.7751004016064257 0.8072289156626506 0.7791164658634538 0.8032128514056225 0.7831325301204819 0.8032128514056225 0.7871485943775101 0.7991967871485943 0.7951807228915663 0.7991967871485943 0.7991967871485943 0.7951807228915663 0.8112449799196787 0.7951807228915663 0.8152610441767069 0.7911646586345381 0.8433734939759037 0.7911646586345381 0.8473895582329317 0.7871485943775101 0.8594377510040161 0.7871485943775101 0.8634538152610441 0.7831325301204819 0.8755020080321285 0.7831325301204819 0.8795180722891566 0.7791164658634538 0.891566265060241 0.7791164658634538 0.8955823293172691 0.7751004016064257 0.9116465863453815 0.7751004016064257 0.9156626506024096 0.7710843373493976 0.9317269076305221 0.7710843373493976 0.9357429718875502 0.7670682730923695 0.963855421686747 0.7670682730923695 0.9718875502008032 0.7590361445783133 0.9799196787148594 0.7590361445783133 0.9839357429718876 0.7550200803212851 0.9959839357429718 0.7550200803212851
0 0.40963855421686746 0.09236947791164658 0.40160642570281124 0.09236947791164658 0.39759036144578314 0.0963855421686747 0.39357429718875503 0.0963855421686747 0.3895582329317269 0.10040160642570281 0.3855421686746988 0.0963855421686747 0.3815261044176707 0.0963855421686747 0.37751004016064255 0.10040160642570281 0.3654618473895582 0.10040160642570281 0.3614457831325301 0.10441767068273092 0.3493975903614458 0.10441767068273092 0.3453815261044177 0.10843373493975904 0.2891566265060241 0.10843373493975904 0.285140562248996 0.11244979919678715 0.28112449799196787 0.10843373493975904 0.27309236947791166 0.10843373493975904 0.26907630522088355 0.10441767068273092 0.26506024096385544 0.10843373493975904 0.26104417670682734 0.10843373493975904 0.2570281124497992 0.11244979919678715 0.25301204819277107 0.10843373493975904 0.24899598393574296 0.11244979919678715 0.24497991967871485 0.11244979919678715 0.24096385542168675 0.11646586345381527 0.20883534136546184 0.11646586345381527 0.20481927710843373 0.12048192771084337 0.20080321285140562 0.12048192771084337 0.19678714859437751 0.11646586345381527 0.18875502008032127 0.11646586345381527 0.18473895582329317 0.11244979919678715 0.17269076305220885 0.11244979919678715 0.1686746987951807 0.10843373493975904 0.1646586345381526 0.11244979919678715 0.14859437751004015 0.11244979919678715 0.14457831325301204 0.10843373493975904 0.13253012048192772 0.10843373493975904 0.1285140562248996 0.11244979919678715 0.12048192771084337 0.11244979919678715 0.11646586345381527 0.11646586345381527 0.11244979919678715 0.11646586345381527 0.10843373493975904 0.12048192771084337 0.08032128514056225 0.12048192771084337 0.07228915662650602 0.1285140562248996 0.05622489959839357 0.11244979919678715 0.012048192771084338 0.11244979919678715 0.008032128514056224 0.11646586345381527 0 0.11646586345381527 0 0.3333333333333333 0.040160642570281124 0.3333333333333333 0.04417670682730924 0.3293172690763052 0.060240963855421686 0.3293172690763052 0.0642570281124498 0.3253012048192771 0.08032128514056225 0.3253012048192771 0.08433734939759036 0.321285140562249 0.11244979919678715 0.321285140562249 0.11646586345381527 0.3253012048192771 0.12048192771084337 0.321285140562249 0.13253012048192772 0.321285140562249 0.13654618473895583 0.3172690763052209 0.15261044176706828 0.3172690763052209 0.1566265060240964 0.3132530120481928 0.18072289156626506 0.3132530120481928 0.18473895582329317 0.3092369477911647 0.20481927710843373 0.3092369477911647 0.20883534136546184 0.30522088353413657 0.2248995983935743 0.30522088353413657 0.2289156626506024 0.30120481927710846 0.25301204819277107 0.30120481927710846 0.2570281124497992 0.2971887550200803 0.285140562248996 0.2971887550200803 0.2891566265060241 0.2931726907630522 0.3413654618473896 0.2931726907630522 0.3453815261044177 0.2891566265060241 0.37349397590361444 0.2891566265060241 0.37751004016064255 0.285140562248996 0.39759036144578314 0.285140562248996 0.40160642570281124 0.28112449799196787 0.41365461847389556 0.28112449799196787 0.41767068273092367 0.27710843373493976 0.42971887550200805 0.27710843373493976 0.43373493975903615 0.27309236947791166 0.43373493975903615 0.26104417670682734 0.42971887550200805 0.2570281124497992 0.43373493975903615 0.25301204819277107 0.42971887550200805 0.24899598393574296 0.42971887550200805 0.20883534136546184 0.43373493975903615 0.20481927710843373 0.43373493975903615 0.17269076305220885 0.42971887550200805 0.1686746987951807 0.42971887550200805 0.14859437751004015 0.42570281124497994 0.14457831325301204 0.42570281124497994 0.14056224899598393 0.42168674698795183 0.13654618473895583 0.42168674698795183 0.1285140562248996 0.41767068273092367 0.12449799196787148 0.41767068273092367 0.12048192771084337 0.41365461847389556 0.11646586345381527 0.41365461847389556 0.10441767068273092 0.40963855421686746 0.10040160642570281
0 0.8835341365461847 0.9518072289156626 0.8795180722891566 0.9477911646586346 0.8795180722891566 0.9236947791164659 0.8755020080321285 0.9196787148594378 0.8755020080321285 0.8995983935742972 0.8714859437751004 0.8955823293172691 0.8714859437751004 0.8835341365461847 0.8674698795180723 0.8795180722891566 0.8674698795180723 0.8714859437751004 0.8634538152610441 0.8674698795180723 0.8554216867469879 0.8674698795180723 0.8514056224899599 0.8714859437751004 0.8473895582329317 0.8714859437751004 0.8433734939759037 0.8755020080321285 0.8353413654618473 0.8755020080321285 0.8393574297188755 0.8755020080321285 0.8433734939759037 0.8795180722891566 0.8393574297188755 0.8835341365461847 0.8313253012048193 0.8835341365461847 0.8273092369477911 0.8795180722891566 0.8152610441767069 0.891566265060241 0.8112449799196787 0.8875502008032129 0.8032128514056225 0.8875502008032129 0.7991967871485943 0.891566265060241 0.7911646586345381 0.891566265060241 0.7871485943775101 0.8955823293172691 0.7831325301204819 0.8955823293172691 0.7791164658634538 0.8995983935742972 0.7751004016064257 0.8995983935742972 0.7710843373493976 0.8955823293172691 0.7670682730923695 0.8995983935742972 0.7630522088353414 0.8955823293172691 0.7469879518072289 0.8955823293172691 0.7429718875502008 0.8995983935742972 0.7389558232931727 0.8995983935742972 0.7309236947791165 0.9076305220883534 0.7269076305220884 0.9036144578313253 0.7269076305220884 0.8995983935742972 0.7228915662650602 0.9036144578313253 0.7188755020080321 0.9036144578313253 0.714859437751004 0.9076305220883534 0.6907630522088354 0.9076305220883534 0.6867469879518072 0.9116465863453815 0.6706827309236948 0.9116465863453815 0.6666666666666666 0.9156626506024096 0.6626506024096386 0.9156626506024096 0.6546184738955824 0.9236947791164659 0.6506024096385542 0.9236947791164659 0.6465863453815262 0.927710843373494 0.642570281124498 0.927710843373494 0.642570281124498 0.9317269076305221 0.6345381526104418 0.9397590361445783 0.6305220883534136 0.9397590361445783 0.6224899598393574 0.9317269076305221 0.6144578313253012 0.9397590361445783 0.6104417670682731 0.9397590361445783 0.606425702811245 0.9437751004016064 0.5943775100401606 0.9437751004016064 0.5823293172690763 0.9558232931726908 0.5742971887550201 0.9558232931726908 0.570281124497992 0.9518072289156626 0.5502008032128514 0.9518072289156626 0.5461847389558233 0.9558232931726908 0.5421686746987951 0.9558232931726908 0.5381526104417671 0.9518072289156626 0.5301204819277109 0.9598393574297188 0.5220883534136547 0.9598393574297188 0.5180722891566265 0.9558232931726908 0.5100401606425703 0.9558232931726908 0.5060240963855421 0.9518072289156626 0.4939759036144578 0.9518072289156626 0.4899598393574297 0.9558232931726908 0.43373493975903615 0.9558232931726908 0.42971887550200805 0.9598393574297188 0.41365461847389556 0.9598393574297188 0.40963855421686746 0.963855421686747 0.40562248995983935 0.963855421686747 0.40160642570281124 0.9678714859437751 0.39357429718875503 0.9678714859437751 0.3895582329317269 0.9718875502008032 0.37751004016064255 0.9718875502008032 0.37349397590361444 0.9759036144578314 0.3614457831325301 0.9759036144578314 0.357429718875502 0.9799196787148594 0.3453815261044177 0.9799196787148594 0.3413654618473896 0.9839357429718876 0.3293172690763052 0.9839357429718876 0.3253012048192771 0.9879518072289156 0.3132530120481928 0.9879518072289156 0.3092369477911647 0.9919678714859438 0.2971887550200803 0.9919678714859438 0.2931726907630522 0.9959839357429718 0.26506024096385544 0.9959839357429718 0.8795180722891566 0.9959839357429718 0.8795180722891566 0.9598393574297188 0.8835341365461847 0.9558232931726908
0 0.9959839357429718 0.26104417670682734 0.9879518072289156 0.26104417670682734 0.9839357429718876 0.26506024096385544 0.9598393574297188 0.26506024096385544 0.9558232931726908 0.26907630522088355 0.927710843373494 0.26907630522088355 0.9236947791164659 0.27309236947791166 0.8955823293172691 0.27309236947791166 0.891566265060241 0.27710843373493976 0.8795180722891566 0.27710843373493976 0.8755020080321285 0.28112449799196787 0.8755020080321285 0.30522088353413657 0.8795180722891566 0.3092369477911647 0.8755020080321285 0.3132530120481928 0.8795180722891566 0.3172690763052209 0.8795180722891566 0.3493975903614458 0.8835341365461847 0.3534136546184739 0.8835341365461847 0.37349397590361444 0.8875502008032129 0.37751004016064255 0.8875502008032129 0.3895582329317269 0.891566265060241 0.39357429718875503 0.891566265060241 0.42570281124497994 0.8955823293172691 0.42971887550200805 0.8955823293172691 0.4457831325301205 0.8995983935742972 0.4497991967871486 0.8995983935742972 0.4738955823293173 0.9036144578313253 0.4779116465863454 0.9036144578313253 0.4859437751004016 0.9317269076305221 0.4859437751004016 0.9357429718875502 0.4819277108433735 0.9598393574297188 0.4819277108433735 0.963855421686747 0.4779116465863454 0.9799196787148594 0.4779116465863454 0.9839357429718876 0.4738955823293173 0.9959839357429718 0.4738955823293173
0 0.06827309236947791 0.03614457831325301 0.14859437751004015 0.03614457831325301 0.15261044176706828 0.0321285140562249 0.1927710843373494 0.0321285140562249 0.19678714859437751 0.028112449799196786 0.20080321285140562 0.0321285140562249 0.23694779116465864 0.0321285140562249 0.24096385542168675 0.028112449799196786 0.26907630522088355 0.028112449799196786 0.27309236947791166 0.024096385542168676 0.2971887550200803 0.024096385542168676 0.30120481927710846 0.020080321285140562 0.3654618473895582 0.020080321285140562 0.36947791164658633 0.01606425702811245 0.3815261044176707 0.01606425702811245 0.3855421686746988 0.012048192771084338 0.4538152610441767 0.012048192771084338 0.4578313253012048 0.008032128514056224 0.4779116465863454 0.008032128514056224 0.4819277108433735 0.004016064257028112 0.5060240963855421 0.004016064257028112 0.5100401606425703 0 0.5903614457831325 0 0.08433734939759036 0 0.08433734939759036 0.004016064257028112 0.08835341365461848 0.008032128514056224 0.08835341365461848 0.012048192771084338 0.08433734939759036 0.01606425702811245 0.08032128514056225 0.01606425702811245 0.07630522088353414 0.020080321285140562 0.07630522088353414 0.028112449799196786
0 0.9959839357429718 0.8273092369477911 0.9759036144578314 0.8273092369477911 0.9718875502008032 0.8313253012048193 0.963855421686747 0.8313253012048193 0.9598393574297188 0.8353413654618473 0.9558232931726908 0.8353413654618473 0.9518072289156626 0.8393574297188755 0.9357429718875502 0.8393574297188755 0.9317269076305221 0.8433734939759037 0.9317269076305221 0.8634538152610441 0.9357429718875502 0.8674698795180723 0.9357429718875502 0.9477911646586346 0.9397590361445783 0.9518072289156626 0.9397590361445783 0.963855421686747 0.9437751004016064 0.9678714859437751 0.9437751004016064 0.9799196787148594 0.9477911646586346 0.9839357429718876 0.9477911646586346 0.9959839357429718 0.9959839357429718 0.9959839357429718
1 0.8152610441767069 0.285140562248996 0.8112449799196787 0.28112449799196787 0.7991967871485943 0.28112449799196787 0.7951807228915663 0.285140562248996 0.7751004016064257 0.285140562248996 0.7710843373493976 0.2891566265060241 0.7670682730923695 0.2891566265060241 0.7630522088353414 0.2931726907630522 0.7630522088353414 0.30120481927710846 0.7590361445783133 0.30522088353413657 0.7550200803212851 0.30522088353413657 0.751004016064257 0.30120481927710846 0.7108433734939759 0.30120481927710846 0.7068273092369478 0.30522088353413657 0.6947791164658634 0.30522088353413657 0.6907630522088354 0.3092369477911647 0.6867469879518072 0.30522088353413657 0.6827309236947792 0.3092369477911647 0.6666666666666666 0.3092369477911647 0.6586345381526104 0.3172690763052209 0.6345381526104418 0.3172690763052209 0.6305220883534136 0.321285140562249 0.5943775100401606 0.321285140562249 0.5903614457831325 0.3172690763052209 0.5823293172690763 0.3172690763052209 0.5783132530120482 0.3132530120481928 0.5742971887550201 0.3172690763052209 0.5582329317269076 0.3172690763052209 0.5582329317269076 0.3253012048192771 0.5542168674698795 0.3293172690763052 0.5502008032128514 0.3293172690763052 0.5461847389558233 0.3253012048192771 0.5461847389558233 0.321285140562249 0.5381526104417671 0.321285140562249 0.5301204819277109 0.3293172690763052 0.5261044176706827 0.3293172690763052 0.5220883534136547 0.3333333333333333 0.5020080321285141 0.3333333333333333 0.4979919678714859 0.3373493975903614 0.4939759036144578 0.3373493975903614 0.4899598393574297 0.3413654618473896 0.4819277108433735 0.3413654618473896 0.4779116465863454 0.3453815261044177 0.4738955823293173 0.3453815261044177 0.46987951807228917 0.3413654618473896 0.46586345381526106 0.3413654618473896 0.46184738955823296 0.3453815261044177 0.4457831325301205 0.3453815261044177 0.44176706827309237 0.3493975903614458 0.40160642570281124 0.3493975903614458 0.39357429718875503 0.357429718875502 0.3895582329317269 0.357429718875502 0.3855421686746988 0.3614457831325301 0.3855421686746988 0.3654618473895582 0.3654618473895582 0.3855421686746988 0.3614457831325301 0.3855421686746988 0.3534136546184739 0.39357429718875503 0.3534136546184739 0.40562248995983935 0.3413654618473896 0.41767068273092367 0.3413654618473896 0.42168674698795183 0.3373493975903614 0.42570281124497994 0.3373493975903614 0.42971887550200805 0.3333333333333333 0.43373493975903615 0.3333333333333333 0.43775100401606426 0.3293172690763052 0.44176706827309237 0.321285140562249 0.44176706827309237 0.3172690763052209 0.4457831325301205 0.3172690763052209 0.4538152610441767 0.3132530120481928 0.4578313253012048 0.3132530120481928 0.4738955823293173 0.2971887550200803 0.4899598393574297 0.2931726907630522 0.4899598393574297 0.2891566265060241 0.4939759036144578 0.285140562248996 0.4939759036144578 0.285140562248996 0.4979919678714859 0.26907630522088355 0.5140562248995983 0.26907630522088355 0.5180722891566265 0.25301204819277107 0.5341365461847389 0.25301204819277107 0.5381526104417671 0.24899598393574296 0.5421686746987951 0.24899598393574296 0.5461847389558233 0.24096385542168675 0.5542168674698795 0.24096385542168675 0.5582329317269076 0.23694779116465864 0.5622489959839357 0.23694779116465864 0.5662650602409639 0.2289156626506024 0.5742971887550201 0.2289156626506024 0.5783132530120482 0.2248995983935743 0.5823293172690763 0.22088353413654618 0.5823293172690763 0.21686746987951808 0.5863453815261044 0.21686746987951808 0.5903614457831325 0.20481927710843373 0.6024096385542169 0.20883534136546184 0.6024096385542169 0.21285140562248997 0.606425702811245 0.21686746987951808 0.606425702811245 0.2248995983935743 0.5983935742971888 0.24096385542168675 0.5983935742971888 0.24497991967871485 0.5943775100401606 0.26506024096385544 0.5943775100401606 0.28112449799196787 0.5783132530120482 0.2971887550200803 0.5783132530120482 0.30120481927710846 0.5742971887550201 0.3092369477911647 0.5742971887550201 0.3132530120481928 0.570281124497992 0.321285140562249 0.570281124497992 0.3253012048192771 0.5662650602409639 0.3373493975903614 0.5662650602409639 0.3413654618473896 0.5622489959839357 0.3534136546184739 0.5622489959839357 0.357429718875502 0.5582329317269076 0.3614457831325301 0.5622489959839357 0.37349397590361444 0.5622489959839357 0.37751004016064255 0.5582329317269076 0.41365461847389556 0.5582329317269076 0.41767068273092367 0.5542168674698795 0.42570281124497994 0.5542168674698795 0.42971887550200805 0.5502008032128514 0.4457831325301205 0.5502008032128514 0.4497991967871486 0.5461847389558233 0.46586345381526106 0.5461847389558233 0.46987951807228917 0.5421686746987951 0.4819277108433735 0.5421686746987951 0.4859437751004016 0.5381526104417671 0.4939759036144578 0.5381526104417671 0.4979919678714859 0.5341365461847389 0.5020080321285141 0.5381526104417671 0.5060240963855421 0.5341365461847389 0.5180722891566265 0.5341365461847389 0.5220883534136547 0.5301204819277109 0.5742971887550201 0.5301204819277109 0.5783132530120482 0.5261044176706827 0.5823293172690763 0.5301204819277109 0.5863453815261044 0.5261044176706827 0.5903614457831325 0.5261044176706827 0.5943775100401606 0.5220883534136547 0.6024096385542169 0.5220883534136547 0.606425702811245 0.5180722891566265 0.6144578313253012 0.5180722891566265 0.6184738955823293 0.5140562248995983 0.6385542168674698 0.5140562248995983 0.642570281124498 0.5100401606425703 0.6465863453815262 0.5100401606425703 0.6506024096385542 0.5140562248995983 0.6546184738955824 0.5100401606425703 0.6586345381526104 0.5100401606425703 0.6626506024096386 0.5060240963855421 0.6827309236947792 0.5060240963855421 0.6867469879518072 0.5020080321285141 0.6907630522088354 0.5020080321285141 0.6947791164658634 0.4979919678714859 0.7309236947791165 0.4979919678714859 0.7349397590361446 0.4939759036144578 0.7670682730923695 0.4939759036144578 0.7710843373493976 0.4899598393574297 0.7751004016064257 0.4899598393574297 0.7791164658634538 0.4859437751004016 0.7831325301204819 0.4899598393574297 0.7951807228915663 0.4899598393574297 0.7991967871485943 0.4859437751004016 0.8112449799196787 0.4859437751004016 0.8152610441767069 0.4819277108433735 0.8192771084337349 0.4819277108433735 0.8232931726907631 0.4859437751004016 0.8353413654618473 0.4859437751004016 0.8353413654618473 0.46987951807228917 0.8313253012048193 0.46586345381526106 0.8313253012048193 0.4457831325301205 0.8232931726907631 0.43775100401606426 0.8232931726907631 0.43373493975903615 0.8192771084337349 0.43373493975903615 0.8152610441767069 0.42971887550200805 0.8192771084337349 0.42570281124497994 0.8152610441767069 0.42168674698795183 0.8152610441767069 0.39357429718875503 0.8112449799196787 0.3895582329317269 0.8112449799196787 0.357429718875502 0.8072289156626506 0.3534136546184739 0.8072289156626506 0.3413654618473896 0.8112449799196787 0.3373493975903614 0.8112449799196787 0.3333333333333333 0.8152610441767069 0.3293172690763052 0.8152610441767069 0.3092369477911647 0.8112449799196787 0.30522088353413657 0.8112449799196787 0.2971887550200803 0.8152610441767069 0.2931726907630522
1 0.4497991967871486 0.6265060240963856 0.43775100401606426 0.6265060240963856 0.43373493975903615 0.6305220883534136 0.42570281124497994 0.6305220883534136 0.42168674698795183 0.6345381526104418 0.41365461847389556 0.6345381526104418 0.40963855421686746 0.6385542168674698 0.39357429718875503 0.6385542168674698 0.3895582329317269 0.642570281124498 0.37349397590361444 0.642570281124498 0.36947791164658633 0.6465863453815262 0.3493975903614458 0.6465863453815262 0.3453815261044177 0.6506024096385542 0.3253012048192771 0.6506024096385542 0.321285140562249 0.6546184738955824 0.2971887550200803 0.6546184738955824 0.2931726907630522 0.6586345381526104 0.27309236947791166 0.6586345381526104 0.26907630522088355 0.6626506024096386 0.2570281124497992 0.6626506024096386 0.25301204819277107 0.6666666666666666 0.24096385542168675 0.6666666666666666 0.23694779116465864 0.6706827309236948 0.21686746987951808 0.6706827309236948 0.21285140562248997 0.6746987951807228 0.20080321285140562 0.6746987951807228 0.19678714859437751 0.678714859437751 0.1606425702811245 0.678714859437751 0.1566265060240964 0.6827309236947792 0.15261044176706828 0.6827309236947792 0.14859437751004015 0.678714859437751 0.14056224899598393 0.6867469879518072 0.13654618473895583 0.6867469879518072 0.13253012048192772 0.6907630522088354 0.13253012048192772 0.6947791164658634 0.12449799196787148 0.7028112449799196 0.12449799196787148 0.7068273092369478 0.11646586345381527 0.714859437751004 0.11244979919678715 0.714859437751004 0.10040160642570281 0.7269076305220884 0.0963855421686747 0.7269076305220884 0.08032128514056225 0.7429718875502008 0.08032128514056225 0.7469879518072289 0.07630522088353414 0.751004016064257 0.07630522088353414 0.7550200803212851 0.060240963855421686 0.7710843373493976 0.05220883534136546 0.7710843373493976 0.040160642570281124 0.7831325301204819 0.040160642570281124 0.7871485943775101 0.03614457831325301 0.7911646586345381 0.040160642570281124 0.7951807228915663 0.040160642570281124 0.8032128514056225 0.03614457831325301 0.8072289156626506 0.03614457831325301 0.8393574297188755 0.0321285140562249 0.8433734939759037 0.0321285140562249 0.8514056224899599 0.03614457831325301 0.8554216867469879 0.03614457831325301 0.8594377510040161 0.040160642570281124 0.8634538152610441 0.040160642570281124 0.8755020080321285 0.04417670682730924 0.8795180722891566 0.04417670682730924 0.8835341365461847 0.040160642570281124 0.8875502008032129 0.040160642570281124 0.891566265060241 0.03614457831325301 0.8955823293172691 0.03614457831325301 0.9076305220883534 0.0321285140562249 0.9116465863453815 0.0321285140562249 0.9558232931726908 0.028112449799196786 0.9598393574297188 0.028112449799196786 0.9718875502008032 0.0321285140562249 0.9718875502008032 0.03614457831325301 0.9759036144578314 0.040160642570281124 0.9759036144578314 0.04417670682730924 0.9718875502008032 0.05622489959839357 0.9718875502008032 0.060240963855421686 0.9678714859437751 0.07228915662650602 0.9678714859437751 0.07630522088353414 0.963855421686747 0.08835341365461848 0.963855421686747 0.09236947791164658 0.9598393574297188 0.10040160642570281 0.9598393574297188 0.10441767068273092 0.9558232931726908 0.11646586345381527 0.9558232931726908 0.12048192771084337 0.9518072289156626 0.1285140562248996 0.9518072289156626 0.13253012048192772 0.9477911646586346 0.14457831325301204 0.9477911646586346 0.14859437751004015 0.9437751004016064 0.1606425702811245 0.9437751004016064 0.1646586345381526 0.9397590361445783 0.18072289156626506 0.9397590361445783 0.18473895582329317 0.9357429718875502 0.20481927710843373 0.9357429718875502 0.20883534136546184 0.9317269076305221 0.24096385542168675 0.9317269076305221 0.24497991967871485 0.927710843373494 0.26104417670682734 0.927710843373494 0.26506024096385544 0.9236947791164659 0.27309236947791166 0.9236947791164659 0.27710843373493976 0.9196787148594378 0.2891566265060241 0.9196787148594378 0.2931726907630522 0.9156626506024096 0.3092369477911647 0.9156626506024096 0.3132530120481928 0.9116465863453815 0.321285140562249 0.9116465863453815 0.3253012048192771 0.9076305220883534 0.3373493975903614 0.9076305220883534 0.3413654618473896 0.9036144578313253 0.357429718875502 0.9036144578313253 0.3614457831325301 0.8995983935742972 0.37751004016064255 0.8995983935742972 0.3815261044176707 0.8955823293172691 0.39759036144578314 0.8955823293172691 0.40160642570281124 0.891566265060241 0.40963855421686746 0.891566265060241 0.41365461847389556 0.8875502008032129 0.41767068273092367 0.8875502008032129 0.42570281124497994 0.8795180722891566 0.43373493975903615 0.8795180722891566 0.43775100401606426 0.8835341365461847 0.4538152610441767 0.8835341365461847 0.4578313253012048 0.8795180722891566 0.46184738955823296 0.8795180722891566 0.46586345381526106 0.8755020080321285 0.46586345381526106 0.8634538152610441 0.46987951807228917 0.8594377510040161 0.46987951807228917 0.8433734939759037 0.46586345381526106 0.8393574297188755 0.46586345381526106 0.8273092369477911 0.46184738955823296 0.8232931726907631 0.46184738955823296 0.8152610441767069 0.4578313253012048 0.8112449799196787 0.4578313253012048 0.7991967871485943 0.4538152610441767 0.7951807228915663 0.4538152610441767 0.7871485943775101 0.4497991967871486 0.7831325301204819 0.4497991967871486 0.7630522088353414 0.4457831325301205 0.7590361445783133 0.4457831325301205 0.7028112449799196 0.44176706827309237 0.6987951807228916 0.44176706827309237 0.6706827309236948 0.4457831325301205 0.6666666666666666 0.4457831325301205 0.6586345381526104 0.43373493975903615 0.6586345381526104 0.42971887550200805 0.6626506024096386 0.42168674698795183 0.6626506024096386 0.41767068273092367 0.6586345381526104 0.41767068273092367 0.6546184738955824 0.42168674698795183 0.6506024096385542 0.42971887550200805 0.6506024096385542 0.43373493975903615 0.6465863453815262 0.44176706827309237 0.6465863453815262 0.4457831325301205 0.642570281124498 0.4457831325301205 0.6305220883534136
1 0.9959839357429718 0.024096385542168676 0.9799196787148594 0.024096385542168676 0.9759036144578314 0.028112449799196786 0.9678714859437751 0.028112449799196786 0.963855421686747 0.024096385542168676 0.9558232931726908 0.024096385542168676 0.9518072289156626 0.028112449799196786 0.9397590361445783 0.028112449799196786 0.9357429718875502 0.0321285140562249 0.9317269076305221 0.0321285140562249 0.927710843373494 0.03614457831325301 0.9236947791164659 0.0321285140562249 0.9196787148594378 0.03614457831325301 0.8393574297188755 0.03614457831325301 0.8353413654618473 0.040160642570281124 0.8313253012048193 0.040160642570281124 0.8273092369477911 0.03614457831325301 0.8032128514056225 0.03614457831325301 0.7991967871485943 0.040160642570281124 0.7911646586345381 0.040160642570281124 0.7871485943775101 0.04417670682730924 0.7831325301204819 0.04417670682730924 0.7791164658634538 0.04819277108433735 0.7469879518072289 0.04819277108433735 0.7309236947791165 0.0642570281124498 0.7309236947791165 0.06827309236947791 0.7068273092369478 0.09236947791164658 0.7068273092369478 0.0963855421686747 0.6947791164658634 0.10843373493975904 0.6947791164658634 0.11244979919678715 0.6987951807228916 0.11646586345381527 0.6947791164658634 0.12048192771084337 0.6947791164658634 0.1285140562248996 0.678714859437751 0.14457831325301204 0.678714859437751 0.14859437751004015 0.6746987951807228 0.15261044176706828 0.6666666666666666 0.15261044176706828 0.6626506024096386 0.1566265060240964 0.6626506024096386 0.1606425702811245 0.6586345381526104 0.1646586345381526 0.6586345381526104 0.17269076305220885 0.6546184738955824 0.17670682730923695 0.6546184738955824 0.18473895582329317 0.6305220883534136 0.20883534136546184 0.6265060240963856 0.20883534136546184 0.6184738955823293 0.21686746987951808 0.6184738955823293 0.2248995983935743 0.6144578313253012 0.2289156626506024 0.6144578313253012 0.23293172690763053 0.606425702811245 0.24096385542168675 0.6144578313253012 0.23293172690763053 0.6224899598393574 0.23293172690763053 0.6265060240963856 0.2289156626506024 0.6305220883534136 0.2289156626506024 0.6345381526104418 0.23293172690763053 0.642570281124498 0.23293172690763053 0.6506024096385542 0.24096385542168675 0.6546184738955824 0.24096385542168675 0.6586345381526104 0.23694779116465864 0.6746987951807228 0.23694779116465864 0.678714859437751 0.23293172690763053 0.7028112449799196 0.23293172690763053 0.7108433734939759 0.2248995983935743 0.714859437751004 0.2248995983935743 0.7188755020080321 0.22088353413654618 0.7269076305220884 0.22088353413654618 0.7309236947791165 0.2248995983935743 0.7550200803212851 0.2248995983935743 0.7590361445783133 0.22088353413654618 0.7670682730923695 0.22088353413654618 0.7710843373493976 0.2248995983935743 0.8032128514056225 0.2248995983935743 0.8072289156626506 0.2289156626506024 0.8112449799196787 0.2248995983935743 0.8192771084337349 0.2248995983935743 0.8232931726907631 0.2289156626506024 0.8514056224899599 0.2289156626506024 0.8554216867469879 0.2248995983935743 0.8674698795180723 0.2248995983935743 0.8714859437751004 0.22088353413654618 0.8835341365461847 0.22088353413654618 0.8875502008032129 0.21686746987951808 0.9076305220883534 0.21686746987951808 0.9116465863453815 0.21285140562248997 0.9317269076305221 0.21285140562248997 0.9357429718875502 0.20883534136546184 0.9959839357429718 0.20883534136546184
1 0.357429718875502 0.3453815261044177 0.3453815261044177 0.3453815261044177 0.3413654618473896 0.3493975903614458 0.3333333333333333 0.3493975903614458 0.3293172690763052 0.3534136546184739 0.3092369477911647 0.3534136546184739 0.30522088353413657 0.357429718875502 0.2891566265060241 0.357429718875502 0.285140562248996 0.3614457831325301 0.26506024096385544 0.3614457831325301 0.26104417670682734 0.3654618473895582 0.23694779116465864 0.3654618473895582 0.23293172690763053 0.36947791164658633 0.20883534136546184 0.36947791164658633 0.20481927710843373 0.37349397590361444 0.17269076305220885 0.37349397590361444 0.1686746987951807 0.37751004016064255 0.13654618473895583 0.37751004016064255 0.13253012048192772 0.3815261044176707 0.10843373493975904 0.3815261044176707 0.10441767068273092 0.3855421686746988 0.10040160642570281 0.3815261044176707 0.08433734939759036 0.3815261044176707 0.08032128514056225 0.3855421686746988 0.060240963855421686 0.3855421686746988 0.05220883534136546 0.39357429718875503 0.05220883534136546 0.5100401606425703 0.04819277108433735 0.5140562248995983 0.04819277108433735 0.5502008032128514 0.04417670682730924 0.5542168674698795 0.04417670682730924 0.6104417670682731 0.04819277108433735 0.6144578313253012 0.04819277108433735 0.6305220883534136 0.060240963855421686 0.6305220883534136 0.0642570281124498 0.6265060240963856 0.08835341365461848 0.6265060240963856 0.09236947791164658 0.6224899598393574 0.12449799196787148 0.6224899598393574 0.1285140562248996 0.6184738955823293 0.14457831325301204 0.6184738955823293 0.14859437751004015 0.6144578313253012 0.1566265060240964 0.6144578313253012 0.1646586345381526 0.606425702811245 0.1646586345381526 0.6024096385542169 0.1686746987951807 0.5983935742971888 0.1686746987951807 0.5943775100401606 0.17670682730923695 0.5863453815261044 0.17670682730923695 0.5783132530120482 0.19678714859437751 0.5582329317269076 0.19678714859437751 0.5542168674698795 0.20883534136546184 0.5421686746987951 0.20883534136546184 0.5381526104417671 0.21285140562248997 0.5341365461847389 0.21285140562248997 0.5301204819277109 0.2289156626506024 0.5140562248995983 0.23293172690763053 0.5140562248995983 0.23293172690763053 0.5100401606425703 0.24899598393574296 0.4939759036144578 0.24899598393574296 0.4859437751004016 0.2570281124497992 0.4779116465863454 0.2570281124497992 0.4738955823293173 0.26104417670682734 0.46987951807228917 0.26506024096385544 0.46987951807228917 0.27710843373493976 0.4578313253012048 0.27710843373493976 0.4457831325301205 0.28112449799196787 0.44176706827309237 0.28112449799196787 0.43775100401606426 0.30120481927710846 0.41767068273092367 0.30522088353413657 0.41767068273092367 0.30522088353413657 0.41365461847389556 0.3132530120481928 0.40562248995983935 0.3132530120481928 0.39759036144578314 0.321285140562249 0.3895582329317269 0.321285140562249 0.37751004016064255 0.3253012048192771 0.37349397590361444 0.3253012048192771 0.36947791164658633 0.3373493975903614 0.357429718875502 0.3413654618473896 0.357429718875502 0.3453815261044177 0.3534136546184739 0.3493975903614458 0.3534136546184739
1 0.7108433734939759 0.04417670682730924 0.678714859437751 0.04417670682730924 0.6706827309236948 0.05220883534136546 0.6706827309236948 0.05622489959839357 0.6666666666666666 0.060240963855421686 0.6626506024096386 0.05622489959839357 0.6224899598393574 0.05622489959839357 0.6184738955823293 0.060240963855421686 0.606425702811245 0.060240963855421686 0.6024096385542169 0.0642570281124498 0.5943775100401606 0.0642570281124498 0.5903614457831325 0.06827309236947791 0.5863453815261044 0.0642570281124498 0.5823293172690763 0.06827309236947791 0.5421686746987951 0.06827309236947791 0.5381526104417671 0.0642570281124498 0.5341365461847389 0.0642570281124498 0.5301204819277109 0.060240963855421686 0.5060240963855421 0.060240963855421686 0.5020080321285141 0.0642570281124498 0.4899598393574297 0.0642570281124498 0.4899598393574297 0.08835341365461848 0.4939759036144578 0.09236947791164658 0.4939759036144578 0.13253012048192772 0.4899598393574297 0.13654618473895583 0.4899598393574297 0.1606425702811245 0.4939759036144578 0.1646586345381526 0.4939759036144578 0.18473895582329317 0.4979919678714859 0.18875502008032127 0.4979919678714859 0.20481927710843373 0.5020080321285141 0.20883534136546184 0.5020080321285141 0.21285140562248997 0.5060240963855421 0.21285140562248997 0.5100401606425703 0.21686746987951808 0.5100401606425703 0.2289156626506024 0.5220883534136547 0.24096385542168675 0.5261044176706827 0.24096385542168675 0.5341365461847389 0.24899598393574296 0.5381526104417671 0.24899598393574296 0.5421686746987951 0.24497991967871485 0.5461847389558233 0.24497991967871485 0.5542168674698795 0.23694779116465864 0.5582329317269076 0.23694779116465864 0.5662650602409639 0.24497991967871485 0.5662650602409639 0.24096385542168675 0.5742971887550201 0.23293172690763053 0.5742971887550201 0.2289156626506024 0.5903614457831325 0.21285140562248997 0.5903614457831325 0.20883534136546184 0.6104417670682731 0.18875502008032127 0.6144578313253012 0.18875502008032127 0.6184738955823293 0.18473895582329317 0.6224899598393574 0.18473895582329317 0.6305220883534136 0.17670682730923695 0.6305220883534136 0.14859437751004015 0.6506024096385542 0.1285140562248996 0.6586345381526104 0.1285140562248996 0.6666666666666666 0.12048192771084337 0.6666666666666666 0.11646586345381527 0.6706827309236948 0.11244979919678715 0.6706827309236948 0.10843373493975904 0.6827309236947792 0.0963855421686747 0.6827309236947792 0.09236947791164658 0.6867469879518072 0.08835341365461848 0.6867469879518072 0.08433734939759036 0.6907630522088354 0.08032128514056225 0.6907630522088354 0.06827309236947791 0.6987951807228916 0.060240963855421686 0.6987951807228916 0.05622489959839357 0.7028112449799196 0.05220883534136546 0.7068273092369478 0.05220883534136546 0.7068273092369478 0.04819277108433735
1 0.0963855421686747 0.6907630522088354 0.09236947791164658 0.6947791164658634 0.07630522088353414 0.6947791164658634 0.07228915662650602 0.6987951807228916 0.060240963855421686 0.6987951807228916 0.05622489959839357 0.7028112449799196 0.040160642570281124 0.7028112449799196 0.03614457831325301 0.7068273092369478 0.01606425702811245 0.7068273092369478 0.012048192771084338 0.7108433734939759 0 0.7108433734939759 0 0.8473895582329317 0 0.8273092369477911 0.004016064257028112 0.8232931726907631 0.004016064257028112 0.8152610441767069 0 0.8112449799196787 0 0.7871485943775101 0.004016064257028112 0.7831325301204819 0.004016064257028112 0.7791164658634538 0.012048192771084338 0.7710843373493976 0.01606425702811245 0.7710843373493976 0.024096385542168676 0.7630522088353414 0.028112449799196786 0.7630522088353414 0.040160642570281124 0.751004016064257 0.040160642570281124 0.7469879518072289 0.04417670682730924 0.7429718875502008 0.04819277108433735 0.7429718875502008 0.05622489959839357 0.7349397590361446 0.05622489959839357 0.7269076305220884 0.08835341365461848 0.6947791164658634 0.09236947791164658 0.6947791164658634
2 0.9959839357429718 0 0.9839357429718876 0 0.9678714859437751 0.012048192771084338 0.9558232931726908 0.012048192771084338 0.9518072289156626 0.008032128514056224 0.9357429718875502 0.008032128514056224 0.9317269076305221 0.012048192771084338 0.8995983935742972 0.012048192771084338 0.8955823293172691 0.01606425702811245 0.8634538152610441 0.01606425702811245 0.8594377510040161 0.020080321285140562 0.8433734939759037 0.020080321285140562 0.8192771084337349 0.004016064257028112 0.8152610441767069 0.008032128514056224 0.8112449799196787 0.008032128514056224 0.7911646586345381 0.020080321285140562 0.7831325301204819 0.020080321285140562 0.7710843373493976 0.028112449799196786 0.7309236947791165 0.028112449799196786 0.7309236947791165 0.0321285140562249 0.7188755020080321 0.04417670682730924 0.714859437751004 0.04417670682730924 0.7108433734939759 0.04819277108433735 0.7108433734939759 0.05220883534136546 0.7068273092369478 0.05622489959839357 0.7028112449799196 0.05622489959839357 0.7028112449799196 0.060240963855421686 0.6947791164658634 0.06827309236947791 0.6947791164658634 0.08032128514056225 0.6907630522088354 0.08433734939759036 0.6867469879518072 0.0963855421686747 0.6746987951807228 0.10843373493975904 0.6706827309236948 0.12048192771084337 0.6586345381526104 0.13253012048192772 0.6506024096385542 0.13253012048192772 0.6345381526104418 0.14859437751004015 0.6345381526104418 0.17670682730923695 0.6224899598393574 0.18875502008032127 0.6104417670682731 0.1927710843373494 0.5943775100401606 0.20883534136546184 0.5943775100401606 0.21285140562248997 0.5783132530120482 0.2289156626506024 0.5783132530120482 0.23293172690763053 0.570281124497992 0.24096385542168675 0.5662650602409639 0.25301204819277107 0.5582329317269076 0.26104417670682734 0.5502008032128514 0.26104417670682734 0.5381526104417671 0.27309236947791166 0.5341365461847389 0.27309236947791166 0.5261044176706827 0.28112449799196787 0.5261044176706827 0.285140562248996 0.5180722891566265 0.2931726907630522 0.5140562248995983 0.2931726907630522 0.5140562248995983 0.2971887550200803 0.5100401606425703 0.30120481927710846 0.5060240963855421 0.30120481927710846 0.5020080321285141 0.30522088353413657 0.4819277108433735 0.30522088353413657 0.4779116465863454 0.3092369477911647 0.4538152610441767 0.3092369477911647 0.4497991967871486 0.3132530120481928 0.42168674698795183 0.3132530120481928 0.41767068273092367 0.3172690763052209 0.39759036144578314 0.3172690763052209 0.39357429718875503 0.321285140562249 0.37751004016064255 0.321285140562249 0.36947791164658633 0.3293172690763052 0.36947791164658633 0.3333333333333333 0.3614457831325301 0.3413654618473896 0.3614457831325301 0.3453815261044177 0.3493975903614458 0.357429718875502 0.3373493975903614 0.3614457831325301 0.3293172690763052 0.36947791164658633 0.3293172690763052 0.37349397590361444 0.3253012048192771 0.37751004016064255 0.3253012048192771 0.3895582329317269 0.3172690763052209 0.39759036144578314 0.3172690763052209 0.40562248995983935 0.3092369477911647 0.41365461847389556 0.3092369477911647 0.41767068273092367 0.30522088353413657 0.42168674698795183 0.30120481927710846 0.42168674698795183 0.285140562248996 0.43775100401606426 0.285140562248996 0.44176706827309237 0.28112449799196787 0.4457831325301205 0.28112449799196787 0.4578313253012048 0.26506024096385544 0.4738955823293173 0.26104417670682734 0.4738955823293173 0.26104417670682734 0.4779116465863454 0.25301204819277107 0.4859437751004016 0.25301204819277107 0.4939759036144578 0.23694779116465864 0.5100401606425703 0.23694779116465864 0.5140562248995983 0.23293172690763053 0.5180722891566265 0.2289156626506024 0.5180722891566265 0.21686746987951808 0.5301204819277109 0.21285140562248997 0.5421686746987951 0.18072289156626506 0.5783132530120482 0.18072289156626506 0.5863453815261044 0.17269076305220885 0.5943775100401606 0.1686746987951807 0.606425702811245 0.1566265060240964 0.6184738955823293 0.14859437751004015 0.6184738955823293 0.14859437751004015 0.6224899598393574 0.12449799196787148 0.6465863453815262 0.12449799196787148 0.6506024096385542 0.11646586345381527 0.6586345381526104 0.11646586345381527 0.6666666666666666 0.11244979919678715 0.6706827309236948 0.11244979919678715 0.6746987951807228 0.10040160642570281 0.6867469879518072 0.10040160642570281 0.6907630522088354 0.09236947791164658 0.6987951807228916 0.08835341365461848 0.6987951807228916 0.060240963855421686 0.7269076305220884 0.060240963855421686 0.7349397590361446 0.04819277108433735 0.7469879518072289 0.04417670682730924 0.7469879518072289 0.04417670682730924 0.751004016064257 0.028112449799196786 0.7670682730923695 0.024096385542168676 0.7670682730923695 0.008032128514056224 0.7791164658634538 0.008032128514056224 0.7831325301204819 0.004016064257028112 0.7871485943775101 0.004016064257028112 0.8112449799196787 0.008032128514056224 0.8152610441767069 0.008032128514056224 0.8232931726907631 0.004016064257028112 0.8273092369477911 0.004016064257028112 0.8473895582329317 0 0.8514056224899599 0 0.8594377510040161 0.004016064257028112 0.8634538152610441 0.004016064257028112 0.8674698795180723 0 0.8714859437751004 0 0.8835341365461847 0.008032128514056224 0.8955823293172691 0.008032128514056224 0.9036144578313253 0 0.9156626506024096 0 0.9477911646586346 0.004016064257028112 0.9518072289156626 0.004016064257028112 0.9678714859437751 0 0.9718875502008032 0.004016064257028112 0.9759036144578314 0.008032128514056224 0.9718875502008032 0.012048192771084338 0.9759036144578314 0.012048192771084338 0.9959839357429718 0.040160642570281124 0.9959839357429718 0.040160642570281124 0.9879518072289156 0.03614457831325301 0.9839357429718876 0.03614457831325301 0.9799196787148594 0.024096385542168676 0.9718875502008032 0.024096385542168676 0.9598393574297188 0.028112449799196786 0.9558232931726908 0.028112449799196786 0.9116465863453815 0.0321285140562249 0.9076305220883534 0.0321285140562249 0.8955823293172691 0.040160642570281124 0.8835341365461847 0.040160642570281124 0.8795180722891566 0.03614457831325301 0.8755020080321285 0.03614457831325301 0.8634538152610441 0.028112449799196786 0.8514056224899599 0.028112449799196786 0.8433734939759037 0.0321285140562249 0.8393574297188755 0.0321285140562249 0.8072289156626506 0.03614457831325301 0.8032128514056225 0.03614457831325301 0.7951807228915663 0.0321285140562249 0.7911646586345381 0.03614457831325301 0.7871485943775101 0.03614457831325301 0.7831325301204819 0.05220883534136546 0.7670682730923695 0.060240963855421686 0.7670682730923695 0.07228915662650602 0.7550200803212851 0.07630522088353414 0.7429718875502008 0.0963855421686747 0.7228915662650602 0.10040160642570281 0.7228915662650602 0.11244979919678715 0.7108433734939759 0.11646586345381527 0.7108433734939759 0.1285140562248996 0.6947791164658634 0.1285140562248996 0.6907630522088354 0.13654618473895583 0.6827309236947792 0.14056224899598393 0.6827309236947792 0.17269076305220885 0.6506024096385542 0.17269076305220885 0.6465863453815262 0.18072289156626506 0.6385542168674698 0.18072289156626506 0.6345381526104418 0.20883534136546184 0.6104417670682731 0.20883534136546184 0.606425702811245 0.20481927710843373 0.606425702811245 0.20080321285140562 0.6024096385542169 0.21285140562248997 0.5903614457831325 0.21285140562248997 0.5863453815261044 0.22088353413654618 0.5783132530120482 0.2248995983935743 0.5783132530120482 0.2248995983935743 0.5742971887550201 0.23293172690763053 0.5662650602409639 0.23694779116465864 0.5542168674698795 0.24497991967871485 0.5461847389558233 0.24899598393574296 0.5341365461847389 0.26506024096385544 0.5180722891566265 0.26506024096385544 0.5140562248995983 0.28112449799196787 0.4979919678714859 0.28112449799196787 0.4939759036144578 0.285140562248996 0.4899598393574297 0.2971887550200803 0.4859437751004016 0.3092369477911647 0.4738955823293173 0.3092369477911647 0.4578313253012048 0.3132530120481928 0.4538152610441767 0.3132530120481928 0.4457831325301205 0.321285140562249 0.43775100401606426 0.3293172690763052 0.43775100401606426 0.3373493975903614 0.41767068273092367 0.3493975903614458 0.40562248995983935 0.3493975903614458 0.39357429718875503 0.3614457831325301 0.3815261044176707 0.3654618473895582 0.3815261044176707 0.3815261044176707 0.3654618473895582 0.3815261044176707 0.3614457831325301 0.3895582329317269 0.3534136546184739 0.39357429718875503 0.3534136546184739 0.40160642570281124 0.3453815261044177 0.44176706827309237 0.3453815261044177 0.4457831325301205 0.3413654618473896 0.46184738955823296 0.3413654618473896 0.46586345381526106 0.3373493975903614 0.4779116465863454 0.3413654618473896 0.4819277108433735 0.3373493975903614 0.4899598393574297 0.3373493975903614 0.5020080321285141 0.3293172690763052 0.5220883534136547 0.3293172690763052 0.5381526104417671 0.3172690763052209 0.5421686746987951 0.3172690763052209 0.5421686746987951 0.3132530120481928 0.5582329317269076 0.2971887550200803 0.5622489959839357 0.2971887550200803 0.5662650602409639 0.2931726907630522 0.5783132530120482 0.2931726907630522 0.5943775100401606 0.27710843373493976 0.5943775100401606 0.26907630522088355 0.5983935742971888 0.26506024096385544 0.5983935742971888 0.25301204819277107 0.6024096385542169 0.24899598393574296 0.6024096385542169 0.24096385542168675 0.6144578313253012 0.2248995983935743 0.6144578313253012 0.21686746987951808 0.6506024096385542 0.18473895582329317 0.6506024096385542 0.17670682730923695 0.6546184738955824 0.17269076305220885 0.6546184738955824 0.1646586345381526 0.6586345381526104 0.1606425702811245 0.6586345381526104 0.1566265060240964 0.6666666666666666 0.14859437751004015 0.6746987951807228 0.14859437751004015 0.6746987951807228 0.14457831325301204 0.6907630522088354 0.1285140562248996 0.6907630522088354 0.12048192771084337 0.6947791164658634 0.11646586345381527 0.6907630522088354 0.11244979919678715 0.6907630522088354 0.10843373493975904 0.7028112449799196 0.0963855421686747 0.7028112449799196 0.09236947791164658 0.7269076305220884 0.06827309236947791 0.7269076305220884 0.0642570281124498 0.7469879518072289 0.04417670682730924 0.7791164658634538 0.04417670682730924 0.7831325301204819 0.040160642570281124 0.7871485943775101 0.040160642570281124 0.7911646586345381 0.03614457831325301 0.7991967871485943 0.03614457831325301 0.8032128514056225 0.0321285140562249 0.8273092369477911 0.0321285140562249 0.8313253012048193 0.03614457831325301 0.8353413654618473 0.03614457831325301 0.8393574297188755 0.0321285140562249 0.9116465863453815 0.0321285140562249 0.9156626506024096 0.028112449799196786 0.9196787148594378 0.0321285140562249 0.9317269076305221 0.024096385542168676 0.9518072289156626 0.024096385542168676 0.9558232931726908 0.020080321285140562 0.9759036144578314 0.024096385542168676 0.9919678714859438 0.012048192771084338