0 0.12974683544303797 0.509493670886076 0.12974683544303797 0.5348101265822784 0.12658227848101267 0.5379746835443038 0.12658227848101267 0.5664556962025317 0.12341772151898735 0.569620253164557 0.12341772151898735 0.5727848101265823 0.12025316455696203 0.5759493670886076 0.12025316455696203 0.5822784810126582 0.11708860759493671 0.5854430379746836 0.11708860759493671 0.5886075949367089 0.12025316455696203 0.5917721518987342 0.12025316455696203 0.6170886075949367 0.11708860759493671 0.620253164556962 0.11708860759493671 0.6424050632911392 0.12025316455696203 0.6455696202531646 0.12025316455696203 0.6487341772151899 0.12341772151898735 0.6518987341772152 0.12341772151898735 0.6582278481012658 0.12658227848101267 0.6613924050632911 0.12658227848101267 0.6677215189873418 0.12974683544303797 0.6708860759493671 0.12974683544303797 0.6772151898734177 0.12658227848101267 0.680379746835443 0.12658227848101267 0.689873417721519 0.14556962025316456 0.689873417721519 0.14873417721518986 0.6930379746835443 0.16772151898734178 0.6930379746835443 0.17088607594936708 0.689873417721519 0.17405063291139242 0.689873417721519 0.17721518987341772 0.6867088607594937 0.20569620253164558 0.6867088607594937 0.2088607594936709 0.689873417721519 0.27848101265822783 0.689873417721519 0.28164556962025317 0.6867088607594937 0.370253164556962 0.6867088607594937 0.37341772151898733 0.689873417721519 0.41455696202531644 0.689873417721519 0.4177215189873418 0.6867088607594937 0.43037974683544306 0.6867088607594937 0.43354430379746833 0.6835443037974683 0.44936708860759494 0.6835443037974683 0.4525316455696203 0.680379746835443 0.5917721518987342 0.680379746835443 0.5949367088607594 0.6835443037974683 0.5981012658227848 0.680379746835443 0.6234177215189873 0.680379746835443 0.6265822784810127 0.6835443037974683 0.6329113924050633 0.6835443037974683 0.6360759493670886 0.6867088607594937 0.6424050632911392 0.6867088607594937 0.6455696202531646 0.689873417721519 0.6550632911392406 0.689873417721519 0.6582278481012658 0.6867088607594937 0.6708860759493671 0.6867088607594937 0.6740506329113924 0.6835443037974683 0.6930379746835443 0.6835443037974683 0.6962025316455697 0.680379746835443 0.7056962025316456 0.680379746835443 0.7088607594936709 0.6772151898734177 0.7215189873417721 0.6772151898734177 0.7215189873417721 0.6550632911392406 0.7246835443037974 0.6518987341772152 0.7246835443037974 0.6487341772151899 0.7215189873417721 0.6455696202531646 0.7215189873417721 0.6265822784810127 0.7246835443037974 0.6234177215189873 0.7246835443037974 0.620253164556962 0.7278481012658228 0.6170886075949367 0.7278481012658228 0.6107594936708861 0.7246835443037974 0.6075949367088608 0.7246835443037974 0.5949367088607594 0.7215189873417721 0.5917721518987342 0.7215189873417721 0.5727848101265823 0.7183544303797469 0.569620253164557 0.7215189873417721 0.5664556962025317 0.7215189873417721 0.5379746835443038 0.7183544303797469 0.5348101265822784 0.7183544303797469 0.5189873417721519 0.7215189873417721 0.5158227848101266 0.7215189873417721 0.509493670886076 0.7246835443037974 0.5063291139240507 0.7246835443037974 0.5 0.7215189873417721 0.5 0.7183544303797469 0.5031645569620253 0.7120253164556962 0.5031645569620253 0.7088607594936709 0.5063291139240507 0.6930379746835443 0.5063291139240507 0.689873417721519 0.5031645569620253 0.680379746835443 0.5031645569620253 0.6772151898734177 0.5063291139240507 0.6550632911392406 0.5063291139240507 0.6518987341772152 0.509493670886076 0.6329113924050633 0.509493670886076 0.629746835443038 0.5063291139240507 0.6170886075949367 0.5063291139240507 0.6139240506329114 0.5031645569620253 0.6044303797468354 0.5031645569620253 0.6012658227848101 0.5063291139240507 0.5822784810126582 0.5063291139240507 0.5791139240506329 0.5031645569620253 0.569620253164557 0.5031645569620253 0.5664556962025317 0.5063291139240507 0.560126582278481 0.5063291139240507 0.5569620253164557 0.509493670886076 0.5253164556962026 0.509493670886076 0.5221518987341772 0.5063291139240507 0.49050632911392406 0.5063291139240507 0.4873417721518987 0.509493670886076 0.43670886075949367 0.509493670886076 0.43354430379746833 0.5063291139240507 0.40822784810126583 0.5063291139240507 0.4050632911392405 0.5031645569620253 0.39556962025316456 0.5031645569620253 0.3924050632911392 0.5 0.3670886075949367 0.5 0.3639240506329114 0.5031645569620253 0.34177215189873417 0.5031645569620253 0.33860759493670883 0.5063291139240507 0.310126582278481 0.5063291139240507 0.3069620253164557 0.509493670886076 0.2689873417721519 0.509493670886076 0.26582278481012656 0.5126582278481012 0.1930379746835443 0.5126582278481012 0.189873417721519 0.509493670886076 0.18354430379746836 0.509493670886076 0.18037974683544303 0.5063291139240507 0.15822784810126583 0.5063291139240507 0.1550632911392405 0.509493670886076 0.14873417721518986 0.509493670886076 0.14556962025316456 0.5126582278481012 0.1360759493670886 0.5126582278481012 0.13291139240506328 0.509493670886076
0 0.1360759493670886 0.05063291139240506 0.1360759493670886 0.05379746835443038 0.13924050632911392 0.056962025316455694 0.13924050632911392 0.10759493670886076 0.1360759493670886 0.11075949367088607 0.1360759493670886 0.11392405063291139 0.13291139240506328 0.11708860759493671 0.13291139240506328 0.12341772151898735 0.12974683544303797 0.12658227848101267 0.1360759493670886 0.1360759493670886 0.1360759493670886 0.1550632911392405 0.13924050632911392 0.15822784810126583 0.13924050632911392 0.22468354430379747 0.14556962025316456 0.22468354430379747 0.14873417721518986 0.22784810126582278 0.16455696202531644 0.22784810126582278 0.16772151898734178 0.22468354430379747 0.189873417721519 0.22468354430379747 0.1930379746835443 0.22784810126582278 0.2120253164556962 0.22784810126582278 0.20253164556962025 0.22784810126582278 0.19936708860759494 0.22468354430379747 0.19936708860759494 0.21835443037974683 0.20253164556962025 0.21518987341772153 0.21518987341772153 0.21518987341772153 0.21835443037974683 0.21835443037974683 0.21835443037974683 0.22151898734177214 0.22784810126582278 0.21518987341772153 0.22784810126582278 0.2088607594936709 0.2310126582278481 0.20569620253164558 0.2310126582278481 0.19936708860759494 0.24050632911392406 0.189873417721519 0.24050632911392406 0.18670886075949367 0.24367088607594936 0.18354430379746836 0.24367088607594936 0.17405063291139242 0.25 0.16772151898734178 0.25 0.16455696202531644 0.25316455696202533 0.16139240506329114 0.25316455696202533 0.1550632911392405 0.2563291139240506 0.1518987341772152 0.2626582278481013 0.1518987341772152 0.26582278481012656 0.1550632911392405 0.26582278481012656 0.16772151898734178 0.2626582278481013 0.17088607594936708 0.2626582278481013 0.17405063291139242 0.2563291139240506 0.18354430379746836 0.2563291139240506 0.189873417721519 0.25316455696202533 0.1930379746835443 0.25316455696202533 0.19936708860759494 0.24367088607594936 0.2088607594936709 0.24367088607594936 0.2120253164556962 0.24050632911392406 0.21518987341772153 0.24050632911392406 0.22468354430379747 0.24367088607594936 0.22151898734177214 0.2468354430379747 0.22151898734177214 0.25 0.22468354430379747 0.25949367088607594 0.22468354430379747 0.2626582278481013 0.22784810126582278 0.2879746835443038 0.22784810126582278 0.2911392405063291 0.22468354430379747 0.30063291139240506 0.22468354430379747 0.3037974683544304 0.22151898734177214 0.3227848101265823 0.22151898734177214 0.3259493670886076 0.22468354430379747 0.3322784810126582 0.22468354430379747 0.34177215189873417 0.2310126582278481 0.3449367088607595 0.22784810126582278 0.3512658227848101 0.22784810126582278 0.36075949367088606 0.22151898734177214 0.370253164556962 0.22151898734177214 0.37341772151898733 0.22468354430379747 0.40189873417721517 0.22468354430379747 0.41139240506329117 0.2310126582278481 0.43354430379746833 0.2310126582278481 0.43670886075949367 0.22784810126582278 0.4430379746835443 0.22784810126582278 0.4462025316455696 0.22468354430379747 0.4620253164556962 0.22468354430379747 0.4651898734177215 0.22151898734177214 0.5126582278481012 0.22151898734177214 0.5158227848101266 0.22468354430379747 0.5221518987341772 0.22468354430379747 0.5253164556962026 0.22151898734177214 0.5727848101265823 0.22151898734177214 0.5759493670886076 0.22468354430379747 0.5822784810126582 0.22468354430379747 0.5854430379746836 0.22784810126582278 0.6265822784810127 0.22784810126582278 0.629746835443038 0.22468354430379747 0.6392405063291139 0.22468354430379747 0.6424050632911392 0.22151898734177214 0.7310126582278481 0.22151898734177214 0.7310126582278481 0.21835443037974683 0.7341772151898734 0.21518987341772153 0.7341772151898734 0.2120253164556962 0.740506329113924 0.20253164556962025 0.740506329113924 0.1930379746835443 0.7373417721518988 0.189873417721519 0.7373417721518988 0.18354430379746836 0.7341772151898734 0.18037974683544303 0.7341772151898734 0.16455696202531644 0.7373417721518988 0.16139240506329114 0.7373417721518988 0.1550632911392405 0.7341772151898734 0.1518987341772152 0.7341772151898734 0.14556962025316456 0.7310126582278481 0.14240506329113925 0.7310126582278481 0.05063291139240506 0.7278481012658228 0.05063291139240506 0.7246835443037974 0.04746835443037975 0.6867088607594937 0.04746835443037975 0.6835443037974683 0.05063291139240506 0.6772151898734177 0.05063291139240506 0.6740506329113924 0.04746835443037975 0.6518987341772152 0.04746835443037975 0.6487341772151899 0.05063291139240506 0.5981012658227848 0.05063291139240506 0.5949367088607594 0.04746835443037975 0.5569620253164557 0.04746835443037975 0.5537974683544303 0.05063291139240506 0.39556962025316456 0.05063291139240506 0.3924050632911392 0.04746835443037975 0.370253164556962 0.04746835443037975 0.3670886075949367 0.05063291139240506 0.29430379746835444 0.05063291139240506 0.2848101265822785 0.04430379746835443 0.2563291139240506 0.04430379746835443 0.25316455696202533 0.04746835443037975 0.24367088607594936 0.04746835443037975 0.24050632911392406 0.05063291139240506 0.21518987341772153 0.05063291139240506 0.2120253164556962 0.05379746835443038 0.18670886075949367 0.05379746835443038 0.18354430379746836 0.05063291139240506 0.17721518987341772 0.05063291139240506 0.17405063291139242 0.04746835443037975 0.16455696202531644 0.04746835443037975 0.16139240506329114 0.05063291139240506
0 0.43670886075949367 0.7373417721518988 0.43670886075949367 0.7689873417721519 0.43354430379746833 0.7721518987341772 0.43354430379746833 0.8291139240506329 0.43670886075949367 0.8322784810126582 0.43670886075949367 0.8734177215189873 0.43354430379746833 0.8765822784810127 0.43354430379746833 0.879746835443038 0.43670886075949367 0.8829113924050633 0.43670886075949367 0.9082278481012658 0.47468354430379744 0.9082278481012658 0.4778481012658228 0.9113924050632911 0.4873417721518987 0.9113924050632911 0.49050632911392406 0.9145569620253164 0.4936708860759494 0.9145569620253164 0.5031645569620253 0.9208860759493671 0.5189873417721519 0.9208860759493671 0.5221518987341772 0.9177215189873418 0.5253164556962026 0.9177215189873418 0.5284810126582279 0.9145569620253164 0.5316455696202531 0.9145569620253164 0.5411392405063291 0.9082278481012658 0.5949367088607594 0.9082278481012658 0.5981012658227848 0.9113924050632911 0.6107594936708861 0.9113924050632911 0.6139240506329114 0.9145569620253164 0.6360759493670886 0.9145569620253164 0.6392405063291139 0.9113924050632911 0.6455696202531646 0.9113924050632911 0.6487341772151899 0.9082278481012658 0.6329113924050633 0.9082278481012658 0.629746835443038 0.9050632911392406 0.620253164556962 0.9050632911392406 0.6170886075949367 0.9018987341772152 0.5759493670886076 0.9018987341772152 0.5664556962025317 0.8955696202531646 0.5632911392405063 0.8987341772151899 0.5569620253164557 0.8987341772151899 0.5537974683544303 0.9018987341772152 0.5379746835443038 0.9018987341772152 0.5348101265822784 0.8987341772151899 0.5348101265822784 0.8924050632911392 0.5443037974683544 0.8860759493670886 0.560126582278481 0.8860759493670886 0.5632911392405063 0.8829113924050633 0.569620253164557 0.8829113924050633 0.5727848101265823 0.8860759493670886 0.6139240506329114 0.8860759493670886 0.6170886075949367 0.8892405063291139 0.6265822784810127 0.8892405063291139 0.629746835443038 0.8924050632911392 0.6392405063291139 0.8924050632911392 0.6424050632911392 0.8955696202531646 0.6550632911392406 0.8955696202531646 0.6613924050632911 0.9018987341772152 0.6677215189873418 0.9018987341772152 0.6708860759493671 0.9050632911392406 0.6740506329113924 0.9050632911392406 0.6772151898734177 0.9082278481012658 0.6772151898734177 0.9113924050632911 0.680379746835443 0.9145569620253164 0.680379746835443 0.9177215189873418 0.6962025316455697 0.9177215189873418 0.6993670886075949 0.9145569620253164 0.7120253164556962 0.9145569620253164 0.7151898734177216 0.9113924050632911 0.7215189873417721 0.9113924050632911 0.7246835443037974 0.9082278481012658 0.7373417721518988 0.9082278481012658 0.740506329113924 0.9113924050632911 0.7468354430379747 0.9113924050632911 0.75 0.9145569620253164 0.8291139240506329 0.9145569620253164 0.8322784810126582 0.9113924050632911 0.9082278481012658 0.9113924050632911 0.9113924050632911 0.9145569620253164 0.9651898734177216 0.9145569620253164 0.9683544303797469 0.9177215189873418 0.9873417721518988 0.9177215189873418 0.990506329113924 0.9145569620253164 0.9968354430379747 0.9145569620253164 0.9968354430379747 0.7373417721518988 0.990506329113924 0.7373417721518988 0.9873417721518988 0.7341772151898734 0.9778481012658228 0.7341772151898734 0.9746835443037974 0.7373417721518988 0.9556962025316456 0.7373417721518988 0.9493670886075949 0.7310126582278481 0.9462025316455697 0.7310126582278481 0.9430379746835443 0.7278481012658228 0.9177215189873418 0.7278481012658228 0.9145569620253164 0.7310126582278481 0.9050632911392406 0.7310126582278481 0.9018987341772152 0.7341772151898734 0.8734177215189873 0.7341772151898734 0.8639240506329114 0.7278481012658228 0.8449367088607594 0.7278481012658228 0.8417721518987342 0.7246835443037974 0.8227848101265823 0.7246835443037974 0.819620253164557 0.7278481012658228 0.8069620253164557 0.7278481012658228 0.8037974683544303 0.7310126582278481 0.8006329113924051 0.7310126582278481 0.7974683544303798 0.7341772151898734 0.7911392405063291 0.7341772151898734 0.7879746835443038 0.7373417721518988 0.7658227848101266 0.7373417721518988 0.7626582278481012 0.7341772151898734 0.7183544303797469 0.7341772151898734 0.7151898734177216 0.7310126582278481 0.7088607594936709 0.7310126582278481 0.7056962025316456 0.7278481012658228 0.6993670886075949 0.7278481012658228 0.6962025316455697 0.7246835443037974 0.6930379746835443 0.7278481012658228 0.6867088607594937 0.7278481012658228 0.6772151898734177 0.7341772151898734 0.6613924050632911 0.7341772151898734 0.6582278481012658 0.7373417721518988 0.6550632911392406 0.7341772151898734 0.6455696202531646 0.7341772151898734 0.6424050632911392 0.7310126582278481 0.6234177215189873 0.7310126582278481 0.620253164556962 0.7341772151898734 0.5791139240506329 0.7341772151898734 0.5759493670886076 0.7310126582278481 0.5569620253164557 0.7310126582278481 0.5537974683544303 0.7341772151898734 0.5316455696202531 0.7341772151898734 0.5284810126582279 0.7373417721518988
0 0.4430379746835443 0.28164556962025317 0.4430379746835443 0.3037974683544304 0.439873417721519 0.3069620253164557 0.439873417721519 0.31329113924050633 0.43670886075949367 0.31645569620253167 0.43670886075949367 0.31962025316455694 0.43354430379746833 0.3227848101265823 0.43354430379746833 0.3291139240506329 0.43037974683544306 0.3322784810126582 0.43670886075949367 0.34177215189873417 0.43670886075949367 0.39556962025316456 0.43354430379746833 0.3987341772151899 0.43354430379746833 0.4430379746835443 0.43037974683544306 0.4462025316455696 0.43037974683544306 0.4588607594936709 0.44936708860759494 0.4588607594936709 0.4525316455696203 0.4620253164556962 0.45569620253164556 0.4588607594936709 0.4620253164556962 0.4588607594936709 0.4651898734177215 0.45569620253164556 0.4810126582278481 0.45569620253164556 0.48417721518987344 0.4525316455696203 0.49050632911392406 0.4525316455696203 0.4936708860759494 0.45569620253164556 0.5063291139240507 0.45569620253164556 0.509493670886076 0.4588607594936709 0.5348101265822784 0.4588607594936709 0.5379746835443038 0.45569620253164556 0.5506329113924051 0.45569620253164556 0.5537974683544303 0.4588607594936709 0.5759493670886076 0.4588607594936709 0.5759493670886076 0.4525316455696203 0.5791139240506329 0.44936708860759494 0.5791139240506329 0.43037974683544306 0.5822784810126582 0.4272151898734177 0.5822784810126582 0.4208860759493671 0.5886075949367089 0.41139240506329117 0.5886075949367089 0.3987341772151899 0.5822784810126582 0.3924050632911392 0.5822784810126582 0.3860759493670886 0.5759493670886076 0.379746835443038 0.5759493670886076 0.370253164556962 0.5727848101265823 0.3670886075949367 0.5727848101265823 0.35443037974683544 0.5664556962025317 0.34810126582278483 0.5664556962025317 0.34177215189873417 0.5632911392405063 0.34177215189873417 0.560126582278481 0.33860759493670883 0.560126582278481 0.33544303797468356 0.5537974683544303 0.3291139240506329 0.5443037974683544 0.3291139240506329 0.5379746835443038 0.3227848101265823 0.5379746835443038 0.2974683544303797 0.5474683544303798 0.2911392405063291 0.5537974683544303 0.2911392405063291 0.560126582278481 0.2974683544303797 0.560126582278481 0.3069620253164557 0.5569620253164557 0.310126582278481 0.560126582278481 0.310126582278481 0.5632911392405063 0.31329113924050633 0.5632911392405063 0.31645569620253167 0.5664556962025317 0.31645569620253167 0.5727848101265823 0.3227848101265823 0.5727848101265823 0.33544303797468356 0.5759493670886076 0.33544303797468356 0.5822784810126582 0.34177215189873417 0.5822784810126582 0.3449367088607595 0.5854430379746836 0.34810126582278483 0.5854430379746836 0.3639240506329114 0.5886075949367089 0.3670886075949367 0.5886075949367089 0.37341772151898733 0.6012658227848101 0.3860759493670886 0.6044303797468354 0.39556962025316456 0.6107594936708861 0.38924050632911394 0.6107594936708861 0.37658227848101267 0.6139240506329114 0.37341772151898733 0.6139240506329114 0.370253164556962 0.6234177215189873 0.36075949367088606 0.6234177215189873 0.3575949367088608 0.629746835443038 0.3512658227848101 0.629746835443038 0.34177215189873417 0.6329113924050633 0.33860759493670883 0.6360759493670886 0.33860759493670883 0.6329113924050633 0.33544303797468356 0.6329113924050633 0.3259493670886076 0.6392405063291139 0.31962025316455694 0.6455696202531646 0.31962025316455694 0.6518987341772152 0.3291139240506329 0.6518987341772152 0.34177215189873417 0.6550632911392406 0.3449367088607595 0.6550632911392406 0.3512658227848101 0.6518987341772152 0.35443037974683544 0.6455696202531646 0.35443037974683544 0.6455696202531646 0.36075949367088606 0.6424050632911392 0.3639240506329114 0.6360759493670886 0.3639240506329114 0.6360759493670886 0.370253164556962 0.6265822784810127 0.379746835443038 0.6265822784810127 0.3829113924050633 0.6234177215189873 0.3860759493670886 0.6234177215189873 0.3987341772151899 0.6107594936708861 0.41139240506329117 0.6107594936708861 0.4177215189873418 0.6075949367088608 0.4208860759493671 0.6044303797468354 0.4208860759493671 0.5981012658227848 0.4272151898734177 0.5981012658227848 0.43037974683544306 0.6044303797468354 0.43670886075949367 0.6044303797468354 0.44936708860759494 0.5981012658227848 0.45569620253164556 0.6075949367088608 0.45569620253164556 0.6107594936708861 0.4525316455696203 0.6550632911392406 0.4525316455696203 0.6582278481012658 0.45569620253164556 0.6645569620253164 0.45569620253164556 0.6677215189873418 0.4588607594936709 0.6740506329113924 0.4588607594936709 0.6772151898734177 0.4620253164556962 0.7025316455696202 0.4620253164556962 0.7056962025316456 0.4588607594936709 0.7246835443037974 0.4588607594936709 0.7278481012658228 0.4620253164556962 0.7373417721518988 0.4620253164556962 0.7468354430379747 0.45569620253164556 0.7816455696202531 0.45569620253164556 0.7848101265822784 0.4525316455696203 0.7943037974683544 0.4525316455696203 0.7974683544303798 0.45569620253164556 0.8069620253164557 0.45569620253164556 0.810126582278481 0.4588607594936709 0.819620253164557 0.4588607594936709 0.8227848101265823 0.4620253164556962 0.8354430379746836 0.4620253164556962 0.8449367088607594 0.45569620253164556 0.8607594936708861 0.45569620253164556 0.8639240506329114 0.4525316455696203 0.870253164556962 0.4525316455696203 0.8734177215189873 0.45569620253164556 0.8860759493670886 0.45569620253164556 0.8892405063291139 0.4588607594936709 0.9145569620253164 0.4588607594936709 0.9177215189873418 0.4620253164556962 0.930379746835443 0.4620253164556962 0.9335443037974683 0.4588607594936709 0.9493670886075949 0.4588607594936709 0.9525316455696202 0.45569620253164556 0.990506329113924 0.45569620253164556 0.9936708860759493 0.4588607594936709 0.9968354430379747 0.4588607594936709 0.9968354430379747 0.28164556962025317 0.9683544303797469 0.28164556962025317 0.9651898734177216 0.27848101265822783 0.9556962025316456 0.27848101265822783 0.9462025316455697 0.2721518987341772 0.9430379746835443 0.2721518987341772 0.939873417721519 0.27531645569620256 0.9145569620253164 0.27531645569620256 0.9113924050632911 0.27848101265822783 0.8955696202531646 0.27848101265822783 0.8924050632911392 0.27531645569620256 0.8481012658227848 0.27531645569620256 0.8449367088607594 0.27848101265822783 0.8354430379746836 0.27848101265822783 0.8322784810126582 0.28164556962025317 0.8259493670886076 0.28164556962025317 0.8227848101265823 0.27848101265822783 0.8164556962025317 0.27848101265822783 0.8132911392405063 0.27531645569620256 0.7879746835443038 0.27531645569620256 0.7848101265822784 0.27848101265822783 0.7753164556962026 0.27848101265822783 0.7721518987341772 0.28164556962025317 0.7246835443037974 0.28164556962025317 0.7215189873417721 0.27848101265822783 0.6993670886075949 0.27848101265822783 0.6962025316455697 0.28164556962025317 0.6677215189873418 0.28164556962025317 0.6645569620253164 0.27848101265822783 0.6582278481012658 0.27848101265822783 0.6550632911392406 0.27531645569620256 0.6487341772151899 0.27531645569620256 0.6455696202531646 0.2721518987341772 0.6392405063291139 0.2721518987341772 0.6360759493670886 0.27531645569620256 0.629746835443038 0.27531645569620256 0.6265822784810127 0.27848101265822783 0.620253164556962 0.27848101265822783 0.6170886075949367 0.28164556962025317 0.6107594936708861 0.28164556962025317 0.6075949367088608 0.2848101265822785 0.569620253164557 0.2848101265822785 0.5664556962025317 0.28164556962025317 0.5379746835443038 0.28164556962025317 0.5348101265822784 0.2848101265822785 0.47468354430379744 0.2848101265822785 0.47151898734177217 0.28164556962025317
0 0 0.2721518987341772 0 0.44936708860759494 0.03481012658227848 0.44936708860759494 0.0379746835443038 0.4525316455696203 0.04113924050632911 0.4525316455696203 0.04430379746835443 0.45569620253164556 0.056962025316455694 0.45569620253164556 0.060126582278481014 0.4525316455696203 0.07911392405063292 0.4525316455696203 0.08227848101265822 0.44936708860759494 0.10126582278481013 0.44936708860759494 0.10443037974683544 0.4525316455696203 0.11392405063291139 0.4525316455696203 0.11708860759493671 0.45569620253164556 0.13924050632911392 0.45569620253164556 0.14240506329113925 0.4525316455696203 0.1550632911392405 0.4525316455696203 0.15822784810126583 0.44936708860759494 0.17405063291139242 0.44936708860759494 0.17721518987341772 0.4525316455696203 0.1930379746835443 0.4525316455696203 0.1962025316455696 0.44936708860759494 0.21518987341772153 0.44936708860759494 0.21835443037974683 0.4525316455696203 0.22151898734177214 0.4525316455696203 0.22468354430379747 0.44936708860759494 0.310126582278481 0.44936708860759494 0.31329113924050633 0.4525316455696203 0.3259493670886076 0.4525316455696203 0.3291139240506329 0.45569620253164556 0.3512658227848101 0.45569620253164556 0.35443037974683544 0.4525316455696203 0.3575949367088608 0.4525316455696203 0.36075949367088606 0.44936708860759494 0.379746835443038 0.44936708860759494 0.3829113924050633 0.4462025316455696 0.3860759493670886 0.4462025316455696 0.3860759493670886 0.439873417721519 0.38924050632911394 0.43670886075949367 0.38924050632911394 0.43037974683544306 0.3924050632911392 0.4272151898734177 0.3924050632911392 0.3449367088607595 0.39556962025316456 0.34177215189873417 0.39556962025316456 0.33860759493670883 0.3924050632911392 0.33544303797468356 0.3924050632911392 0.3291139240506329 0.38924050632911394 0.3259493670886076 0.38924050632911394 0.3227848101265823 0.3860759493670886 0.31962025316455694 0.3860759493670886 0.29430379746835444 0.38924050632911394 0.2911392405063291 0.38924050632911394 0.27848101265822783 0.370253164556962 0.27848101265822783 0.3670886075949367 0.27531645569620256 0.3575949367088608 0.27531645569620256 0.35443037974683544 0.2721518987341772 0.3322784810126582 0.2721518987341772 0.3291139240506329 0.27531645569620256 0.31645569620253167 0.27531645569620256 0.31329113924050633 0.27848101265822783 0.2468354430379747 0.27848101265822783 0.24367088607594936 0.27531645569620256 0.22151898734177214 0.27531645569620256 0.21835443037974683 0.2721518987341772 0.2120253164556962 0.2721518987341772 0.2088607594936709 0.2689873417721519 0.1962025316455696 0.2689873417721519 0.1930379746835443 0.2721518987341772 0.18037974683544303 0.2721518987341772 0.17721518987341772 0.27531645569620256 0.17088607594936708 0.27531645569620256 0.16772151898734178 0.27848101265822783 0.10759493670886076 0.27848101265822783 0.10443037974683544 0.27531645569620256 0.0981012658227848 0.27531645569620256 0.09177215189873418 0.2689873417721519 0.0759493670886076 0.2689873417721519 0.07278481012658228 0.2721518987341772 0.056962025316455694 0.2721518987341772 0.05379746835443038 0.27531645569620256 0.04430379746835443 0.27531645569620256 0.04113924050632911 0.2721518987341772
0 0.9968354430379747 0.509493670886076 0.9841772151898734 0.509493670886076 0.9810126582278481 0.5126582278481012 0.9651898734177216 0.5126582278481012 0.9620253164556962 0.509493670886076 0.9525316455696202 0.509493670886076 0.9493670886075949 0.5063291139240507 0.9367088607594937 0.5063291139240507 0.9335443037974683 0.5031645569620253 0.9177215189873418 0.5031645569620253 0.9145569620253164 0.5063291139240507 0.8354430379746836 0.5063291139240507 0.8322784810126582 0.509493670886076 0.8291139240506329 0.509493670886076 0.8259493670886076 0.5063291139240507 0.819620253164557 0.5063291139240507 0.8164556962025317 0.509493670886076 0.8132911392405063 0.509493670886076 0.810126582278481 0.5063291139240507 0.8069620253164557 0.5063291139240507 0.8037974683544303 0.509493670886076 0.7816455696202531 0.509493670886076 0.7784810126582279 0.5126582278481012 0.7784810126582279 0.5158227848101266 0.7753164556962026 0.5189873417721519 0.7753164556962026 0.5253164556962026 0.7721518987341772 0.5284810126582279 0.7721518987341772 0.5537974683544303 0.7753164556962026 0.5569620253164557 0.7753164556962026 0.5759493670886076 0.7721518987341772 0.5791139240506329 0.7721518987341772 0.5917721518987342 0.7689873417721519 0.5949367088607594 0.7689873417721519 0.6234177215189873 0.7721518987341772 0.6265822784810127 0.7721518987341772 0.6360759493670886 0.7753164556962026 0.6392405063291139 0.7753164556962026 0.6518987341772152 0.7721518987341772 0.6550632911392406 0.7753164556962026 0.6582278481012658 0.7753164556962026 0.680379746835443 0.7784810126582279 0.6835443037974683 0.819620253164557 0.6835443037974683 0.8227848101265823 0.6867088607594937 0.8639240506329114 0.6867088607594937 0.8670886075949367 0.689873417721519 0.870253164556962 0.6867088607594937 0.8765822784810127 0.6867088607594937 0.879746835443038 0.6835443037974683 0.9018987341772152 0.6835443037974683 0.9050632911392406 0.680379746835443 0.9240506329113924 0.680379746835443 0.9272151898734177 0.6835443037974683 0.9462025316455697 0.6835443037974683 0.9493670886075949 0.6867088607594937 0.9556962025316456 0.6867088607594937 0.9588607594936709 0.689873417721519 0.9968354430379747 0.689873417721519
0 0.7373417721518988 0.9936708860759493 0.7373417721518988 0.9841772151898734 0.7341772151898734 0.9810126582278481 0.7341772151898734 0.9715189873417721 0.7310126582278481 0.9683544303797469 0.7310126582278481 0.9620253164556962 0.6962025316455697 0.9620253164556962 0.6930379746835443 0.9651898734177216 0.689873417721519 0.9651898734177216 0.6867088607594937 0.9620253164556962 0.6740506329113924 0.9620253164556962 0.6708860759493671 0.9588607594936709 0.6582278481012658 0.9588607594936709 0.6550632911392406 0.9556962025316456 0.6518987341772152 0.9588607594936709 0.6487341772151899 0.9556962025316456 0.6360759493670886 0.9556962025316456 0.6329113924050633 0.9588607594936709 0.629746835443038 0.9556962025316456 0.6265822784810127 0.9556962025316456 0.6234177215189873 0.9588607594936709 0.5949367088607594 0.9588607594936709 0.5917721518987342 0.9620253164556962 0.5474683544303798 0.9620253164556962 0.5443037974683544 0.9588607594936709 0.4936708860759494 0.9588607594936709 0.49050632911392406 0.9556962025316456 0.4873417721518987 0.9556962025316456 0.48417721518987344 0.9588607594936709 0.4525316455696203 0.9588607594936709 0.44936708860759494 0.9620253164556962 0.439873417721519 0.9620253164556962 0.43670886075949367 0.9651898734177216 0.4272151898734177 0.9651898734177216 0.4240506329113924 0.9620253164556962 0.4208860759493671 0.9620253164556962 0.4177215189873418 0.9651898734177216 0.370253164556962 0.9651898734177216 0.3670886075949367 0.9620253164556962 0.34810126582278483 0.9620253164556962 0.3449367088607595 0.9588607594936709 0.34177215189873417 0.9620253164556962 0.31962025316455694 0.9620253164556962 0.31645569620253167 0.9651898734177216 0.22151898734177214 0.9651898734177216 0.21835443037974683 0.9620253164556962 0.20569620253164558 0.9620253164556962 0.20253164556962025 0.9588607594936709 0.17721518987341772 0.9588607594936709 0.17405063291139242 0.9620253164556962 0.14240506329113925 0.9620253164556962 0.13924050632911392 0.9588607594936709 0.1360759493670886 0.9620253164556962 0.13291139240506328 0.9620253164556962 0.13291139240506328 0.9715189873417721 0.1360759493670886 0.9746835443037974 0.1360759493670886 0.9810126582278481 0.13924050632911392 0.9841772151898734 0.13924050632911392 0.9873417721518988 0.1360759493670886 0.990506329113924 0.1360759493670886 0.9968354430379747 0.7341772151898734 0.9968354430379747
0 0 0.05063291139240506 0 0.22468354430379747 0.015822784810126583 0.22468354430379747 0.0189873417721519 0.22784810126582278 0.02531645569620253 0.22784810126582278 0.028481012658227847 0.2310126582278481 0.04430379746835443 0.2310126582278481 0.04746835443037975 0.23417721518987342 0.056962025316455694 0.23417721518987342 0.060126582278481014 0.2310126582278481 0.06329113924050633 0.2310126582278481 0.06645569620253164 0.22784810126582278 0.08227848101265822 0.22784810126582278 0.08544303797468354 0.22468354430379747 0.08544303797468354 0.19936708860759494 0.08860759493670886 0.1962025316455696 0.08860759493670886 0.16139240506329114 0.09177215189873418 0.15822784810126583 0.09177215189873418 0.14556962025316456 0.0949367088607595 0.14240506329113925 0.0949367088607595 0.1360759493670886 0.0981012658227848 0.13291139240506328 0.0981012658227848 0.12658227848101267 0.0949367088607595 0.12341772151898735 0.0949367088607595 0.11708860759493671 0.09177215189873418 0.11392405063291139 0.09177215189873418 0.10759493670886076 0.08860759493670886 0.10443037974683544 0.08860759493670886 0.0981012658227848 0.08544303797468354 0.0949367088607595 0.08544303797468354 0.056962025316455694 0.08860759493670886 0.05379746835443038 0.08860759493670886 0.05063291139240506 0.08544303797468354 0.05063291139240506 0.08227848101265822 0.05379746835443038 0.015822784810126583 0.05379746835443038 0.012658227848101266 0.05063291139240506
0 0 0.5 0 0.6930379746835443 0.00949367088607595 0.6930379746835443 0.00949367088607595 0.689873417721519 0.012658227848101266 0.6867088607594937 0.022151898734177215 0.6867088607594937 0.02531645569620253 0.6835443037974683 0.060126582278481014 0.6835443037974683 0.06329113924050633 0.6867088607594937 0.08227848101265822 0.6867088607594937 0.08227848101265822 0.680379746835443 0.08544303797468354 0.6772151898734177 0.08544303797468354 0.6518987341772152 0.08227848101265822 0.6487341772151899 0.08227848101265822 0.6392405063291139 0.07911392405063292 0.6360759493670886 0.07911392405063292 0.5981012658227848 0.08227848101265822 0.5949367088607594 0.08227848101265822 0.5822784810126582 0.08544303797468354 0.5791139240506329 0.08544303797468354 0.5759493670886076 0.08227848101265822 0.5727848101265823 0.08227848101265822 0.5664556962025317 0.07911392405063292 0.5632911392405063 0.07911392405063292 0.509493670886076 0.06645569620253164 0.509493670886076 0.06329113924050633 0.5063291139240507 0.04113924050632911 0.5063291139240507 0.0379746835443038 0.5031645569620253 0.012658227848101266 0.5031645569620253 0.00949367088607595 0.5
0 0.9968354430379747 0.9620253164556962 0.9683544303797469 0.9620253164556962 0.9651898734177216 0.9588607594936709 0.9556962025316456 0.9588607594936709 0.9525316455696202 0.9556962025316456 0.9462025316455697 0.9556962025316456 0.9430379746835443 0.9588607594936709 0.9272151898734177 0.9588607594936709 0.9240506329113924 0.9620253164556962 0.9018987341772152 0.9620253164556962 0.8987341772151899 0.9588607594936709 0.8860759493670886 0.9588607594936709 0.8829113924050633 0.9620253164556962 0.8607594936708861 0.9620253164556962 0.8575949367088608 0.9651898734177216 0.8417721518987342 0.9651898734177216 0.8386075949367089 0.9683544303797469 0.8354430379746836 0.9683544303797469 0.8291139240506329 0.9620253164556962 0.8132911392405063 0.9620253164556962 0.810126582278481 0.9588607594936709 0.8069620253164557 0.9620253164556962 0.7848101265822784 0.9620253164556962 0.7816455696202531 0.9651898734177216 0.7816455696202531 0.9683544303797469 0.7784810126582279 0.9715189873417721 0.7784810126582279 0.9936708860759493 0.7816455696202531 0.9968354430379747 0.9968354430379747 0.9968354430379747
0 0 0 0 0.0031645569620253164 0.022151898734177215 0.0031645569620253164 0.02531645569620253 0.006329113924050633 0.04746835443037975 0.006329113924050633 0.05063291139240506 0.0031645569620253164 0.06645569620253164 0.0031645569620253164 0.06962025316455696 0.006329113924050633 0.07278481012658228 0.0031645569620253164 0.0759493670886076 0.006329113924050633 0.08860759493670886 0.006329113924050633 0.09177215189873418 0.0031645569620253164 0.0949367088607595 0.006329113924050633 0.10443037974683544 0.006329113924050633 0.10759493670886076 0.00949367088607595 0.11392405063291139 0.00949367088607595 0.11708860759493671 0.012658227848101266 0.1518987341772152 0.012658227848101266 0.1550632911392405 0.00949367088607595 0.18037974683544303 0.00949367088607595 0.18354430379746836 0.006329113924050633 0.24367088607594936 0.006329113924050633 0.2468354430379747 0.00949367088607595 0.2563291139240506 0.00949367088607595 0.25949367088607594 0.006329113924050633 0.2721518987341772 0.006329113924050633 0.27531645569620256 0.00949367088607595 0.2848101265822785 0.00949367088607595 0.2879746835443038 0.012658227848101266 0.2911392405063291 0.00949367088607595 0.3449367088607595 0.00949367088607595 0.34810126582278483 0.006329113924050633 0.37658227848101267 0.006329113924050633 0.37341772151898733 0.0031645569620253164 0.37341772151898733 0
0 0.0189873417721519 0.9651898734177216 0.022151898734177215 0.9683544303797469 0.022151898734177215 0.9715189873417721 0.02531645569620253 0.9746835443037974 0.02531645569620253 0.9873417721518988 0.028481012658227847 0.9873417721518988 0.0379746835443038 0.9968354430379747 0.08544303797468354 0.9968354430379747 0.08544303797468354 0.9873417721518988 0.08860759493670886 0.9841772151898734 0.07911392405063292 0.9841772151898734 0.06962025316455696 0.9746835443037974 0.06962025316455696 0.9715189873417721 0.06329113924050633 0.9651898734177216 0.06329113924050633 0.9620253164556962 0.060126582278481014 0.9588607594936709 0.05379746835443038 0.9588607594936709 0.05063291139240506 0.9620253164556962 0.04113924050632911 0.9620253164556962 0.0379746835443038 0.9651898734177216
0 0.47468354430379744 0 0.4810126582278481 0 0.48417721518987344 0.0031645569620253164 0.5316455696202531 0.0031645569620253164 0.5348101265822784 0 0.6645569620253164 0 0.6677215189873418 0.0031645569620253164 0.6835443037974683 0.0031645569620253164 0.6867088607594937 0 0.7120253164556962 0 0.7151898734177216 0.0031645569620253164 0.7563291139240507 0.0031645569620253164 0.759493670886076 0 0.7848101265822784 0
0 0 0.9651898734177216 0 0.9968354430379747 0.0189873417721519 0.9968354430379747 0.0189873417721519 0.9936708860759493 0.015822784810126583 0.9936708860759493 0.012658227848101266 0.990506329113924 0.012658227848101266 0.9778481012658228 0.006329113924050633 0.9715189873417721 0.006329113924050633 0.9651898734177216
0 0.8512658227848101 0 0.8670886075949367 0 0.870253164556962 0.0031645569620253164 0.8860759493670886 0.0031645569620253164 0.8892405063291139 0 0.8955696202531646 0
0 0.9082278481012658 0 0.9145569620253164 0 0.9177215189873418 0.0031645569620253164 0.9367088607594937 0.0031645569620253164 0.939873417721519 0 0.9493670886075949 0
1 0.04746835443037975 0.7278481012658228 0.04746835443037975 0.7373417721518988 0.04430379746835443 0.740506329113924 0.04430379746835443 0.7436708860759493 0.04113924050632911 0.7468354430379747 0.04113924050632911 0.7531645569620253 0.0379746835443038 0.7563291139240507 0.0379746835443038 0.7626582278481012 0.03481012658227848 0.7658227848101266 0.0379746835443038 0.7689873417721519 0.0379746835443038 0.7721518987341772 0.04113924050632911 0.7753164556962026 0.04113924050632911 0.7816455696202531 0.04430379746835443 0.7848101265822784 0.04430379746835443 0.7879746835443038 0.04746835443037975 0.7911392405063291 0.04746835443037975 0.8386075949367089 0.04430379746835443 0.8417721518987342 0.04430379746835443 0.8449367088607594 0.04113924050632911 0.8481012658227848 0.04113924050632911 0.8512658227848101 0.03481012658227848 0.8575949367088608 0.03481012658227848 0.8670886075949367 0.03164556962025317 0.870253164556962 0.03164556962025317 0.8860759493670886 0.028481012658227847 0.8892405063291139 0.028481012658227847 0.9082278481012658 0.0379746835443038 0.9082278481012658 0.04113924050632911 0.9113924050632911 0.04113924050632911 0.9145569620253164 0.04430379746835443 0.9145569620253164 0.04746835443037975 0.9113924050632911 0.06645569620253164 0.9113924050632911 0.06962025316455696 0.9082278481012658 0.0949367088607595 0.9082278481012658 0.0981012658227848 0.9113924050632911 0.11075949367088607 0.9113924050632911 0.11392405063291139 0.9082278481012658 0.1518987341772152 0.9082278481012658 0.13291139240506328 0.9082278481012658 0.12974683544303797 0.9050632911392406 0.12974683544303797 0.8987341772151899 0.13291139240506328 0.8955696202531646 0.3512658227848101 0.8955696202531646 0.35443037974683544 0.8987341772151899 0.35443037974683544 0.9050632911392406 0.3575949367088608 0.9082278481012658 0.37658227848101267 0.9082278481012658 0.379746835443038 0.9050632911392406 0.379746835443038 0.8860759493670886 0.37658227848101267 0.8829113924050633 0.37658227848101267 0.8734177215189873 0.3670886075949367 0.8639240506329114 0.3670886075949367 0.8607594936708861 0.3639240506329114 0.8575949367088608 0.3639240506329114 0.8544303797468354 0.36075949367088606 0.8512658227848101 0.36075949367088606 0.819620253164557 0.3639240506329114 0.8164556962025317 0.3639240506329114 0.810126582278481 0.3670886075949367 0.8069620253164557 0.3670886075949367 0.8006329113924051 0.370253164556962 0.7974683544303798 0.370253164556962 0.7943037974683544 0.37341772151898733 0.7911392405063291 0.37341772151898733 0.7879746835443038 0.3829113924050633 0.7784810126582279 0.3829113924050633 0.7721518987341772 0.3860759493670886 0.7689873417721519 0.3860759493670886 0.759493670886076 0.3829113924050633 0.7563291139240507 0.3829113924050633 0.75 0.379746835443038 0.7468354430379747 0.379746835443038 0.7436708860759493 0.3829113924050633 0.740506329113924 0.3829113924050633 0.7246835443037974 0.3670886075949367 0.7246835443037974 0.3639240506329114 0.7278481012658228 0.3639240506329114 0.7310126582278481 0.35443037974683544 0.740506329113924 0.3449367088607595 0.740506329113924 0.34177215189873417 0.7373417721518988 0.3291139240506329 0.7373417721518988 0.3259493670886076 0.7341772151898734 0.3069620253164557 0.7341772151898734 0.3037974683544304 0.7310126582278481 0.2974683544303797 0.7310126582278481 0.29430379746835444 0.7278481012658228 0.2848101265822785 0.7278481012658228 0.28164556962025317 0.7310126582278481 0.2626582278481013 0.7310126582278481 0.25949367088607594 0.7341772151898734 0.2468354430379747 0.7341772151898734 0.24367088607594936 0.7373417721518988 0.23417721518987342 0.7373417721518988 0.2310126582278481 0.740506329113924 0.22784810126582278 0.7373417721518988 0.14873417721518986 0.7373417721518988 0.14556962025316456 0.7341772151898734 0.13291139240506328 0.7341772151898734 0.12974683544303797 0.7373417721518988 0.11392405063291139 0.7373417721518988 0.11075949367088607 0.7341772151898734 0.11075949367088607 0.7310126582278481 0.10443037974683544 0.7246835443037974 0.10443037974683544 0.7215189873417721 0.09177215189873418 0.7215189873417721 0.08860759493670886 0.7246835443037974 0.07278481012658228 0.7246835443037974 0.06962025316455696 0.7278481012658228
1 0.9968354430379747 0.05063291139240506 0.9462025316455697 0.05063291139240506 0.9430379746835443 0.05379746835443038 0.9272151898734177 0.05379746835443038 0.9240506329113924 0.056962025316455694 0.8987341772151899 0.056962025316455694 0.8987341772151899 0.060126582278481014 0.9018987341772152 0.06329113924050633 0.9018987341772152 0.09177215189873418 0.8987341772151899 0.0949367088607595 0.8987341772151899 0.10126582278481013 0.8924050632911392 0.10759493670886076 0.8892405063291139 0.10759493670886076 0.8829113924050633 0.11392405063291139 0.8829113924050633 0.11708860759493671 0.8734177215189873 0.12658227848101267 0.8734177215189873 0.12974683544303797 0.870253164556962 0.13291139240506328 0.870253164556962 0.17088607594936708 0.8670886075949367 0.17405063291139242 0.8639240506329114 0.17405063291139242 0.8544303797468354 0.18354430379746836 0.8544303797468354 0.189873417721519 0.8481012658227848 0.1962025316455696 0.8449367088607594 0.1962025316455696 0.8449367088607594 0.19936708860759494 0.8417721518987342 0.20253164556962025 0.8417721518987342 0.20569620253164558 0.8354430379746836 0.2120253164556962 0.8322784810126582 0.2120253164556962 0.8291139240506329 0.21518987341772153 0.8069620253164557 0.21518987341772153 0.8037974683544303 0.21835443037974683 0.8037974683544303 0.22784810126582278 0.7943037974683544 0.23734177215189872 0.8765822784810127 0.23734177215189872 0.8765822784810127 0.23417721518987342 0.8860759493670886 0.22468354430379747 0.8955696202531646 0.22468354430379747 0.8987341772151899 0.22151898734177214 0.9208860759493671 0.22151898734177214 0.9240506329113924 0.21835443037974683 0.9272151898734177 0.21835443037974683 0.930379746835443 0.22151898734177214 0.9430379746835443 0.22151898734177214 0.9462025316455697 0.22468354430379747 0.9556962025316456 0.22468354430379747 0.9588607594936709 0.22784810126582278 0.9746835443037974 0.22784810126582278 0.9778481012658228 0.22468354430379747 0.9841772151898734 0.22468354430379747 0.9873417721518988 0.22151898734177214 0.9968354430379747 0.22151898734177214
1 0.8544303797468354 0.05379746835443038 0.8512658227848101 0.05379746835443038 0.8481012658227848 0.056962025316455694 0.8386075949367089 0.056962025316455694 0.8322784810126582 0.06329113924050633 0.819620253164557 0.06329113924050633 0.8164556962025317 0.060126582278481014 0.8132911392405063 0.060126582278481014 0.810126582278481 0.056962025316455694 0.7974683544303798 0.056962025316455694 0.7974683544303798 0.06645569620253164 0.7943037974683544 0.06962025316455696 0.7943037974683544 0.07911392405063292 0.7911392405063291 0.08227848101265822 0.7911392405063291 0.0981012658227848 0.7879746835443038 0.10126582278481013 0.7879746835443038 0.11075949367088607 0.7911392405063291 0.11392405063291139 0.7911392405063291 0.12341772151898735 0.7943037974683544 0.12658227848101267 0.7879746835443038 0.13291139240506328 0.7879746835443038 0.1360759493670886 0.7816455696202531 0.14240506329113925 0.7816455696202531 0.14556962025316456 0.7784810126582279 0.14873417721518986 0.7784810126582279 0.15822784810126583 0.7753164556962026 0.16139240506329114 0.7753164556962026 0.17088607594936708 0.7721518987341772 0.17405063291139242 0.7721518987341772 0.17721518987341772 0.7753164556962026 0.17721518987341772 0.7753164556962026 0.17088607594936708 0.7784810126582279 0.16772151898734178 0.7848101265822784 0.16772151898734178 0.7879746835443038 0.17088607594936708 0.7879746835443038 0.17721518987341772 0.7848101265822784 0.18037974683544303 0.7816455696202531 0.18037974683544303 0.7816455696202531 0.18670886075949367 0.7784810126582279 0.189873417721519 0.7721518987341772 0.189873417721519 0.7721518987341772 0.19936708860759494 0.7753164556962026 0.20253164556962025 0.7753164556962026 0.20569620253164558 0.7816455696202531 0.20569620253164558 0.7848101265822784 0.20253164556962025 0.7879746835443038 0.20253164556962025 0.7911392405063291 0.19936708860759494 0.7974683544303798 0.19936708860759494 0.8037974683544303 0.1930379746835443 0.8069620253164557 0.1930379746835443 0.810126582278481 0.189873417721519 0.810126582278481 0.18670886075949367 0.8132911392405063 0.18354430379746836 0.8132911392405063 0.16772151898734178 0.8227848101265823 0.15822784810126583 0.8259493670886076 0.15822784810126583 0.8291139240506329 0.1550632911392405 0.8322784810126582 0.1550632911392405 0.8322784810126582 0.1518987341772152 0.8354430379746836 0.14873417721518986 0.8354430379746836 0.13924050632911392 0.8417721518987342 0.13291139240506328 0.8417721518987342 0.11708860759493671 0.8386075949367089 0.11392405063291139 0.8386075949367089 0.10443037974683544 0.8417721518987342 0.10126582278481013 0.8417721518987342 0.0981012658227848 0.8575949367088608 0.08227848101265822 0.8639240506329114 0.08227848101265822 0.8639240506329114 0.06962025316455696 0.8575949367088608 0.06329113924050633 0.8575949367088608 0.060126582278481014 0.8544303797468354 0.056962025316455694
1 0.0031645569620253164 0.7246835443037974 0 0.7246835443037974 0 0.8386075949367089 0 0.8354430379746836 0.006329113924050633 0.8291139240506329 0.006329113924050633 0.8259493670886076 0.00949367088607595 0.8227848101265823 0.012658227848101266 0.8227848101265823 0.012658227848101266 0.819620253164557 0.006329113924050633 0.8132911392405063 0.006329113924050633 0.810126582278481 0.0031645569620253164 0.8069620253164557 0.0031645569620253164 0.7911392405063291 0.012658227848101266 0.7816455696202531 0.012658227848101266 0.7784810126582279 0.015822784810126583 0.7753164556962026 0.015822784810126583 0.7626582278481012 0.012658227848101266 0.759493670886076 0.012658227848101266 0.7373417721518988 0.00949367088607595 0.7341772151898734 0.00949367088607595 0.7278481012658228 0.006329113924050633 0.7278481012658228
1 0 0.8670886075949367 0 0.9050632911392406 0.00949367088607595 0.8955696202531646 0.00949367088607595 0.8892405063291139 0 0.879746835443038
2 0.9936708860759493 0.006329113924050633 0.9810126582278481 0 0.9525316455696202 0 0.9367088607594937 0.006329113924050633 0.9177215189873418 0.006329113924050633 0.8987341772151899 0 0.8955696202531646 0.00949367088607595 0.8734177215189873 0.03164556962025317 0.870253164556962 0.03164556962025317 0.8575949367088608 0.04746835443037975 0.8575949367088608 0.056962025316455694 0.8670886075949367 0.06962025316455696 0.8670886075949367 0.08227848101265822 0.8575949367088608 0.08544303797468354 0.8449367088607594 0.0981012658227848 0.8417721518987342 0.10443037974683544 0.8449367088607594 0.13291139240506328 0.8386075949367089 0.13924050632911392 0.8354430379746836 0.1550632911392405 0.8164556962025317 0.16772151898734178 0.8164556962025317 0.18354430379746836 0.8132911392405063 0.189873417721519 0.7974683544303798 0.20253164556962025 0.7911392405063291 0.20253164556962025 0.7658227848101266 0.21518987341772153 0.740506329113924 0.24367088607594936 0.7310126582278481 0.24367088607594936 0.7120253164556962 0.2563291139240506 0.6993670886075949 0.2563291139240506 0.689873417721519 0.2626582278481013 0.6772151898734177 0.2626582278481013 0.6677215189873418 0.2563291139240506 0.6234177215189873 0.2563291139240506 0.620253164556962 0.25949367088607594 0.6170886075949367 0.2563291139240506 0.6044303797468354 0.2563291139240506 0.6012658227848101 0.25949367088607594 0.5854430379746836 0.25949367088607594 0.5822784810126582 0.2563291139240506 0.5664556962025317 0.2563291139240506 0.5569620253164557 0.25 0.5443037974683544 0.25 0.5221518987341772 0.2626582278481013 0.49050632911392406 0.2626582278481013 0.4873417721518987 0.25949367088607594 0.47151898734177217 0.25949367088607594 0.46835443037974683 0.2626582278481013 0.4525316455696203 0.25949367088607594 0.44936708860759494 0.2626582278481013 0.439873417721519 0.2626582278481013 0.4272151898734177 0.27531645569620256 0.4272151898734177 0.2879746835443038 0.4050632911392405 0.31329113924050633 0.40189873417721517 0.3227848101265823 0.39556962025316456 0.3291139240506329 0.3987341772151899 0.33860759493670883 0.39556962025316456 0.3449367088607595 0.39556962025316456 0.4272151898734177 0.3860759493670886 0.44936708860759494 0.379746835443038 0.4525316455696203 0.36075949367088606 0.4525316455696203 0.3512658227848101 0.4651898734177215 0.33860759493670883 0.46835443037974683 0.3322784810126582 0.47468354430379744 0.31645569620253167 0.47468354430379744 0.2974683544303797 0.49050632911392406 0.2721518987341772 0.49050632911392406 0.25949367088607594 0.48417721518987344 0.22151898734177214 0.48417721518987344 0.21835443037974683 0.4810126582278481 0.16455696202531644 0.48417721518987344 0.1550632911392405 0.49050632911392406 0.14873417721518986 0.49050632911392406 0.1360759493670886 0.4810126582278481 0.11392405063291139 0.4810126582278481 0.10759493670886076 0.49050632911392406 0.10759493670886076 0.5158227848101266 0.0949367088607595 0.5284810126582279 0.08227848101265822 0.5316455696202531 0.08227848101265822 0.5632911392405063 0.08860759493670886 0.5759493670886076 0.08544303797468354 0.5822784810126582 0.08544303797468354 0.5949367088607594 0.08227848101265822 0.5981012658227848 0.08227848101265822 0.6360759493670886 0.08860759493670886 0.6518987341772152 0.08860759493670886 0.6772151898734177 0.08227848101265822 0.689873417721519 0.06329113924050633 0.689873417721519 0.060126582278481014 0.6867088607594937 0.02531645569620253 0.6867088607594937 0.022151898734177215 0.689873417721519 0.012658227848101266 0.689873417721519 0.012658227848101266 0.7151898734177216 0.0189873417721519 0.7215189873417721 0.0189873417721519 0.7246835443037974 0.012658227848101266 0.7278481012658228 0.0189873417721519 0.7753164556962026 0.006329113924050633 0.7911392405063291 0.006329113924050633 0.8069620253164557 0.015822784810126583 0.8227848101265823 0.00949367088607595 0.8259493670886076 0 0.8417721518987342 0 0.8639240506329114 0.0031645569620253164 0.8670886075949367 0.0031645569620253164 0.879746835443038 0.012658227848101266 0.8892405063291139 0.012658227848101266 0.9113924050632911 0.006329113924050633 0.9208860759493671 0.006329113924050633 0.9367088607594937 0.00949367088607595 0.939873417721519 0.00949367088607595 0.9715189873417721 0.015822784810126583 0.9778481012658228 0.015822784810126583 0.990506329113924 0.0189873417721519 0.990506329113924 0.022151898734177215 0.9968354430379747 0.03481012658227848 0.9968354430379747 0.022151898734177215 0.9873417721518988 0.022151898734177215 0.9746835443037974 0.015822784810126583 0.9651898734177216 0.0189873417721519 0.9620253164556962 0.0379746835443038 0.9620253164556962 0.05379746835443038 0.9556962025316456 0.060126582278481014 0.9556962025316456 0.07911392405063292 0.9810126582278481 0.08860759493670886 0.9810126582278481 0.09177215189873418 0.9841772151898734 0.08860759493670886 0.9873417721518988 0.08860759493670886 0.9968354430379747 0.0981012658227848 0.9968354430379747 0.10126582278481013 0.990506329113924 0.0981012658227848 0.9746835443037974 0.08544303797468354 0.9715189873417721 0.07911392405063292 0.9651898734177216 0.07911392405063292 0.9588607594936709 0.08860759493670886 0.9556962025316456 0.08860759493670886 0.9493670886075949 0.08227848101265822 0.939873417721519 0.0759493670886076 0.939873417721519 0.04746835443037975 0.9240506329113924 0.0379746835443038 0.9113924050632911 0.028481012658227847 0.9113924050632911 0.02531645569620253 0.9082278481012658 0.02531645569620253 0.8892405063291139 0.028481012658227847 0.8860759493670886 0.03164556962025317 0.8575949367088608 0.04430379746835443 0.8386075949367089 0.04430379746835443 0.7911392405063291 0.03164556962025317 0.7658227848101266 0.04430379746835443 0.7373417721518988 0.04430379746835443 0.7215189873417721 0.05063291139240506 0.7120253164556962 0.05063291139240506 0.7025316455696202 0.05379746835443038 0.6993670886075949 0.08544303797468354 0.6993670886075949 0.09177215189873418 0.689873417721519 0.09177215189873418 0.6835443037974683 0.10126582278481013 0.6740506329113924 0.10126582278481013 0.6265822784810127 0.0949367088607595 0.6139240506329114 0.10126582278481013 0.5949367088607594 0.10126582278481013 0.5791139240506329 0.11075949367088607 0.5664556962025317 0.11075949367088607 0.5569620253164557 0.12658227848101267 0.5348101265822784 0.12658227848101267 0.509493670886076 0.12974683544303797 0.5063291139240507 0.14556962025316456 0.509493670886076 0.15822784810126583 0.5031645569620253 0.18037974683544303 0.5031645569620253 0.1930379746835443 0.509493670886076 0.26582278481012656 0.509493670886076 0.2689873417721519 0.5063291139240507 0.3069620253164557 0.5063291139240507 0.310126582278481 0.5031645569620253 0.33544303797468356 0.5031645569620253 0.37341772151898733 0.48417721518987344 0.3987341772151899 0.4620253164556962 0.40189873417721517 0.4462025316455696 0.41139240506329117 0.43354430379746833 0.41455696202531644 0.4240506329113924 0.41139240506329117 0.3829113924050633 0.4208860759493671 0.3670886075949367 0.4208860759493671 0.3449367088607595 0.439873417721519 0.3037974683544304 0.439873417721519 0.28164556962025317 0.4430379746835443 0.27848101265822783 0.47151898734177217 0.27848101265822783 0.47468354430379744 0.28164556962025317 0.5348101265822784 0.28164556962025317 0.5379746835443038 0.27848101265822783 0.6075949367088608 0.28164556962025317 0.6392405063291139 0.2689873417721519 0.6677215189873418 0.27848101265822783 0.6962025316455697 0.27848101265822783 0.6993670886075949 0.27531645569620256 0.740506329113924 0.27848101265822783 0.7468354430379747 0.2689873417721519 0.7721518987341772 0.25949367088607594 0.7816455696202531 0.24050632911392406 0.8006329113924051 0.22784810126582278 0.8006329113924051 0.21835443037974683 0.8069620253164557 0.2120253164556962 0.8291139240506329 0.2120253164556962 0.8354430379746836 0.2088607594936709 0.8417721518987342 0.1962025316455696 0.8512658227848101 0.189873417721519 0.8512658227848101 0.18354430379746836 0.8670886075949367 0.17088607594936708 0.8670886075949367 0.13291139240506328 0.879746835443038 0.11392405063291139 0.8955696202531646 0.10126582278481013 0.8987341772151899 0.09177215189873418 0.8987341772151899 0.06329113924050633 0.8955696202531646 0.056962025316455694 0.9177215189873418 0.02531645569620253 0.930379746835443 0.015822784810126583 0.9430379746835443 0.015822784810126583 0.9556962025316456 0.02531645569620253 0.9683544303797469 0.02531645569620253 0.9968354430379747 0.015822784810126583
2 0.5474683544303798 0.29430379746835444 0.5443037974683544 0.2974683544303797 0.5411392405063291 0.2974683544303797 0.5411392405063291 0.3227848101265823 0.5443037974683544 0.3259493670886076 0.5537974683544303 0.3259493670886076 0.5632911392405063 0.33544303797468356 0.5632911392405063 0.33860759493670883 0.5664556962025317 0.33860759493670883 0.569620253164557 0.34177215189873417 0.569620253164557 0.34810126582278483 0.5759493670886076 0.35443037974683544 0.5759493670886076 0.3670886075949367 0.5791139240506329 0.370253164556962 0.5791139240506329 0.379746835443038 0.5854430379746836 0.3860759493670886 0.5854430379746836 0.3924050632911392 0.5917721518987342 0.3987341772151899 0.5917721518987342 0.41139240506329117 0.5886075949367089 0.41455696202531644 0.5886075949367089 0.4177215189873418 0.5854430379746836 0.4208860759493671 0.5854430379746836 0.4272151898734177 0.5822784810126582 0.43037974683544306 0.5822784810126582 0.44936708860759494 0.5791139240506329 0.4525316455696203 0.5791139240506329 0.4620253164556962 0.5854430379746836 0.4620253164556962 0.5886075949367089 0.4588607594936709 0.5949367088607594 0.4588607594936709 0.5949367088607594 0.45569620253164556 0.6012658227848101 0.44936708860759494 0.6012658227848101 0.43670886075949367 0.5949367088607594 0.43037974683544306 0.5949367088607594 0.4272151898734177 0.6044303797468354 0.4177215189873418 0.6075949367088608 0.4177215189873418 0.6075949367088608 0.41139240506329117 0.620253164556962 0.3987341772151899 0.620253164556962 0.3860759493670886 0.6234177215189873 0.3829113924050633 0.6234177215189873 0.379746835443038 0.6329113924050633 0.370253164556962 0.6329113924050633 0.3639240506329114 0.6360759493670886 0.36075949367088606 0.6424050632911392 0.36075949367088606 0.6424050632911392 0.35443037974683544 0.6455696202531646 0.3512658227848101 0.6518987341772152 0.3512658227848101 0.6518987341772152 0.3449367088607595 0.6487341772151899 0.34177215189873417 0.6487341772151899 0.3291139240506329 0.6455696202531646 0.3259493670886076 0.6455696202531646 0.3227848101265823 0.6392405063291139 0.3227848101265823 0.6360759493670886 0.3259493670886076 0.6360759493670886 0.33544303797468356 0.6392405063291139 0.33860759493670883 0.6360759493670886 0.34177215189873417 0.6329113924050633 0.34177215189873417 0.6329113924050633 0.3512658227848101 0.6265822784810127 0.3575949367088608 0.6265822784810127 0.36075949367088606 0.6170886075949367 0.370253164556962 0.6170886075949367 0.37341772151898733 0.6139240506329114 0.37658227848101267 0.6139240506329114 0.38924050632911394 0.6044303797468354 0.3987341772151899 0.6012658227848101 0.39556962025316456 0.6012658227848101 0.3924050632911392 0.5981012658227848 0.38924050632911394 0.5981012658227848 0.3860759493670886 0.5854430379746836 0.37341772151898733 0.5854430379746836 0.3670886075949367 0.5822784810126582 0.3639240506329114 0.5822784810126582 0.34810126582278483 0.5791139240506329 0.3449367088607595 0.5791139240506329 0.34177215189873417 0.5759493670886076 0.33860759493670883 0.5727848101265823 0.33860759493670883 0.569620253164557 0.33544303797468356 0.569620253164557 0.3227848101265823 0.5664556962025317 0.31962025316455694 0.5632911392405063 0.31962025316455694 0.560126582278481 0.31645569620253167 0.560126582278481 0.31329113924050633 0.5569620253164557 0.31329113924050633 0.5537974683544303 0.310126582278481 0.5569620253164557 0.3069620253164557 0.5569620253164557 0.2974683544303797 0.5537974683544303 0.29430379746835444
2 0.13291139240506328 0.8987341772151899 0.13291139240506328 0.9050632911392406 0.3512658227848101 0.9050632911392406 0.3512658227848101 0.8987341772151899
2 0.5379746835443038 0.8924050632911392 0.5379746835443038 0.8987341772151899 0.5537974683544303 0.8987341772151899 0.5569620253164557 0.8955696202531646 0.5632911392405063 0.8955696202531646 0.5664556962025317 0.8924050632911392 0.569620253164557 0.8955696202531646 0.5727848101265823 0.8955696202531646 0.5759493670886076 0.8987341772151899 0.6170886075949367 0.8987341772151899 0.620253164556962 0.9018987341772152 0.629746835443038 0.9018987341772152 0.6329113924050633 0.9050632911392406 0.6487341772151899 0.9050632911392406 0.6518987341772152 0.9082278481012658 0.6550632911392406 0.9082278481012658 0.6613924050632911 0.9145569620253164 0.6645569620253164 0.9145569620253164 0.6677215189873418 0.9177215189873418 0.6677215189873418 0.9208860759493671 0.6772151898734177 0.9208860759493671 0.6772151898734177 0.9145569620253164 0.6740506329113924 0.9113924050632911 0.6740506329113924 0.9082278481012658 0.6708860759493671 0.9082278481012658 0.6677215189873418 0.9050632911392406 0.6613924050632911 0.9050632911392406 0.6550632911392406 0.8987341772151899 0.6424050632911392 0.8987341772151899 0.6392405063291139 0.8955696202531646 0.629746835443038 0.8955696202531646 0.6265822784810127 0.8924050632911392 0.6170886075949367 0.8924050632911392 0.6139240506329114 0.8892405063291139 0.5727848101265823 0.8892405063291139 0.569620253164557 0.8860759493670886 0.5632911392405063 0.8860759493670886 0.560126582278481 0.8892405063291139 0.5443037974683544 0.8892405063291139 0.5411392405063291 0.8924050632911392
2 0.2626582278481013 0.1550632911392405 0.2563291139240506 0.1550632911392405 0.2563291139240506 0.16139240506329114 0.25316455696202533 0.16455696202531644 0.25316455696202533 0.16772151898734178 0.2468354430379747 0.17405063291139242 0.2468354430379747 0.18354430379746836 0.24367088607594936 0.18670886075949367 0.24367088607594936 0.189873417721519 0.23417721518987342 0.19936708860759494 0.23417721518987342 0.20569620253164558 0.2310126582278481 0.2088607594936709 0.2310126582278481 0.21518987341772153 0.22468354430379747 0.22151898734177214 0.22151898734177214 0.22151898734177214 0.21835443037974683 0.22468354430379747 0.21518987341772153 0.22151898734177214 0.21518987341772153 0.21835443037974683 0.20253164556962025 0.21835443037974683 0.20253164556962025 0.22468354430379747 0.2120253164556962 0.22468354430379747 0.21518987341772153 0.22784810126582278 0.21835443037974683 0.22784810126582278 0.22151898734177214 0.2310126582278481 0.22468354430379747 0.22784810126582278 0.23734177215189872 0.22784810126582278 0.23734177215189872 0.21518987341772153 0.24050632911392406 0.2120253164556962 0.24050632911392406 0.2088607594936709 0.25 0.19936708860759494 0.25 0.1930379746835443 0.25316455696202533 0.189873417721519 0.25316455696202533 0.18354430379746836 0.2563291139240506 0.18037974683544303 0.2563291139240506 0.17721518987341772 0.25949367088607594 0.17405063291139242 0.25949367088607594 0.17088607594936708 0.2626582278481013 0.16772151898734178