0 0.0975609756097561 0.7134146341463414 0.0975609756097561 0.7774390243902439 0.09451219512195122 0.7804878048780488 0.09451219512195122 0.7987804878048781 0.0975609756097561 0.801829268292683 0.0975609756097561 0.8079268292682927 0.09451219512195122 0.8109756097560976 0.09451219512195122 0.8140243902439024 0.0975609756097561 0.8170731707317073 0.0975609756097561 0.8292682926829268 0.09451219512195122 0.8323170731707317 0.09451219512195122 0.8445121951219512 0.09146341463414634 0.8475609756097561 0.09146341463414634 0.8719512195121951 0.13719512195121952 0.8719512195121951 0.1402439024390244 0.8689024390243902 0.14939024390243902 0.8689024390243902 0.1524390243902439 0.8719512195121951 0.2073170731707317 0.8719512195121951 0.21036585365853658 0.875 0.23170731707317074 0.875 0.2347560975609756 0.8719512195121951 0.27439024390243905 0.8719512195121951 0.2774390243902439 0.875 0.29573170731707316 0.875 0.29878048780487804 0.8780487804878049 0.3201219512195122 0.8780487804878049 0.3231707317073171 0.8810975609756098 0.35060975609756095 0.8810975609756098 0.35365853658536583 0.8780487804878049 0.39634146341463417 0.8780487804878049 0.39939024390243905 0.875 0.4176829268292683 0.875 0.42073170731707316 0.8780487804878049 0.5274390243902439 0.8780487804878049 0.5304878048780488 0.8810975609756098 0.5945121951219512 0.8810975609756098 0.5975609756097561 0.8841463414634146 0.6189024390243902 0.8841463414634146 0.6219512195121951 0.8810975609756098 0.6219512195121951 0.8628048780487805 0.625 0.8597560975609756 0.625 0.725609756097561 0.6219512195121951 0.725609756097561 0.6189024390243902 0.7225609756097561 0.5853658536585366 0.7225609756097561 0.5823170731707317 0.7195121951219512 0.5792682926829268 0.7225609756097561 0.5762195121951219 0.7225609756097561 0.573170731707317 0.7195121951219512 0.5365853658536586 0.7195121951219512 0.5335365853658537 0.7225609756097561 0.5274390243902439 0.7225609756097561 0.524390243902439 0.7195121951219512 0.5213414634146342 0.7195121951219512 0.5182926829268293 0.7225609756097561 0.5060975609756098 0.7225609756097561 0.5030487804878049 0.7195121951219512 0.375 0.7195121951219512 0.3719512195121951 0.7164634146341463 0.3567073170731707 0.7164634146341463 0.35365853658536583 0.7134146341463414 0.3475609756097561 0.7134146341463414 0.3445121951219512 0.7164634146341463 0.32621951219512196 0.7164634146341463 0.3231707317073171 0.7195121951219512 0.3201219512195122 0.7195121951219512 0.3170731707317073 0.7164634146341463 0.31402439024390244 0.7195121951219512 0.29878048780487804 0.7195121951219512 0.29573170731707316 0.7164634146341463 0.27439024390243905 0.7164634146341463 0.27134146341463417 0.7134146341463414 0.24695121951219512 0.7134146341463414 0.24390243902439024 0.7103658536585366 0.21036585365853658 0.7103658536585366 0.2073170731707317 0.7134146341463414 0.1402439024390244 0.7134146341463414 0.13719512195121952 0.7103658536585366 0.13414634146341464 0.7103658536585366 0.13109756097560976 0.7134146341463414 0.12804878048780488 0.7103658536585366 0.10060975609756098 0.7103658536585366
0 0.11585365853658537 0.3231707317073171 0.11585365853658537 0.3475609756097561 0.11890243902439024 0.35060975609756095 0.11890243902439024 0.40853658536585363 0.11585365853658537 0.4115853658536585 0.11585365853658537 0.4695121951219512 0.11890243902439024 0.4725609756097561 0.21036585365853658 0.4725609756097561 0.21341463414634146 0.47560975609756095 0.27134146341463417 0.47560975609756095 0.27439024390243905 0.47865853658536583 0.3201219512195122 0.47865853658536583 0.3231707317073171 0.4817073170731707 0.36890243902439024 0.4817073170731707 0.3719512195121951 0.47865853658536583 0.4847560975609756 0.47865853658536583 0.4878048780487805 0.4817073170731707 0.5640243902439024 0.4817073170731707 0.5670731707317073 0.4847560975609756 0.6341463414634146 0.4847560975609756 0.6371951219512195 0.4878048780487805 0.6402439024390244 0.4847560975609756 0.6432926829268293 0.4847560975609756 0.6432926829268293 0.47560975609756095 0.6463414634146342 0.4725609756097561 0.6432926829268293 0.4695121951219512 0.6432926829268293 0.375 0.6463414634146342 0.3719512195121951 0.6463414634146342 0.3567073170731707 0.649390243902439 0.35365853658536583 0.6463414634146342 0.35060975609756095 0.649390243902439 0.3475609756097561 0.6463414634146342 0.3445121951219512 0.6463414634146342 0.32926829268292684 0.6432926829268293 0.32621951219512196 0.6128048780487805 0.32621951219512196 0.6097560975609756 0.32926829268292684 0.6067073170731707 0.32926829268292684 0.6036585365853658 0.32621951219512196 0.5213414634146342 0.32621951219512196 0.5182926829268293 0.3231707317073171 0.5152439024390244 0.3231707317073171 0.5121951219512195 0.32621951219512196 0.49085365853658536 0.32621951219512196 0.4878048780487805 0.3231707317073171 0.4695121951219512 0.3231707317073171 0.46646341463414637 0.3201219512195122 0.45121951219512196 0.3201219512195122 0.4481707317073171 0.3170731707317073 0.4115853658536585 0.3170731707317073 0.40853658536585363 0.3201219512195122 0.3780487804878049 0.3201219512195122 0.375 0.3170731707317073 0.3719512195121951 0.3201219512195122 0.36890243902439024 0.3170731707317073 0.35365853658536583 0.3170731707317073 0.35060975609756095 0.3201219512195122 0.34146341463414637 0.3201219512195122 0.3384146341463415 0.3170731707317073 0.3353658536585366 0.3201219512195122 0.3323170731707317 0.3170731707317073 0.32926829268292684 0.3201219512195122 0.3170731707317073 0.3201219512195122 0.31402439024390244 0.3170731707317073 0.23170731707317074 0.3170731707317073 0.22865853658536586 0.31402439024390244 0.1798780487804878 0.31402439024390244 0.17682926829268292 0.3170731707317073 0.1524390243902439 0.3170731707317073 0.14939024390243902 0.31402439024390244 0.12195121951219512 0.31402439024390244 0.11890243902439024 0.3170731707317073 0.11890243902439024 0.3201219512195122
0 0.15853658536585366 0.5487804878048781 0.15853658536585366 0.5609756097560976 0.16158536585365854 0.5640243902439024 0.16158536585365854 0.5914634146341463 0.15853658536585366 0.5945121951219512 0.16158536585365854 0.5975609756097561 0.15853658536585366 0.600609756097561 0.15853658536585366 0.6036585365853658 0.15548780487804878 0.6067073170731707 0.15548780487804878 0.6280487804878049 0.15853658536585366 0.6310975609756098 0.15853658536585366 0.6341463414634146 0.16463414634146342 0.6402439024390244 0.16463414634146342 0.6463414634146342 0.1676829268292683 0.649390243902439 0.16463414634146342 0.6524390243902439 0.16463414634146342 0.6554878048780488 0.17073170731707318 0.6615853658536586 0.17378048780487804 0.6615853658536586 0.17682926829268292 0.6646341463414634 0.18902439024390244 0.6646341463414634 0.19207317073170732 0.6676829268292683 0.23170731707317074 0.6676829268292683 0.2347560975609756 0.6707317073170732 0.2530487804878049 0.6707317073170732 0.25609756097560976 0.6737804878048781 0.2804878048780488 0.6737804878048781 0.28353658536585363 0.6707317073170732 0.3323170731707317 0.6707317073170732 0.3353658536585366 0.6737804878048781 0.34146341463414637 0.6737804878048781 0.3445121951219512 0.676829268292683 0.35365853658536583 0.676829268292683 0.3567073170731707 0.6737804878048781 0.3932926829268293 0.6737804878048781 0.39634146341463417 0.676829268292683 0.4115853658536585 0.676829268292683 0.4146341463414634 0.6737804878048781 0.46646341463414637 0.6737804878048781 0.4695121951219512 0.676829268292683 0.4969512195121951 0.676829268292683 0.5 0.6798780487804879 0.524390243902439 0.6798780487804879 0.5274390243902439 0.676829268292683 0.5975609756097561 0.676829268292683 0.600609756097561 0.6798780487804879 0.6585365853658537 0.6798780487804879 0.6615853658536586 0.676829268292683 0.6615853658536586 0.6128048780487805 0.6646341463414634 0.6097560975609756 0.6646341463414634 0.5975609756097561 0.6676829268292683 0.5945121951219512 0.6676829268292683 0.5762195121951219 0.6646341463414634 0.573170731707317 0.6646341463414634 0.5548780487804879 0.6676829268292683 0.551829268292683 0.6676829268292683 0.5426829268292683 0.6646341463414634 0.5396341463414634 0.6646341463414634 0.5365853658536586 0.6676829268292683 0.5335365853658537 0.6676829268292683 0.5274390243902439 0.6646341463414634 0.524390243902439 0.6646341463414634 0.5213414634146342 0.6402439024390244 0.5213414634146342 0.6371951219512195 0.5182926829268293 0.6280487804878049 0.5182926829268293 0.625 0.5213414634146342 0.5579268292682927 0.5213414634146342 0.5548780487804879 0.5182926829268293 0.5365853658536586 0.5182926829268293 0.5335365853658537 0.5152439024390244 0.47560975609756095 0.5152439024390244 0.4725609756097561 0.5121951219512195 0.4695121951219512 0.5121951219512195 0.46646341463414637 0.5152439024390244 0.4573170731707317 0.5152439024390244 0.45426829268292684 0.5182926829268293 0.4176829268292683 0.5182926829268293 0.4146341463414634 0.5152439024390244 0.2926829268292683 0.5152439024390244 0.2896341463414634 0.5121951219512195 0.2865853658536585 0.5121951219512195 0.28353658536585363 0.5152439024390244 0.22560975609756098 0.5152439024390244 0.2225609756097561 0.5182926829268293 0.21646341463414634 0.5182926829268293 0.21341463414634146 0.5213414634146342 0.20426829268292682 0.5213414634146342 0.20121951219512196 0.5182926829268293 0.19817073170731708 0.5213414634146342 0.1951219512195122 0.5213414634146342 0.19207317073170732 0.524390243902439 0.18597560975609756 0.524390243902439 0.18292682926829268 0.5274390243902439 0.1798780487804878 0.524390243902439 0.17682926829268292 0.5274390243902439 0.17073170731707318 0.5274390243902439 0.17073170731707318 0.5304878048780488 0.16463414634146342 0.5365853658536586 0.16463414634146342 0.5396341463414634 0.16158536585365854 0.5426829268292683 0.16158536585365854 0.5457317073170732
0 0.4298780487804878 0.13719512195121952 0.4298780487804878 0.1402439024390244 0.4329268292682927 0.14329268292682926 0.4329268292682927 0.14939024390243902 0.43597560975609756 0.1524390243902439 0.4329268292682927 0.15548780487804878 0.4329268292682927 0.17073170731707318 0.4268292682926829 0.17682926829268292 0.4268292682926829 0.18597560975609756 0.42378048780487804 0.18902439024390244 0.42378048780487804 0.19207317073170732 0.4268292682926829 0.1951219512195122 0.42378048780487804 0.19817073170731708 0.42378048780487804 0.2073170731707317 0.4268292682926829 0.21036585365853658 0.4268292682926829 0.21341463414634146 0.4298780487804878 0.21646341463414634 0.4298780487804878 0.23170731707317074 0.4268292682926829 0.2347560975609756 0.4268292682926829 0.23780487804878048 0.4298780487804878 0.24085365853658536 0.4298780487804878 0.25 0.43902439024390244 0.25914634146341464 0.4451219512195122 0.25914634146341464 0.4481707317073171 0.2621951219512195 0.4603658536585366 0.2621951219512195 0.4634146341463415 0.2652439024390244 0.4695121951219512 0.2652439024390244 0.4725609756097561 0.2682926829268293 0.47560975609756095 0.2652439024390244 0.47865853658536583 0.2682926829268293 0.49085365853658536 0.2682926829268293 0.49390243902439024 0.27134146341463417 0.5182926829268293 0.27134146341463417 0.5213414634146342 0.2682926829268293 0.5335365853658537 0.2682926829268293 0.5365853658536586 0.27134146341463417 0.6463414634146342 0.27134146341463417 0.649390243902439 0.27439024390243905 0.6676829268292683 0.27439024390243905 0.6707317073170732 0.27134146341463417 0.75 0.27134146341463417 0.7530487804878049 0.27439024390243905 0.801829268292683 0.27439024390243905 0.8048780487804879 0.27134146341463417 0.8170731707317073 0.27134146341463417 0.8201219512195121 0.2682926829268293 0.823170731707317 0.27134146341463417 0.8262195121951219 0.27134146341463417 0.8292682926829268 0.2682926829268293 0.8963414634146342 0.2682926829268293 0.899390243902439 0.27134146341463417 0.9024390243902439 0.2682926829268293 0.9085365853658537 0.2682926829268293 0.9115853658536586 0.2652439024390244 0.9146341463414634 0.2652439024390244 0.9237804878048781 0.25609756097560976 0.926829268292683 0.25609756097560976 0.926829268292683 0.2530487804878049 0.9298780487804879 0.25 0.9298780487804879 0.24390243902439024 0.9329268292682927 0.24085365853658536 0.9329268292682927 0.22560975609756098 0.9298780487804879 0.2225609756097561 0.9298780487804879 0.2073170731707317 0.9390243902439024 0.19817073170731708 0.9390243902439024 0.1951219512195122 0.9420731707317073 0.19207317073170732 0.9420731707317073 0.1676829268292683 0.9451219512195121 0.16463414634146342 0.9451219512195121 0.11890243902439024 0.9329268292682927 0.11890243902439024 0.9298780487804879 0.12195121951219512 0.9237804878048781 0.12195121951219512 0.9207317073170732 0.11890243902439024 0.8414634146341463 0.11890243902439024 0.8384146341463414 0.11585365853658537 0.774390243902439 0.11585365853658537 0.7713414634146342 0.11890243902439024 0.7073170731707317 0.11890243902439024 0.7042682926829268 0.11585365853658537 0.4847560975609756 0.11585365853658537 0.4817073170731707 0.11890243902439024 0.47865853658536583 0.11585365853658537 0.47560975609756095 0.11585365853658537 0.4725609756097561 0.11890243902439024 0.4695121951219512 0.11890243902439024 0.4634146341463415 0.125 0.4634146341463415 0.12804878048780488 0.4603658536585366 0.13109756097560976 0.4573170731707317 0.13109756097560976 0.45121951219512196 0.125 0.4451219512195122 0.125 0.4420731707317073 0.12804878048780488 0.43902439024390244 0.12804878048780488 0.43597560975609756 0.13109756097560976 0.4329268292682927 0.13109756097560976 0.4329268292682927 0.13414634146341464
0 0.7012195121951219 0.32621951219512196 0.7012195121951219 0.3780487804878049 0.698170731707317 0.38109756097560976 0.7012195121951219 0.38414634146341464 0.7012195121951219 0.4451219512195122 0.698170731707317 0.4481707317073171 0.698170731707317 0.4817073170731707 0.7164634146341463 0.4817073170731707 0.7195121951219512 0.47865853658536583 0.7713414634146342 0.47865853658536583 0.774390243902439 0.4817073170731707 0.9420731707317073 0.4817073170731707 0.9451219512195121 0.4847560975609756 0.9969512195121951 0.4847560975609756 0.9969512195121951 0.32926829268292684 0.9451219512195121 0.32926829268292684 0.9420731707317073 0.32621951219512196 0.8841463414634146 0.32621951219512196 0.8810975609756098 0.3231707317073171 0.8353658536585366 0.3231707317073171 0.8323170731707317 0.32621951219512196 0.7987804878048781 0.32621951219512196 0.7957317073170732 0.3231707317073171 0.7439024390243902 0.3231707317073171 0.7408536585365854 0.3201219512195122 0.725609756097561 0.3201219512195122 0.7225609756097561 0.3231707317073171 0.7042682926829268 0.3231707317073171
0 0.926829268292683 0.7225609756097561 0.9237804878048781 0.7195121951219512 0.8932926829268293 0.7195121951219512 0.8902439024390244 0.7164634146341463 0.8871951219512195 0.7164634146341463 0.8841463414634146 0.7134146341463414 0.875 0.7134146341463414 0.8719512195121951 0.7164634146341463 0.8567073170731707 0.7164634146341463 0.8536585365853658 0.7195121951219512 0.850609756097561 0.7164634146341463 0.8292682926829268 0.7164634146341463 0.8262195121951219 0.7195121951219512 0.7347560975609756 0.7195121951219512 0.7317073170731707 0.7164634146341463 0.725609756097561 0.7164634146341463 0.7164634146341463 0.725609756097561 0.7134146341463414 0.725609756097561 0.7103658536585366 0.7286585365853658 0.7012195121951219 0.7286585365853658 0.6951219512195121 0.7347560975609756 0.6951219512195121 0.7408536585365854 0.6920731707317073 0.7439024390243902 0.6890243902439024 0.7408536585365854 0.6890243902439024 0.7378048780487805 0.6859756097560976 0.7347560975609756 0.6829268292682927 0.7347560975609756 0.6798780487804879 0.7317073170731707 0.6737804878048781 0.7317073170731707 0.6737804878048781 0.7408536585365854 0.6829268292682927 0.75 0.6798780487804879 0.7530487804878049 0.676829268292683 0.7530487804878049 0.676829268292683 0.7682926829268293 0.6676829268292683 0.7774390243902439 0.6646341463414634 0.7774390243902439 0.6615853658536586 0.7804878048780488 0.6615853658536586 0.8109756097560976 0.6646341463414634 0.8140243902439024 0.6646341463414634 0.8201219512195121 0.6615853658536586 0.823170731707317 0.6615853658536586 0.8292682926829268 0.6585365853658537 0.8323170731707317 0.6585365853658537 0.8384146341463414 0.6615853658536586 0.8414634146341463 0.6615853658536586 0.850609756097561 0.6646341463414634 0.8536585365853658 0.6646341463414634 0.8719512195121951 0.6676829268292683 0.875 0.6707317073170732 0.875 0.6737804878048781 0.8780487804878049 0.6920731707317073 0.8780487804878049 0.6951219512195121 0.875 0.7286585365853658 0.875 0.7317073170731707 0.8780487804878049 0.7378048780487805 0.8780487804878049 0.7408536585365854 0.8810975609756098 0.7621951219512195 0.8810975609756098 0.7652439024390244 0.8780487804878049 0.7713414634146342 0.8780487804878049 0.774390243902439 0.875 0.8292682926829268 0.875 0.8323170731707317 0.8780487804878049 0.8475609756097561 0.8780487804878049 0.850609756097561 0.875 0.875 0.875 0.8780487804878049 0.8780487804878049 0.8841463414634146 0.8780487804878049 0.899390243902439 0.8628048780487805 0.9024390243902439 0.8628048780487805 0.9024390243902439 0.8597560975609756 0.9054878048780488 0.8567073170731707 0.9085365853658537 0.8567073170731707 0.9085365853658537 0.8475609756097561 0.9054878048780488 0.8445121951219512 0.9054878048780488 0.8384146341463414 0.9115853658536586 0.8323170731707317 0.9115853658536586 0.8292682926829268 0.9085365853658537 0.8262195121951219 0.9085365853658537 0.8201219512195121 0.9146341463414634 0.8140243902439024 0.9176829268292683 0.8140243902439024 0.9176829268292683 0.8109756097560976 0.9146341463414634 0.8079268292682927 0.9146341463414634 0.7957317073170732 0.9207317073170732 0.7896341463414634 0.9207317073170732 0.7835365853658537 0.9237804878048781 0.7804878048780488 0.9207317073170732 0.7774390243902439 0.9207317073170732 0.774390243902439 0.9237804878048781 0.7713414634146342 0.9237804878048781 0.7591463414634146 0.926829268292683 0.7560975609756098 0.926829268292683 0.75 0.9298780487804879 0.7469512195121951 0.9298780487804879 0.7408536585365854 0.926829268292683 0.7378048780487805
0 0.13109756097560976 0.10670731707317073 0.13109756097560976 0.11585365853658537 0.12804878048780488 0.11890243902439024 0.12804878048780488 0.12804878048780488 0.125 0.13109756097560976 0.125 0.1402439024390244 0.12195121951219512 0.14329268292682926 0.12195121951219512 0.15548780487804878 0.125 0.15853658536585366 0.125 0.1676829268292683 0.12804878048780488 0.17073170731707318 0.12804878048780488 0.17682926829268292 0.13109756097560976 0.1798780487804878 0.13109756097560976 0.18597560975609756 0.13414634146341464 0.18902439024390244 0.13414634146341464 0.19207317073170732 0.13719512195121952 0.1951219512195122 0.13719512195121952 0.19817073170731708 0.1402439024390244 0.20121951219512196 0.1402439024390244 0.20426829268292682 0.14329268292682926 0.20426829268292682 0.14939024390243902 0.21036585365853658 0.14939024390243902 0.21951219512195122 0.14634146341463414 0.2225609756097561 0.14634146341463414 0.2347560975609756 0.15548780487804878 0.24390243902439024 0.15853658536585366 0.24390243902439024 0.16158536585365854 0.24695121951219512 0.16463414634146342 0.24695121951219512 0.1676829268292683 0.25 0.17378048780487804 0.25 0.17682926829268292 0.2530487804878049 0.1798780487804878 0.2530487804878049 0.18292682926829268 0.25609756097560976 0.18597560975609756 0.2530487804878049 0.19207317073170732 0.2530487804878049 0.1951219512195122 0.25 0.20426829268292682 0.25 0.2073170731707317 0.2530487804878049 0.2225609756097561 0.2530487804878049 0.22560975609756098 0.25609756097560976 0.23170731707317074 0.25609756097560976 0.23170731707317074 0.2530487804878049 0.2347560975609756 0.25 0.24085365853658536 0.25 0.24390243902439024 0.24695121951219512 0.24695121951219512 0.24695121951219512 0.25 0.25 0.25609756097560976 0.25 0.25914634146341464 0.24695121951219512 0.2652439024390244 0.24695121951219512 0.2682926829268293 0.25 0.27134146341463417 0.25 0.27439024390243905 0.2530487804878049 0.2774390243902439 0.25 0.2804878048780488 0.25 0.2865853658536585 0.25609756097560976 0.2926829268292683 0.25609756097560976 0.29573170731707316 0.25914634146341464 0.31097560975609756 0.25914634146341464 0.31402439024390244 0.2621951219512195 0.3170731707317073 0.2621951219512195 0.3201219512195122 0.25914634146341464 0.3231707317073171 0.25914634146341464 0.32621951219512196 0.25609756097560976 0.3323170731707317 0.25609756097560976 0.3353658536585366 0.25914634146341464 0.3384146341463415 0.25914634146341464 0.34146341463414637 0.25609756097560976 0.3475609756097561 0.25609756097560976 0.35060975609756095 0.2530487804878049 0.35365853658536583 0.2530487804878049 0.3567073170731707 0.25 0.3597560975609756 0.25 0.3628048780487805 0.24695121951219512 0.36890243902439024 0.24695121951219512 0.3628048780487805 0.24695121951219512 0.3597560975609756 0.24390243902439024 0.3719512195121951 0.23170731707317074 0.3719512195121951 0.22865853658536586 0.375 0.22560975609756098 0.375 0.21951219512195122 0.3871951219512195 0.2073170731707317 0.3902439024390244 0.2073170731707317 0.3902439024390244 0.20426829268292682 0.3932926829268293 0.20121951219512196 0.3932926829268293 0.19207317073170732 0.39634146341463417 0.18902439024390244 0.39634146341463417 0.17073170731707318 0.3932926829268293 0.1676829268292683 0.3932926829268293 0.11280487804878049 0.3719512195121951 0.11280487804878049 0.36890243902439024 0.10975609756097561 0.21341463414634146 0.10975609756097561 0.21036585365853658 0.10670731707317073 0.15853658536585366 0.10670731707317073 0.15548780487804878 0.10365853658536585 0.13414634146341464 0.10365853658536585
0 0.6951219512195121 0.5304878048780488 0.6951219512195121 0.573170731707317 0.698170731707317 0.5762195121951219 0.698170731707317 0.6036585365853658 0.6951219512195121 0.6067073170731707 0.6951219512195121 0.6189024390243902 0.698170731707317 0.6219512195121951 0.698170731707317 0.625 0.7042682926829268 0.6310975609756098 0.7042682926829268 0.6341463414634146 0.7073170731707317 0.6341463414634146 0.7103658536585366 0.6371951219512195 0.7103658536585366 0.6554878048780488 0.7134146341463414 0.6585365853658537 0.725609756097561 0.6585365853658537 0.7286585365853658 0.6615853658536586 0.7317073170731707 0.6615853658536586 0.7378048780487805 0.6676829268292683 0.7378048780487805 0.6646341463414634 0.7408536585365854 0.6615853658536586 0.7469512195121951 0.6615853658536586 0.75 0.6646341463414634 0.7926829268292683 0.6646341463414634 0.7957317073170732 0.6676829268292683 0.8048780487804879 0.6676829268292683 0.8079268292682927 0.6646341463414634 0.823170731707317 0.6646341463414634 0.8262195121951219 0.6615853658536586 0.8292682926829268 0.6615853658536586 0.8323170731707317 0.6646341463414634 0.8323170731707317 0.6707317073170732 0.8384146341463414 0.6707317073170732 0.8414634146341463 0.6737804878048781 0.8445121951219512 0.6707317073170732 0.850609756097561 0.6707317073170732 0.8536585365853658 0.6737804878048781 0.8567073170731707 0.6737804878048781 0.8597560975609756 0.6707317073170732 0.8658536585365854 0.6707317073170732 0.875 0.6615853658536586 0.8810975609756098 0.6615853658536586 0.8841463414634146 0.6585365853658537 0.8871951219512195 0.6585365853658537 0.8932926829268293 0.6646341463414634 0.8963414634146342 0.6646341463414634 0.899390243902439 0.6615853658536586 0.9085365853658537 0.6615853658536586 0.9115853658536586 0.6646341463414634 0.9237804878048781 0.6646341463414634 0.926829268292683 0.6615853658536586 0.926829268292683 0.6585365853658537 0.9298780487804879 0.6554878048780488 0.9298780487804879 0.649390243902439 0.9359756097560976 0.6432926829268293 0.9359756097560976 0.6371951219512195 0.9329268292682927 0.6341463414634146 0.9359756097560976 0.6310975609756098 0.9359756097560976 0.6219512195121951 0.9329268292682927 0.6189024390243902 0.9329268292682927 0.6097560975609756 0.9390243902439024 0.6036585365853658 0.9390243902439024 0.5792682926829268 0.9329268292682927 0.573170731707317 0.9329268292682927 0.5670731707317073 0.9359756097560976 0.5640243902439024 0.9359756097560976 0.5609756097560976 0.9390243902439024 0.5579268292682927 0.9359756097560976 0.5548780487804879 0.9359756097560976 0.5487804878048781 0.9298780487804879 0.5426829268292683 0.9115853658536586 0.5426829268292683 0.9085365853658537 0.5396341463414634 0.9024390243902439 0.5396341463414634 0.8963414634146342 0.5335365853658537 0.8871951219512195 0.5335365853658537 0.8841463414634146 0.5304878048780488 0.8170731707317073 0.5304878048780488 0.8140243902439024 0.5274390243902439 0.698170731707317 0.5274390243902439
0 0.4329268292682927 0.01524390243902439 0.4329268292682927 0.042682926829268296 0.43597560975609756 0.04573170731707317 0.43597560975609756 0.057926829268292686 0.4725609756097561 0.057926829268292686 0.47560975609756095 0.06097560975609756 0.524390243902439 0.06097560975609756 0.5274390243902439 0.057926829268292686 0.551829268292683 0.057926829268292686 0.5548780487804879 0.06097560975609756 0.5579268292682927 0.057926829268292686 0.5609756097560976 0.057926829268292686 0.5640243902439024 0.06097560975609756 0.5945121951219512 0.06097560975609756 0.5975609756097561 0.057926829268292686 0.6158536585365854 0.057926829268292686 0.6189024390243902 0.06097560975609756 0.6463414634146342 0.06097560975609756 0.649390243902439 0.057926829268292686 0.6554878048780488 0.057926829268292686 0.6585365853658537 0.06097560975609756 0.7042682926829268 0.06097560975609756 0.7073170731707317 0.06402439024390244 0.8170731707317073 0.06402439024390244 0.8201219512195121 0.06097560975609756 0.8384146341463414 0.06097560975609756 0.8414634146341463 0.057926829268292686 0.8475609756097561 0.057926829268292686 0.850609756097561 0.054878048780487805 0.8689024390243902 0.054878048780487805 0.8719512195121951 0.051829268292682924 0.8780487804878049 0.057926829268292686 0.8810975609756098 0.057926829268292686 0.8841463414634146 0.06097560975609756 0.8932926829268293 0.06097560975609756 0.8963414634146342 0.057926829268292686 0.9024390243902439 0.057926829268292686 0.9054878048780488 0.054878048780487805 0.9207317073170732 0.054878048780487805 0.9329268292682927 0.042682926829268296 0.9329268292682927 0.03353658536585366 0.9359756097560976 0.03048780487804878 0.9359756097560976 0.018292682926829267 0.9329268292682927 0.01524390243902439 0.9359756097560976 0.012195121951219513 0.9359756097560976 0 0.43597560975609756 0 0.43597560975609756 0.012195121951219513
0 0 0.9207317073170732 0 0.9969512195121951 0.36890243902439024 0.9969512195121951 0.3719512195121951 0.9939024390243902 0.36890243902439024 0.9908536585365854 0.36890243902439024 0.9420731707317073 0.36585365853658536 0.9390243902439024 0.36585365853658536 0.9329268292682927 0.36890243902439024 0.9298780487804879 0.36890243902439024 0.926829268292683 0.3475609756097561 0.926829268292683 0.3445121951219512 0.9237804878048781 0.3384146341463415 0.9237804878048781 0.3353658536585366 0.926829268292683 0.32621951219512196 0.926829268292683 0.3231707317073171 0.9237804878048781 0.20121951219512196 0.9237804878048781 0.19817073170731708 0.9207317073170732 0.17682926829268292 0.9207317073170732 0.17378048780487804 0.9237804878048781 0.1676829268292683 0.9237804878048781 0.16463414634146342 0.9207317073170732 0.16158536585365854 0.9237804878048781 0.14939024390243902 0.9237804878048781 0.14634146341463414 0.9207317073170732 0.13719512195121952 0.9207317073170732 0.13414634146341464 0.9237804878048781 0.13109756097560976 0.9207317073170732 0.10975609756097561 0.9207317073170732 0.10670731707317073 0.9237804878048781 0.10365853658536585 0.9207317073170732 0.10060975609756098 0.9207317073170732 0.0975609756097561 0.9237804878048781 0.06097560975609756 0.9237804878048781 0.057926829268292686 0.9207317073170732 0.042682926829268296 0.9207317073170732 0.039634146341463415 0.9237804878048781 0.03353658536585366 0.9237804878048781 0.03048780487804878 0.9207317073170732
0 0.4054878048780488 0.926829268292683 0.4054878048780488 0.9420731707317073 0.4024390243902439 0.9451219512195121 0.4024390243902439 0.9542682926829268 0.39939024390243905 0.9573170731707317 0.39939024390243905 0.9725609756097561 0.4024390243902439 0.975609756097561 0.4024390243902439 0.9969512195121951 0.6646341463414634 0.9969512195121951 0.6646341463414634 0.9664634146341463 0.6676829268292683 0.9634146341463414 0.6676829268292683 0.9390243902439024 0.6646341463414634 0.9359756097560976 0.6646341463414634 0.9329268292682927 0.6341463414634146 0.9329268292682927 0.6310975609756098 0.9298780487804879 0.6067073170731707 0.9298780487804879 0.6036585365853658 0.9329268292682927 0.600609756097561 0.9298780487804879 0.5304878048780488 0.9298780487804879 0.5274390243902439 0.926829268292683 0.43902439024390244 0.926829268292683 0.43597560975609756 0.9237804878048781 0.4176829268292683 0.9237804878048781 0.4146341463414634 0.926829268292683 0.4115853658536585 0.9237804878048781 0.40853658536585363 0.9237804878048781
0 0 0.09451219512195122 0 0.25609756097560976 0.006097560975609756 0.25609756097560976 0.009146341463414634 0.2530487804878049 0.10670731707317073 0.2530487804878049 0.10670731707317073 0.2225609756097561 0.10975609756097561 0.21951219512195122 0.10670731707317073 0.21646341463414634 0.10670731707317073 0.14939024390243902 0.10975609756097561 0.14634146341463414 0.10975609756097561 0.13719512195121952 0.10670731707317073 0.13414634146341464 0.10670731707317073 0.12195121951219512 0.10975609756097561 0.11890243902439024 0.10975609756097561 0.11585365853658537 0.10670731707317073 0.11280487804878049 0.10670731707317073 0.0975609756097561 0.009146341463414634 0.0975609756097561 0.006097560975609756 0.09451219512195122
0 0.6920731707317073 0.9969512195121951 0.9512195121951219 0.9969512195121951 0.9512195121951219 0.948170731707317 0.9542682926829268 0.9451219512195121 0.9542682926829268 0.9329268292682927 0.948170731707317 0.9329268292682927 0.9451219512195121 0.9298780487804879 0.9237804878048781 0.9298780487804879 0.9207317073170732 0.926829268292683 0.9176829268292683 0.9298780487804879 0.9024390243902439 0.9298780487804879 0.899390243902439 0.9329268292682927 0.8810975609756098 0.9329268292682927 0.8780487804878049 0.9298780487804879 0.8384146341463414 0.9298780487804879 0.8353658536585366 0.926829268292683 0.7560975609756098 0.926829268292683 0.7530487804878049 0.9298780487804879 0.75 0.926829268292683 0.7469512195121951 0.926829268292683 0.7378048780487805 0.9359756097560976 0.7317073170731707 0.9359756097560976 0.7286585365853658 0.9390243902439024 0.7195121951219512 0.9390243902439024 0.7164634146341463 0.9420731707317073 0.7164634146341463 0.9451219512195121 0.7103658536585366 0.9512195121951219 0.7103658536585366 0.9573170731707317 0.7073170731707317 0.9603658536585366 0.7073170731707317 0.9634146341463414 0.7103658536585366 0.9664634146341463 0.7042682926829268 0.9725609756097561 0.7042682926829268 0.9939024390243902 0.7012195121951219 0.9969512195121951
0 0 0.5121951219512195 0 0.6554878048780488 0.006097560975609756 0.6554878048780488 0.009146341463414634 0.6585365853658537 0.012195121951219513 0.6554878048780488 0.01524390243902439 0.6554878048780488 0.018292682926829267 0.6585365853658537 0.03048780487804878 0.6585365853658537 0.03353658536585366 0.6615853658536586 0.036585365853658534 0.6585365853658537 0.042682926829268296 0.6585365853658537 0.04573170731707317 0.6615853658536586 0.051829268292682924 0.6615853658536586 0.054878048780487805 0.6646341463414634 0.07317073170731707 0.6646341463414634 0.07621951219512195 0.6615853658536586 0.08536585365853659 0.6615853658536586 0.09146341463414634 0.6554878048780488 0.09146341463414634 0.6463414634146342 0.08841463414634146 0.6463414634146342 0.08536585365853659 0.6432926829268293 0.08536585365853659 0.6371951219512195 0.10060975609756098 0.6219512195121951 0.10060975609756098 0.600609756097561 0.0975609756097561 0.5975609756097561 0.0975609756097561 0.5914634146341463 0.10060975609756098 0.5884146341463414 0.10060975609756098 0.5579268292682927 0.10365853658536585 0.5548780487804879 0.10365853658536585 0.5182926829268293 0.09146341463414634 0.5182926829268293 0.08841463414634146 0.5152439024390244 0.08536585365853659 0.5152439024390244 0.08231707317073171 0.5182926829268293 0.07926829268292683 0.5152439024390244 0.07621951219512195 0.5152439024390244 0.07317073170731707 0.5121951219512195 0.06707317073170732 0.5121951219512195 0.06402439024390244 0.5152439024390244 0.021341463414634148 0.5152439024390244 0.018292682926829267 0.5121951219512195
0 0.06097560975609756 0.31097560975609756 0.024390243902439025 0.31097560975609756 0.021341463414634148 0.3079268292682927 0.018292682926829267 0.3079268292682927 0.01524390243902439 0.31097560975609756 0.012195121951219513 0.31097560975609756 0.009146341463414634 0.3079268292682927 0 0.3079268292682927 0 0.4573170731707317 0.012195121951219513 0.4573170731707317 0.01524390243902439 0.45426829268292684 0.021341463414634148 0.45426829268292684 0.027439024390243903 0.4481707317073171 0.04878048780487805 0.4481707317073171 0.04878048780487805 0.4451219512195122 0.04573170731707317 0.4451219512195122 0.042682926829268296 0.4420731707317073 0.054878048780487805 0.4298780487804878 0.051829268292682924 0.4268292682926829 0.051829268292682924 0.42073170731707316 0.057926829268292686 0.4146341463414634 0.057926829268292686 0.4115853658536585 0.054878048780487805 0.40853658536585363 0.054878048780487805 0.4024390243902439 0.06097560975609756 0.39634146341463417 0.06097560975609756 0.3932926829268293 0.06402439024390244 0.3902439024390244 0.057926829268292686 0.3902439024390244 0.054878048780487805 0.3871951219512195 0.06097560975609756 0.38109756097560976 0.06097560975609756 0.36585365853658536 0.057926829268292686 0.36585365853658536 0.054878048780487805 0.3628048780487805 0.054878048780487805 0.3475609756097561 0.057926829268292686 0.3445121951219512 0.057926829268292686 0.3353658536585366 0.06097560975609756 0.3323170731707317 0.06402439024390244 0.3323170731707317 0.06402439024390244 0.32621951219512196 0.0701219512195122 0.3201219512195122
0 0.13414634146341464 0 0.13414634146341464 0.003048780487804878 0.13719512195121952 0.006097560975609756 0.13719512195121952 0.009146341463414634 0.14329268292682926 0.009146341463414634 0.14634146341463414 0.012195121951219513 0.14634146341463414 0.018292682926829267 0.1524390243902439 0.024390243902439025 0.15853658536585366 0.024390243902439025 0.16158536585365854 0.027439024390243903 0.1676829268292683 0.027439024390243903 0.17073170731707318 0.03048780487804878 0.17378048780487804 0.03048780487804878 0.1798780487804878 0.036585365853658534 0.1951219512195122 0.036585365853658534 0.19817073170731708 0.03353658536585366 0.20121951219512196 0.036585365853658534 0.20426829268292682 0.036585365853658534 0.21036585365853658 0.03048780487804878 0.21341463414634146 0.03048780487804878 0.21646341463414634 0.03353658536585366 0.22560975609756098 0.03353658536585366 0.22865853658536586 0.03048780487804878 0.23170731707317074 0.03353658536585366 0.2347560975609756 0.03048780487804878 0.24390243902439024 0.03048780487804878 0.24695121951219512 0.03353658536585366 0.25 0.03353658536585366 0.2530487804878049 0.03048780487804878 0.2621951219512195 0.03048780487804878 0.2652439024390244 0.03353658536585366 0.2896341463414634 0.03353658536585366 0.2926829268292683 0.03048780487804878 0.29878048780487804 0.03048780487804878 0.3018292682926829 0.03353658536585366 0.3018292682926829 0.036585365853658534 0.3079268292682927 0.036585365853658534 0.31097560975609756 0.03353658536585366 0.31402439024390244 0.03353658536585366 0.3170731707317073 0.03048780487804878 0.3201219512195122 0.03353658536585366 0.34146341463414637 0.03353658536585366 0.3445121951219512 0.036585365853658534 0.3445121951219512 0.039634146341463415 0.3475609756097561 0.039634146341463415 0.35365853658536583 0.03353658536585366 0.3628048780487805 0.03353658536585366 0.36585365853658536 0.03048780487804878 0.36585365853658536 0.027439024390243903 0.36890243902439024 0.024390243902439025 0.3719512195121951 0.024390243902439025 0.38414634146341464 0.012195121951219513 0.38414634146341464 0.009146341463414634 0.3871951219512195 0.006097560975609756 0.3871951219512195 0
0 0 0.7134146341463414 0 0.8628048780487805 0.051829268292682924 0.8628048780487805 0.054878048780487805 0.8597560975609756 0.051829268292682924 0.8567073170731707 0.051829268292682924 0.850609756097561 0.054878048780487805 0.8475609756097561 0.054878048780487805 0.8353658536585366 0.057926829268292686 0.8323170731707317 0.057926829268292686 0.8170731707317073 0.054878048780487805 0.8140243902439024 0.054878048780487805 0.7987804878048781 0.051829268292682924 0.7957317073170732 0.054878048780487805 0.7926829268292683 0.054878048780487805 0.7835365853658537 0.04878048780487805 0.7774390243902439 0.04878048780487805 0.7713414634146342 0.04573170731707317 0.7682926829268293 0.04573170731707317 0.7652439024390244 0.04878048780487805 0.7621951219512195 0.04878048780487805 0.7591463414634146 0.04573170731707317 0.7560975609756098 0.04573170731707317 0.7439024390243902 0.042682926829268296 0.7408536585365854 0.042682926829268296 0.7378048780487805 0.039634146341463415 0.7347560975609756 0.036585365853658534 0.7347560975609756 0.027439024390243903 0.725609756097561 0.027439024390243903 0.7195121951219512 0.018292682926829267 0.7195121951219512 0.01524390243902439 0.7164634146341463 0.012195121951219513 0.7195121951219512 0.009146341463414634 0.7195121951219512 0.006097560975609756 0.7164634146341463 0.003048780487804878 0.7164634146341463
0 0.9634146341463414 0.7225609756097561 0.9634146341463414 0.7286585365853658 0.9603658536585366 0.7317073170731707 0.9603658536585366 0.7347560975609756 0.9573170731707317 0.7378048780487805 0.9573170731707317 0.7439024390243902 0.9603658536585366 0.7469512195121951 0.9603658536585366 0.8140243902439024 0.9634146341463414 0.8170731707317073 0.9634146341463414 0.823170731707317 0.9603658536585366 0.8262195121951219 0.9603658536585366 0.8536585365853658 0.9573170731707317 0.8567073170731707 0.9573170731707317 0.8719512195121951 0.9603658536585366 0.875 0.9603658536585366 0.8810975609756098 0.9634146341463414 0.8841463414634146 0.9908536585365854 0.8841463414634146 0.9939024390243902 0.8810975609756098 0.9969512195121951 0.8810975609756098 0.9969512195121951 0.7225609756097561
0 0 0 0 0.054878048780487805 0.006097560975609756 0.054878048780487805 0.009146341463414634 0.057926829268292686 0.042682926829268296 0.057926829268292686 0.04573170731707317 0.054878048780487805 0.09146341463414634 0.054878048780487805 0.09451219512195122 0.051829268292682924 0.09451219512195122 0.039634146341463415 0.0975609756097561 0.036585365853658534 0.09451219512195122 0.03353658536585366 0.09451219512195122 0.018292682926829267 0.09146341463414634 0.01524390243902439 0.09146341463414634 0.012195121951219513 0.09451219512195122 0.009146341463414634 0.09451219512195122 0
0 0.9969512195121951 0.11890243902439024 0.9939024390243902 0.11890243902439024 0.9939024390243902 0.12195121951219512 0.9908536585365854 0.125 0.9908536585365854 0.12804878048780488 0.9939024390243902 0.13109756097560976 0.9939024390243902 0.14939024390243902 0.9908536585365854 0.1524390243902439 0.9908536585365854 0.21951219512195122 0.9878048780487805 0.2225609756097561 0.9878048780487805 0.27134146341463417 0.9908536585365854 0.27439024390243905 0.9969512195121951 0.27439024390243905
2 0.9634146341463414 0 0.9634146341463414 0.006097560975609756 0.9725609756097561 0.01524390243902439 0.9725609756097561 0.027439024390243903 0.975609756097561 0.03048780487804878 0.975609756097561 0.03353658536585366 0.9725609756097561 0.036585365853658534 0.9725609756097561 0.051829268292682924 0.975609756097561 0.054878048780487805 0.975609756097561 0.057926829268292686 0.9725609756097561 0.06097560975609756 0.9725609756097561 0.06707317073170732 0.9695121951219512 0.0701219512195122 0.9695121951219512 0.07317073170731707 0.9725609756097561 0.07621951219512195 0.9725609756097561 0.08231707317073171 0.9695121951219512 0.08536585365853659 0.9695121951219512 0.09451219512195122 0.9664634146341463 0.0975609756097561 0.9664634146341463 0.10365853658536585 0.9695121951219512 0.10670731707317073 0.9664634146341463 0.10975609756097561 0.9664634146341463 0.12804878048780488 0.9695121951219512 0.13109756097560976 0.9695121951219512 0.13414634146341464 0.9725609756097561 0.13719512195121952 0.9725609756097561 0.14329268292682926 0.9664634146341463 0.14939024390243902 0.9664634146341463 0.1676829268292683 0.9695121951219512 0.17073170731707318 0.9695121951219512 0.1798780487804878 0.9664634146341463 0.18292682926829268 0.9664634146341463 0.20121951219512196 0.9695121951219512 0.20426829268292682 0.9695121951219512 0.21036585365853658 0.9664634146341463 0.21341463414634146 0.9664634146341463 0.21951219512195122 0.9695121951219512 0.2225609756097561 0.9664634146341463 0.22560975609756098 0.9695121951219512 0.22865853658536586 0.9695121951219512 0.23170731707317074 0.9664634146341463 0.2347560975609756 0.9664634146341463 0.23780487804878048 0.9695121951219512 0.24085365853658536 0.9695121951219512 0.2652439024390244 0.9725609756097561 0.2682926829268293 0.975609756097561 0.2682926829268293 0.975609756097561 0.2652439024390244 0.9786585365853658 0.2621951219512195 0.9786585365853658 0.23780487804878048 0.975609756097561 0.2347560975609756 0.9786585365853658 0.23170731707317074 0.9786585365853658 0.21646341463414634 0.9817073170731707 0.21341463414634146 0.9817073170731707 0.1951219512195122 0.9847560975609756 0.19207317073170732 0.9847560975609756 0.16463414634146342 0.9817073170731707 0.16158536585365854 0.9847560975609756 0.15853658536585366 0.9847560975609756 0.15548780487804878 0.9908536585365854 0.14939024390243902 0.9908536585365854 0.13109756097560976 0.9847560975609756 0.125 0.9847560975609756 0.06707317073170732 0.9878048780487805 0.06402439024390244 0.9878048780487805 0.04878048780487805 0.9847560975609756 0.04573170731707317 0.9847560975609756 0.042682926829268296 0.9817073170731707 0.039634146341463415 0.9817073170731707 0.024390243902439025 0.9847560975609756 0.021341463414634148 0.9817073170731707 0.018292682926829267 0.9817073170731707 0.012195121951219513 0.9695121951219512 0