0 0 0.2087378640776699 0 0.49029126213592233 0.009708737864077669 0.49029126213592233 0.014563106796116505 0.4854368932038835 0.02912621359223301 0.4854368932038835 0.03398058252427184 0.48058252427184467 0.043689320388349516 0.48058252427184467 0.04854368932038835 0.47572815533980584 0.2087378640776699 0.47572815533980584 0.21359223300970873 0.48058252427184467 0.21844660194174756 0.48058252427184467 0.22330097087378642 0.4854368932038835 0.22815533980582525 0.4854368932038835 0.23300970873786409 0.49029126213592233 0.23786407766990292 0.49029126213592233 0.24271844660194175 0.4854368932038835 0.24757281553398058 0.4854368932038835 0.2524271844660194 0.48058252427184467 0.25728155339805825 0.48058252427184467 0.2621359223300971 0.47572815533980584 0.30097087378640774 0.47572815533980584 0.3058252427184466 0.48058252427184467 0.33495145631067963 0.48058252427184467 0.33980582524271846 0.4854368932038835 0.3592233009708738 0.4854368932038835 0.3640776699029126 0.49029126213592233 0.4320388349514563 0.49029126213592233 0.4368932038834951 0.4854368932038835 0.46116504854368934 0.4854368932038835 0.46601941747572817 0.48058252427184467 0.5 0.48058252427184467 0.49514563106796117 0.47572815533980584 0.49514563106796117 0.46601941747572817 0.49029126213592233 0.46116504854368934 0.49514563106796117 0.4563106796116505 0.49514563106796117 0.45145631067961167 0.49029126213592233 0.44660194174757284 0.49029126213592233 0.4223300970873786 0.4854368932038835 0.4174757281553398 0.4854368932038835 0.4077669902912621 0.49029126213592233 0.4029126213592233 0.49029126213592233 0.3883495145631068 0.4854368932038835 0.38349514563106796 0.4854368932038835 0.34951456310679613 0.49029126213592233 0.3446601941747573 0.49029126213592233 0.3300970873786408 0.49514563106796117 0.32524271844660196 0.49514563106796117 0.3155339805825243 0.49029126213592233 0.3106796116504854 0.49029126213592233 0.2961165048543689 0.4854368932038835 0.2912621359223301 0.4854368932038835 0.2815533980582524 0.49029126213592233 0.2766990291262136 0.49029126213592233 0.24271844660194175 0.49514563106796117 0.23786407766990292 0.49029126213592233 0.23300970873786409 0.49029126213592233 0.21359223300970873 0.42718446601941745 0.21359223300970873 0.4223300970873786 0.2087378640776699 0.4174757281553398 0.21359223300970873 0.41262135922330095 0.2087378640776699 0.4077669902912621 0.2087378640776699 0.4029126213592233 0.21359223300970873 0.38349514563106796 0.21359223300970873 0.3786407766990291 0.2087378640776699 0.3300970873786408 0.2087378640776699 0.32524271844660196 0.20388349514563106 0.30097087378640774 0.20388349514563106 0.2961165048543689 0.2087378640776699 0.2766990291262136 0.2087378640776699 0.27184466019417475 0.21359223300970873 0.25728155339805825 0.21359223300970873 0.2524271844660194 0.2087378640776699 0.23786407766990292 0.2087378640776699 0.23300970873786409 0.20388349514563106 0.21844660194174756 0.20388349514563106 0.21359223300970873 0.19902912621359223 0.16990291262135923 0.19902912621359223 0.1650485436893204 0.20388349514563106 0.1553398058252427 0.20388349514563106 0.15048543689320387 0.2087378640776699 0.08737864077669903 0.2087378640776699 0.0825242718446602 0.20388349514563106 0.06796116504854369 0.20388349514563106 0.06310679611650485 0.19902912621359223 0.04854368932038835 0.19902912621359223 0.043689320388349516 0.20388349514563106 0.0048543689320388345 0.20388349514563106
0 0 0.5631067961165048 0 0.8446601941747572 0.014563106796116505 0.8446601941747572 0.019417475728155338 0.8495145631067961 0.04854368932038835 0.8495145631067961 0.05339805825242718 0.8446601941747572 0.06796116504854369 0.8446601941747572 0.07281553398058252 0.8398058252427184 0.08737864077669903 0.8398058252427184 0.09223300970873786 0.8349514563106796 0.1262135922330097 0.8349514563106796 0.13106796116504854 0.8398058252427184 0.13592233009708737 0.8398058252427184 0.1407766990291262 0.8446601941747572 0.14563106796116504 0.8446601941747572 0.15048543689320387 0.8495145631067961 0.1553398058252427 0.8446601941747572 0.16019417475728157 0.8446601941747572 0.1650485436893204 0.8398058252427184 0.1796116504854369 0.8398058252427184 0.18446601941747573 0.8349514563106796 0.25728155339805825 0.8349514563106796 0.25728155339805825 0.8300970873786407 0.2524271844660194 0.8252427184466019 0.25728155339805825 0.8203883495145631 0.25728155339805825 0.8155339805825242 0.2524271844660194 0.8106796116504854 0.25728155339805825 0.8058252427184466 0.25728155339805825 0.7475728155339806 0.2621359223300971 0.7427184466019418 0.25728155339805825 0.7378640776699029 0.2621359223300971 0.7330097087378641 0.2621359223300971 0.6456310679611651 0.25728155339805825 0.6407766990291263 0.25728155339805825 0.6359223300970874 0.2524271844660194 0.6310679611650486 0.2524271844660194 0.6116504854368932 0.24271844660194175 0.6116504854368932 0.23786407766990292 0.6067961165048543 0.23786407766990292 0.5970873786407767 0.23300970873786409 0.5970873786407767 0.22330097087378642 0.587378640776699 0.21844660194174756 0.587378640776699 0.2087378640776699 0.5776699029126213 0.11165048543689321 0.5776699029126213 0.10679611650485436 0.5728155339805825 0.0970873786407767 0.5728155339805825 0.09223300970873786 0.5679611650485437 0.08737864077669903 0.5679611650485437 0.0825242718446602 0.5728155339805825 0.038834951456310676 0.5728155339805825 0.03398058252427184 0.5776699029126213 0.02912621359223301 0.5728155339805825 0.014563106796116505 0.5728155339805825 0.0048543689320388345 0.5631067961165048
0 0 0.9223300970873787 0 0.9951456310679612 0.48058252427184467 0.9951456310679612 0.48058252427184467 0.9902912621359223 0.4854368932038835 0.9854368932038835 0.4854368932038835 0.9466019417475728 0.49029126213592233 0.941747572815534 0.49029126213592233 0.9271844660194175 0.4854368932038835 0.9223300970873787 0.4320388349514563 0.9223300970873787 0.42718446601941745 0.9174757281553398 0.4174757281553398 0.9174757281553398 0.41262135922330095 0.9223300970873787 0.4077669902912621 0.9174757281553398 0.3640776699029126 0.9174757281553398 0.3592233009708738 0.9223300970873787 0.30097087378640774 0.9223300970873787 0.2961165048543689 0.9271844660194175 0.2912621359223301 0.9271844660194175 0.28640776699029125 0.9223300970873787 0.27184466019417475 0.9223300970873787 0.2669902912621359 0.9174757281553398 0.24757281553398058 0.9174757281553398 0.24271844660194175 0.9223300970873787 0.22815533980582525 0.9223300970873787 0.22330097087378642 0.9271844660194175 0.20388349514563106 0.9271844660194175 0.19902912621359223 0.9223300970873787 0.16990291262135923 0.9223300970873787 0.1650485436893204 0.9174757281553398 0.1407766990291262 0.9174757281553398 0.13592233009708737 0.9223300970873787 0.1262135922330097 0.9223300970873787 0.12135922330097088 0.9271844660194175 0.10679611650485436 0.9271844660194175 0.10194174757281553 0.9223300970873787 0.07281553398058252 0.9223300970873787 0.06796116504854369 0.9271844660194175 0.02912621359223301 0.9271844660194175 0.024271844660194174 0.9223300970873787
0 0 0 0 0.11650485436893204 0.07766990291262135 0.11650485436893204 0.0825242718446602 0.12135922330097088 0.09223300970873786 0.12135922330097088 0.0970873786407767 0.11650485436893204 0.12135922330097088 0.11650485436893204 0.1262135922330097 0.11165048543689321 0.13592233009708737 0.11165048543689321 0.1407766990291262 0.11650485436893204 0.17475728155339806 0.11650485436893204 0.1796116504854369 0.11165048543689321 0.18446601941747573 0.11650485436893204 0.2087378640776699 0.11650485436893204 0.21359223300970873 0.12135922330097088 0.21844660194174756 0.12135922330097088 0.22330097087378642 0.11650485436893204 0.23786407766990292 0.11650485436893204 0.24271844660194175 0.11165048543689321 0.24271844660194175 0 0.21359223300970873 0 0.21844660194174756 0.0048543689320388345 0.21844660194174756 0.009708737864077669 0.23786407766990292 0.02912621359223301 0.23786407766990292 0.03398058252427184 0.24271844660194175 0.038834951456310676 0.24271844660194175 0.05339805825242718 0.23786407766990292 0.05825242718446602 0.22815533980582525 0.05825242718446602 0.21844660194174756 0.04854368932038835 0.21844660194174756 0.043689320388349516 0.21359223300970873 0.043689320388349516 0.19902912621359223 0.02912621359223301 0.19902912621359223 0.019417475728155338 0.18932038834951456 0.009708737864077669 0.18932038834951456 0.0048543689320388345 0.18446601941747573 0
1 0.8058252427184466 0.5436893203883495 0.7475728155339806 0.5436893203883495 0.7427184466019418 0.5485436893203883 0.7281553398058253 0.5485436893203883 0.7233009708737864 0.5533980582524272 0.7135922330097088 0.5533980582524272 0.7087378640776699 0.558252427184466 0.6067961165048543 0.558252427184466 0.6019417475728155 0.5533980582524272 0.5728155339805825 0.5533980582524272 0.5679611650485437 0.558252427184466 0.5485436893203883 0.558252427184466 0.5436893203883495 0.5631067961165048 0.42718446601941745 0.5631067961165048 0.4223300970873786 0.5679611650485437 0.4029126213592233 0.5679611650485437 0.39805825242718446 0.5631067961165048 0.3883495145631068 0.5631067961165048 0.38349514563106796 0.5679611650485437 0.33495145631067963 0.5679611650485437 0.32524271844660196 0.5776699029126213 0.32524271844660196 0.6407766990291263 0.3300970873786408 0.6456310679611651 0.3300970873786408 0.6699029126213593 0.33495145631067963 0.6747572815533981 0.33495145631067963 0.7038834951456311 0.3300970873786408 0.7087378640776699 0.3300970873786408 0.8106796116504854 0.33495145631067963 0.8155339805825242 0.33495145631067963 0.8300970873786407 0.3883495145631068 0.8300970873786407 0.3932038834951456 0.8349514563106796 0.4077669902912621 0.8349514563106796 0.41262135922330095 0.8398058252427184 0.42718446601941745 0.8398058252427184 0.4320388349514563 0.8446601941747572 0.46116504854368934 0.8446601941747572 0.46601941747572817 0.8398058252427184 0.5097087378640777 0.8398058252427184 0.5194174757281553 0.8300970873786407 0.5339805825242718 0.8300970873786407 0.5388349514563107 0.8252427184466019 0.5533980582524272 0.8252427184466019 0.558252427184466 0.8300970873786407 0.5631067961165048 0.8300970873786407 0.5679611650485437 0.8349514563106796 0.587378640776699 0.8349514563106796 0.5922330097087378 0.8300970873786407 0.5970873786407767 0.8300970873786407 0.6019417475728155 0.8252427184466019 0.6262135922330098 0.8252427184466019 0.6310679611650486 0.8203883495145631 0.6601941747572816 0.8203883495145631 0.6650485436893204 0.8252427184466019 0.7572815533980582 0.8252427184466019 0.7621359223300971 0.8300970873786407 0.7669902912621359 0.8300970873786407 0.7718446601941747 0.8349514563106796 0.7815533980582524 0.8349514563106796 0.7864077669902912 0.8398058252427184 0.8058252427184466 0.8398058252427184 0.8058252427184466 0.8300970873786407 0.8106796116504854 0.8252427184466019 0.8106796116504854 0.8203883495145631 0.8058252427184466 0.8155339805825242 0.8058252427184466 0.8106796116504854 0.8009708737864077 0.8058252427184466 0.8009708737864077 0.7815533980582524 0.8058252427184466 0.7766990291262136 0.8058252427184466 0.7718446601941747 0.8106796116504854 0.7669902912621359 0.8106796116504854 0.7427184466019418 0.8155339805825242 0.7378640776699029 0.8155339805825242 0.7281553398058253 0.8203883495145631 0.7233009708737864 0.8203883495145631 0.6359223300970874 0.8155339805825242 0.6310679611650486 0.8155339805825242 0.5631067961165048 0.8106796116504854 0.5631067961165048 0.8058252427184466 0.558252427184466
1 0.3155339805825243 0 0.3155339805825243 0.12135922330097088 0.32038834951456313 0.12135922330097088 0.32524271844660196 0.1262135922330097 0.42718446601941745 0.1262135922330097 0.4320388349514563 0.13106796116504854 0.4563106796116505 0.13106796116504854 0.46116504854368934 0.13592233009708737 0.47572815533980584 0.13592233009708737 0.48058252427184467 0.13106796116504854 0.7864077669902912 0.13106796116504854 0.7864077669902912 0.1262135922330097 0.7912621359223301 0.12135922330097088 0.8058252427184466 0.12135922330097088 0.8106796116504854 0.11650485436893204 0.8106796116504854 0.11165048543689321 0.8155339805825242 0.10679611650485436 0.8155339805825242 0.09223300970873786 0.8106796116504854 0.08737864077669903 0.8106796116504854 0.07281553398058252 0.8155339805825242 0.06796116504854369 0.8155339805825242 0.05339805825242718 0.8203883495145631 0.04854368932038835 0.8203883495145631 0.019417475728155338 0.8252427184466019 0.014563106796116505 0.8252427184466019 0.009708737864077669 0.8300970873786407 0.0048543689320388345 0.8446601941747572 0.0048543689320388345 0.8495145631067961 0.009708737864077669 0.8495145631067961 0.014563106796116505 0.8543689320388349 0.019417475728155338 0.8543689320388349 0.04854368932038835 0.8592233009708737 0.05339805825242718 0.8592233009708737 0.06310679611650485 0.8640776699029126 0.06796116504854369 0.8640776699029126 0.07766990291262135 0.8592233009708737 0.0825242718446602 0.8592233009708737 0.09223300970873786 0.8543689320388349 0.0970873786407767 0.8543689320388349 0.1262135922330097 0.8495145631067961 0.13106796116504854 0.883495145631068 0.13106796116504854 0.8883495145631068 0.13592233009708737 0.9174757281553398 0.13592233009708737 0.9271844660194175 0.1262135922330097 0.9368932038834952 0.1262135922330097 0.941747572815534 0.12135922330097088 0.9951456310679612 0.12135922330097088 0.9951456310679612 0
1 0.8300970873786407 0.23300970873786409 0.8106796116504854 0.21359223300970873 0.8009708737864077 0.21359223300970873 0.7961165048543689 0.2087378640776699 0.7427184466019418 0.2087378640776699 0.7378640776699029 0.20388349514563106 0.7281553398058253 0.20388349514563106 0.7233009708737864 0.19902912621359223 0.6990291262135923 0.19902912621359223 0.6941747572815534 0.20388349514563106 0.587378640776699 0.20388349514563106 0.5825242718446602 0.2087378640776699 0.5728155339805825 0.2087378640776699 0.5679611650485437 0.21359223300970873 0.5679611650485437 0.21844660194174756 0.5631067961165048 0.22330097087378642 0.5631067961165048 0.22815533980582525 0.558252427184466 0.23300970873786409 0.558252427184466 0.2669902912621359 0.5533980582524272 0.27184466019417475 0.5533980582524272 0.2766990291262136 0.5485436893203883 0.2815533980582524 0.5485436893203883 0.2961165048543689 0.5533980582524272 0.30097087378640774 0.5533980582524272 0.3058252427184466 0.558252427184466 0.3106796116504854 0.558252427184466 0.32038834951456313 0.5533980582524272 0.32524271844660196 0.5533980582524272 0.33980582524271846 0.5485436893203883 0.3446601941747573 0.5485436893203883 0.34951456310679613 0.5436893203883495 0.35436893203883496 0.5436893203883495 0.4029126213592233 0.5485436893203883 0.4077669902912621 0.5485436893203883 0.4174757281553398 0.5533980582524272 0.4223300970873786 0.5533980582524272 0.48058252427184467 0.6067961165048543 0.48058252427184467 0.6116504854368932 0.47572815533980584 0.6553398058252428 0.47572815533980584 0.6601941747572816 0.470873786407767 0.6650485436893204 0.470873786407767 0.6650485436893204 0.46601941747572817 0.6699029126213593 0.46116504854368934 0.6796116504854369 0.46116504854368934 0.6844660194174758 0.4563106796116505 0.6941747572815534 0.4563106796116505 0.6990291262135923 0.46116504854368934 0.7135922330097088 0.46116504854368934 0.7184466019417476 0.46601941747572817 0.7184466019417476 0.47572815533980584 0.7330097087378641 0.47572815533980584 0.7378640776699029 0.48058252427184467 0.8203883495145631 0.48058252427184467 0.8203883495145631 0.47572815533980584 0.8252427184466019 0.470873786407767 0.8252427184466019 0.46601941747572817 0.8300970873786407 0.46116504854368934 0.8300970873786407 0.4563106796116505 0.8252427184466019 0.4563106796116505 0.8203883495145631 0.45145631067961167 0.8203883495145631 0.44660194174757284 0.8155339805825242 0.441747572815534 0.8155339805825242 0.4223300970873786 0.8106796116504854 0.4174757281553398 0.8106796116504854 0.4077669902912621 0.8155339805825242 0.4029126213592233 0.8155339805825242 0.3932038834951456 0.8203883495145631 0.3883495145631068 0.8203883495145631 0.34951456310679613 0.8252427184466019 0.3446601941747573 0.8252427184466019 0.33980582524271846 0.8300970873786407 0.33495145631067963 0.8300970873786407 0.32038834951456313 0.8203883495145631 0.3106796116504854 0.8203883495145631 0.3058252427184466 0.8155339805825242 0.30097087378640774 0.8155339805825242 0.28640776699029125 0.8203883495145631 0.2815533980582524 0.8203883495145631 0.24757281553398058 0.8300970873786407 0.23786407766990292
1 0.8640776699029126 0.19902912621359223 0.8592233009708737 0.20388349514563106 0.8543689320388349 0.20388349514563106 0.8543689320388349 0.21844660194174756 0.8592233009708737 0.22330097087378642 0.8592233009708737 0.24271844660194175 0.8495145631067961 0.2524271844660194 0.8495145631067961 0.2766990291262136 0.8543689320388349 0.2815533980582524 0.8543689320388349 0.2961165048543689 0.8592233009708737 0.2961165048543689 0.8640776699029126 0.30097087378640774 0.8640776699029126 0.3058252427184466 0.8689320388349514 0.3106796116504854 0.8689320388349514 0.33495145631067963 0.8592233009708737 0.3446601941747573 0.8446601941747572 0.3446601941747573 0.8398058252427184 0.34951456310679613 0.8592233009708737 0.36893203883495146 0.8592233009708737 0.3786407766990291 0.8640776699029126 0.38349514563106796 0.8640776699029126 0.4174757281553398 0.8495145631067961 0.4320388349514563 0.8495145631067961 0.441747572815534 0.8592233009708737 0.45145631067961167 0.8592233009708737 0.47572815533980584 0.8689320388349514 0.47572815533980584 0.8737864077669902 0.48058252427184467 0.883495145631068 0.48058252427184467 0.8883495145631068 0.4854368932038835 0.9466019417475728 0.4854368932038835 0.9514563106796117 0.48058252427184467 0.9757281553398058 0.48058252427184467 0.9805825242718447 0.47572815533980584 0.9902912621359223 0.47572815533980584 0.9951456310679612 0.470873786407767 0.9951456310679612 0.22330097087378642 0.9854368932038835 0.22330097087378642 0.9805825242718447 0.21844660194174756 0.9805825242718447 0.21359223300970873 0.9757281553398058 0.21359223300970873 0.970873786407767 0.2087378640776699 0.9368932038834952 0.2087378640776699 0.9320388349514563 0.20388349514563106 0.8786407766990292 0.20388349514563106 0.8737864077669902 0.19902912621359223
1 0.8592233009708737 0.5436893203883495 0.8495145631067961 0.5533980582524272 0.8446601941747572 0.5533980582524272 0.8398058252427184 0.558252427184466 0.8349514563106796 0.558252427184466 0.8398058252427184 0.5631067961165048 0.8398058252427184 0.587378640776699 0.8446601941747572 0.5922330097087378 0.8446601941747572 0.5970873786407767 0.8495145631067961 0.6019417475728155 0.8495145631067961 0.6067961165048543 0.8592233009708737 0.616504854368932 0.8592233009708737 0.6262135922330098 0.8640776699029126 0.6310679611650486 0.8640776699029126 0.6796116504854369 0.8543689320388349 0.6893203883495146 0.8543689320388349 0.6941747572815534 0.8495145631067961 0.6990291262135923 0.8592233009708737 0.7087378640776699 0.8592233009708737 0.7233009708737864 0.8640776699029126 0.7281553398058253 0.8640776699029126 0.7475728155339806 0.8592233009708737 0.7524271844660194 0.8592233009708737 0.7669902912621359 0.8640776699029126 0.7718446601941747 0.8640776699029126 0.7912621359223301 0.8689320388349514 0.7961165048543689 0.8689320388349514 0.8009708737864077 0.8737864077669902 0.8009708737864077 0.8786407766990292 0.8058252427184466 0.8786407766990292 0.8203883495145631 0.8689320388349514 0.8300970873786407 0.8640776699029126 0.8300970873786407 0.9174757281553398 0.8300970873786407 0.9223300970873787 0.8252427184466019 0.9271844660194175 0.8252427184466019 0.9320388349514563 0.8203883495145631 0.9951456310679612 0.8203883495145631 0.9951456310679612 0.5533980582524272 0.9854368932038835 0.5533980582524272 0.9805825242718447 0.558252427184466 0.9466019417475728 0.558252427184466 0.941747572815534 0.5631067961165048 0.9368932038834952 0.558252427184466 0.9223300970873787 0.558252427184466 0.9174757281553398 0.5533980582524272 0.912621359223301 0.5533980582524272 0.9077669902912622 0.5485436893203883 0.8689320388349514 0.5485436893203883 0.8640776699029126 0.5436893203883495
1 0.5533980582524272 0.941747572815534 0.5533980582524272 0.9660194174757282 0.558252427184466 0.970873786407767 0.558252427184466 0.9854368932038835 0.5631067961165048 0.9902912621359223 0.5631067961165048 0.9951456310679612 0.9951456310679612 0.9951456310679612 0.9951456310679612 0.9514563106796117 0.8640776699029126 0.9514563106796117 0.8640776699029126 0.970873786407767 0.8543689320388349 0.9805825242718447 0.8495145631067961 0.9805825242718447 0.8398058252427184 0.9902912621359223 0.8300970873786407 0.9902912621359223 0.8252427184466019 0.9854368932038835 0.8252427184466019 0.9611650485436893 0.8203883495145631 0.9563106796116505 0.8203883495145631 0.941747572815534 0.8155339805825242 0.9368932038834952 0.8155339805825242 0.9271844660194175 0.7378640776699029 0.9271844660194175 0.7330097087378641 0.9223300970873787 0.7233009708737864 0.9223300970873787 0.7184466019417476 0.9271844660194175 0.6844660194174758 0.9271844660194175 0.6796116504854369 0.9223300970873787 0.5728155339805825 0.9223300970873787
1 0.9951456310679612 0.9320388349514563 0.9951456310679612 0.9223300970873787 0.9854368932038835 0.9223300970873787 0.9805825242718447 0.9271844660194175 0.8640776699029126 0.9271844660194175 0.970873786407767 0.9271844660194175 0.9757281553398058 0.9320388349514563
2 0.8300970873786407 0.009708737864077669 0.8300970873786407 0.014563106796116505 0.8252427184466019 0.019417475728155338 0.8252427184466019 0.04854368932038835 0.8203883495145631 0.05339805825242718 0.8203883495145631 0.06796116504854369 0.8155339805825242 0.07281553398058252 0.8155339805825242 0.08737864077669903 0.8203883495145631 0.09223300970873786 0.8203883495145631 0.10679611650485436 0.8155339805825242 0.11165048543689321 0.8155339805825242 0.11650485436893204 0.8058252427184466 0.1262135922330097 0.7912621359223301 0.1262135922330097 0.7912621359223301 0.1553398058252427 0.7961165048543689 0.16019417475728157 0.7961165048543689 0.17475728155339806 0.8009708737864077 0.1796116504854369 0.8009708737864077 0.18446601941747573 0.8106796116504854 0.1941747572815534 0.8106796116504854 0.20388349514563106 0.8155339805825242 0.2087378640776699 0.8155339805825242 0.21359223300970873 0.8349514563106796 0.23300970873786409 0.8349514563106796 0.23786407766990292 0.8252427184466019 0.24757281553398058 0.8252427184466019 0.2815533980582524 0.8203883495145631 0.28640776699029125 0.8203883495145631 0.30097087378640774 0.8252427184466019 0.3058252427184466 0.8252427184466019 0.3106796116504854 0.8349514563106796 0.32038834951456313 0.8349514563106796 0.33495145631067963 0.8300970873786407 0.33980582524271846 0.8300970873786407 0.3446601941747573 0.8252427184466019 0.34951456310679613 0.8252427184466019 0.3883495145631068 0.8203883495145631 0.3932038834951456 0.8203883495145631 0.4029126213592233 0.8155339805825242 0.4077669902912621 0.8155339805825242 0.4174757281553398 0.8203883495145631 0.4223300970873786 0.8203883495145631 0.441747572815534 0.8252427184466019 0.44660194174757284 0.8252427184466019 0.45145631067961167 0.8300970873786407 0.45145631067961167 0.8349514563106796 0.4563106796116505 0.8349514563106796 0.46116504854368934 0.8300970873786407 0.46601941747572817 0.8300970873786407 0.470873786407767 0.8252427184466019 0.47572815533980584 0.8252427184466019 0.4854368932038835 0.8155339805825242 0.49514563106796117 0.8155339805825242 0.5242718446601942 0.8106796116504854 0.529126213592233 0.8106796116504854 0.558252427184466 0.8155339805825242 0.558252427184466 0.8203883495145631 0.5631067961165048 0.8203883495145631 0.6310679611650486 0.8252427184466019 0.6359223300970874 0.8252427184466019 0.7233009708737864 0.8203883495145631 0.7281553398058253 0.8203883495145631 0.7378640776699029 0.8155339805825242 0.7427184466019418 0.8155339805825242 0.7669902912621359 0.8106796116504854 0.7718446601941747 0.8106796116504854 0.7766990291262136 0.8058252427184466 0.7815533980582524 0.8058252427184466 0.8058252427184466 0.8106796116504854 0.8106796116504854 0.8106796116504854 0.8155339805825242 0.8155339805825242 0.8203883495145631 0.8155339805825242 0.8252427184466019 0.8106796116504854 0.8300970873786407 0.8106796116504854 0.8398058252427184 0.8058252427184466 0.8446601941747572 0.8058252427184466 0.8980582524271845 0.8106796116504854 0.9029126213592233 0.8106796116504854 0.9077669902912622 0.8155339805825242 0.912621359223301 0.8155339805825242 0.9223300970873787 0.8203883495145631 0.9271844660194175 0.8203883495145631 0.9368932038834952 0.8252427184466019 0.941747572815534 0.8252427184466019 0.9563106796116505 0.8300970873786407 0.9611650485436893 0.8300970873786407 0.9854368932038835 0.8398058252427184 0.9854368932038835 0.8495145631067961 0.9757281553398058 0.8543689320388349 0.9757281553398058 0.8592233009708737 0.970873786407767 0.8592233009708737 0.9514563106796117 0.8640776699029126 0.9466019417475728 0.9951456310679612 0.9466019417475728 0.9951456310679612 0.9368932038834952 0.9757281553398058 0.9368932038834952 0.970873786407767 0.9320388349514563 0.8640776699029126 0.9320388349514563 0.8592233009708737 0.9271844660194175 0.8495145631067961 0.9271844660194175 0.8446601941747572 0.9223300970873787 0.8446601941747572 0.8689320388349514 0.8398058252427184 0.8640776699029126 0.8398058252427184 0.8495145631067961 0.8495145631067961 0.8398058252427184 0.8495145631067961 0.8349514563106796 0.8592233009708737 0.8252427184466019 0.8689320388349514 0.8252427184466019 0.8737864077669902 0.8203883495145631 0.8737864077669902 0.8058252427184466 0.8689320388349514 0.8058252427184466 0.8640776699029126 0.8009708737864077 0.8640776699029126 0.7961165048543689 0.8592233009708737 0.7912621359223301 0.8592233009708737 0.7718446601941747 0.8543689320388349 0.7669902912621359 0.8543689320388349 0.7524271844660194 0.8592233009708737 0.7475728155339806 0.8592233009708737 0.7281553398058253 0.8543689320388349 0.7233009708737864 0.8543689320388349 0.7087378640776699 0.8446601941747572 0.6990291262135923 0.8495145631067961 0.6941747572815534 0.8495145631067961 0.6893203883495146 0.8592233009708737 0.6796116504854369 0.8592233009708737 0.6310679611650486 0.8543689320388349 0.6262135922330098 0.8543689320388349 0.616504854368932 0.8446601941747572 0.6067961165048543 0.8446601941747572 0.6019417475728155 0.8398058252427184 0.5970873786407767 0.8398058252427184 0.5922330097087378 0.8349514563106796 0.587378640776699 0.8349514563106796 0.5631067961165048 0.8300970873786407 0.558252427184466 0.8349514563106796 0.5533980582524272 0.8398058252427184 0.5533980582524272 0.8446601941747572 0.5485436893203883 0.8495145631067961 0.5485436893203883 0.8592233009708737 0.5388349514563107 0.8592233009708737 0.5097087378640777 0.8543689320388349 0.5048543689320388 0.8543689320388349 0.5 0.8495145631067961 0.49514563106796117 0.8543689320388349 0.49029126213592233 0.8543689320388349 0.45145631067961167 0.8446601941747572 0.441747572815534 0.8446601941747572 0.4320388349514563 0.8592233009708737 0.4174757281553398 0.8592233009708737 0.38349514563106796 0.8543689320388349 0.3786407766990291 0.8543689320388349 0.36893203883495146 0.8349514563106796 0.34951456310679613 0.8446601941747572 0.33980582524271846 0.8592233009708737 0.33980582524271846 0.8640776699029126 0.33495145631067963 0.8640776699029126 0.3106796116504854 0.8592233009708737 0.3058252427184466 0.8592233009708737 0.30097087378640774 0.8543689320388349 0.30097087378640774 0.8495145631067961 0.2961165048543689 0.8495145631067961 0.2815533980582524 0.8446601941747572 0.2766990291262136 0.8446601941747572 0.2524271844660194 0.8543689320388349 0.24271844660194175 0.8543689320388349 0.22330097087378642 0.8495145631067961 0.21844660194174756 0.8495145631067961 0.1941747572815534 0.8446601941747572 0.18932038834951456 0.8446601941747572 0.18446601941747573 0.8398058252427184 0.1796116504854369 0.8398058252427184 0.1650485436893204 0.8349514563106796 0.16019417475728157 0.8349514563106796 0.13106796116504854 0.8398058252427184 0.1262135922330097 0.8495145631067961 0.1262135922330097 0.8495145631067961 0.0970873786407767 0.8543689320388349 0.09223300970873786 0.8543689320388349 0.0825242718446602 0.8592233009708737 0.07766990291262135 0.8592233009708737 0.06796116504854369 0.8543689320388349 0.06310679611650485 0.8543689320388349 0.05339805825242718 0.8495145631067961 0.04854368932038835 0.8495145631067961 0.019417475728155338 0.8446601941747572 0.014563106796116505 0.8446601941747572 0.009708737864077669
2 0.18932038834951456 0 0.1941747572815534 0.0048543689320388345 0.1941747572815534 0.009708737864077669 0.20388349514563106 0.019417475728155338 0.20388349514563106 0.02912621359223301 0.21359223300970873 0.038834951456310676 0.21844660194174756 0.038834951456310676 0.22330097087378642 0.043689320388349516 0.22330097087378642 0.04854368932038835 0.22815533980582525 0.05339805825242718 0.23786407766990292 0.05339805825242718 0.23786407766990292 0.038834951456310676 0.23300970873786409 0.03398058252427184 0.23300970873786409 0.02912621359223301 0.21359223300970873 0.009708737864077669 0.21359223300970873 0.0048543689320388345 0.2087378640776699 0
2 0.6699029126213593 0.46601941747572817 0.6699029126213593 0.47572815533980584 0.6844660194174758 0.47572815533980584 0.6893203883495146 0.470873786407767 0.6941747572815534 0.47572815533980584 0.7135922330097088 0.47572815533980584 0.7135922330097088 0.46601941747572817 0.6990291262135923 0.46601941747572817 0.6941747572815534 0.46116504854368934 0.6844660194174758 0.46116504854368934 0.6796116504854369 0.46601941747572817