0 0.4012158054711246 0.015197568389057751 0.4012158054711246 0.030395136778115502 0.3981762917933131 0.03343465045592705 0.3981762917933131 0.07598784194528875 0.4012158054711246 0.0790273556231003 0.4012158054711246 0.08814589665653495 0.3981762917933131 0.0911854103343465 0.3981762917933131 0.1458966565349544 0.4012158054711246 0.14893617021276595 0.4012158054711246 0.1519756838905775 0.40425531914893614 0.15501519756838905 0.40425531914893614 0.1580547112462006 0.41033434650455924 0.1580547112462006 0.4133738601823708 0.16109422492401215 0.45592705167173253 0.16109422492401215 0.45896656534954405 0.1641337386018237 0.46504559270516715 0.1641337386018237 0.46808510638297873 0.16109422492401215 0.47112462006079026 0.1641337386018237 0.7416413373860182 0.1641337386018237 0.7446808510638298 0.16717325227963525 0.7720364741641338 0.16717325227963525 0.7750759878419453 0.1641337386018237 0.78419452887538 0.1641337386018237 0.7872340425531915 0.16109422492401215 0.8024316109422492 0.16109422492401215 0.8054711246200608 0.1580547112462006 0.8328267477203647 0.1580547112462006 0.8358662613981763 0.15501519756838905 0.8449848024316109 0.15501519756838905 0.8480243161094225 0.1519756838905775 0.9027355623100304 0.1519756838905775 0.9057750759878419 0.15501519756838905 0.9331306990881459 0.15501519756838905 0.9361702127659575 0.1580547112462006 0.939209726443769 0.1580547112462006 0.9422492401215805 0.15501519756838905 0.9452887537993921 0.15501519756838905 0.9513677811550152 0.14893617021276595 0.9513677811550152 0.14285714285714285 0.9544072948328267 0.1398176291793313 0.9544072948328267 0.12158054711246201 0.9574468085106383 0.11854103343465046 0.9574468085106383 0.10638297872340426 0.9604863221884499 0.1033434650455927 0.9604863221884499 0.0911854103343465 0.9635258358662614 0.08814589665653495 0.9635258358662614 0.06990881458966565 0.9665653495440729 0.0668693009118541 0.9665653495440729 0.015197568389057751 0.9635258358662614 0.0121580547112462 0.9635258358662614 0.0060790273556231 0.9665653495440729 0.00303951367781155 0.9696048632218845 0.00303951367781155 0.9696048632218845 0 0.4072948328267477 0 0.4072948328267477 0.00303951367781155 0.40425531914893614 0.0060790273556231 0.40425531914893614 0.0121580547112462
0 0.9635258358662614 0.4316109422492401 0.8571428571428571 0.4316109422492401 0.8541033434650456 0.42857142857142855 0.8358662613981763 0.42857142857142855 0.8328267477203647 0.425531914893617 0.8024316109422492 0.425531914893617 0.7993920972644377 0.42857142857142855 0.5562310030395137 0.42857142857142855 0.5592705167173252 0.4316109422492401 0.5592705167173252 0.43465045592705165 0.5653495440729484 0.44072948328267475 0.5683890577507599 0.44984802431610943 0.574468085106383 0.45592705167173253 0.574468085106383 0.47416413373860183 0.5775075987841946 0.47720364741641336 0.5775075987841946 0.48024316109422494 0.5835866261398176 0.48936170212765956 0.5835866261398176 0.49544072948328266 0.5896656534954408 0.49544072948328266 0.5987841945288754 0.5045592705167173 0.5987841945288754 0.5075987841945289 0.601823708206687 0.5106382978723404 0.601823708206687 0.5167173252279635 0.6048632218844985 0.5197568389057751 0.6048632218844985 0.5288753799392097 0.6139817629179332 0.5349544072948328 0.6139817629179332 0.541033434650456 0.6109422492401215 0.5440729483282675 0.601823708206687 0.5440729483282675 0.5957446808510638 0.5379939209726444 0.5957446808510638 0.5319148936170213 0.5835866261398176 0.5197568389057751 0.5835866261398176 0.5106382978723404 0.5805471124620061 0.5106382978723404 0.5775075987841946 0.5075987841945289 0.5775075987841946 0.5015197568389058 0.574468085106383 0.5015197568389058 0.5683890577507599 0.49544072948328266 0.5683890577507599 0.48936170212765956 0.5653495440729484 0.48632218844984804 0.5653495440729484 0.49848024316109424 0.5683890577507599 0.5015197568389058 0.5683890577507599 0.5075987841945289 0.5653495440729484 0.5106382978723404 0.5653495440729484 0.5167173252279635 0.5592705167173252 0.5227963525835866 0.5562310030395137 0.5227963525835866 0.5562310030395137 0.5501519756838906 0.5531914893617021 0.5531914893617021 0.5531914893617021 0.5592705167173252 0.547112462006079 0.5653495440729484 0.547112462006079 0.5835866261398176 0.5440729483282675 0.5866261398176292 0.5379939209726444 0.5866261398176292 0.5349544072948328 0.5835866261398176 0.5349544072948328 0.5775075987841946 0.5319148936170213 0.574468085106383 0.5319148936170213 0.5592705167173252 0.5349544072948328 0.5562310030395137 0.5379939209726444 0.5562310030395137 0.5379939209726444 0.547112462006079 0.541033434650456 0.5440729483282675 0.541033434650456 0.5288753799392097 0.5440729483282675 0.5258358662613982 0.5440729483282675 0.5167173252279635 0.5501519756838906 0.5075987841945289 0.5501519756838906 0.49544072948328266 0.5531914893617021 0.49240121580547114 0.5531914893617021 0.46808510638297873 0.5501519756838906 0.46504559270516715 0.5501519756838906 0.44680851063829785 0.541033434650456 0.4376899696048632 0.541033434650456 0.42857142857142855 0.5258358662613982 0.42857142857142855 0.5227963525835866 0.4316109422492401 0.48632218844984804 0.4316109422492401 0.48328267477203646 0.42857142857142855 0.4376899696048632 0.42857142857142855 0.43465045592705165 0.4316109422492401 0.41641337386018235 0.4316109422492401 0.4133738601823708 0.43465045592705165 0.4072948328267477 0.43465045592705165 0.40425531914893614 0.4376899696048632 0.40425531914893614 0.44072948328267475 0.4012158054711246 0.44376899696048633 0.4012158054711246 0.45288753799392095 0.3981762917933131 0.45592705167173253 0.3981762917933131 0.5106382978723404 0.3951367781155015 0.513677811550152 0.3951367781155015 0.5623100303951368 0.3981762917933131 0.5653495440729484 0.3981762917933131 0.5805471124620061 0.4012158054711246 0.5835866261398176 0.4012158054711246 0.5896656534954408 0.40425531914893614 0.5896656534954408 0.4072948328267477 0.5927051671732523 0.42249240121580545 0.5927051671732523 0.425531914893617 0.5957446808510638 0.48024316109422494 0.5957446808510638 0.48328267477203646 0.5987841945288754 0.5288753799392097 0.5987841945288754 0.5319148936170213 0.601823708206687 0.574468085106383 0.601823708206687 0.5775075987841946 0.5987841945288754 0.6838905775075987 0.5987841945288754 0.6869300911854104 0.5957446808510638 0.7507598784194529 0.5957446808510638 0.7537993920972644 0.5987841945288754 0.7689969604863222 0.5987841945288754 0.7720364741641338 0.5957446808510638 0.7811550151975684 0.5957446808510638 0.78419452887538 0.5927051671732523 0.7933130699088146 0.5927051671732523 0.7963525835866262 0.5896656534954408 0.8267477203647416 0.5896656534954408 0.8297872340425532 0.5866261398176292 0.8449848024316109 0.5866261398176292 0.8480243161094225 0.5835866261398176 0.8693009118541033 0.5835866261398176 0.8723404255319149 0.5805471124620061 0.8753799392097265 0.5835866261398176 0.878419452887538 0.5835866261398176 0.8814589665653495 0.5805471124620061 0.8844984802431611 0.5835866261398176 0.9118541033434651 0.5835866261398176 0.9148936170212766 0.5866261398176292 0.939209726443769 0.5866261398176292 0.9483282674772037 0.5775075987841946 0.9483282674772037 0.574468085106383 0.9544072948328267 0.5653495440729484 0.9544072948328267 0.5501519756838906 0.9574468085106383 0.547112462006079 0.9574468085106383 0.5349544072948328 0.9604863221884499 0.5319148936170213 0.9604863221884499 0.5227963525835866 0.9635258358662614 0.5197568389057751
0 0 0.6443768996960486 0 0.8206686930091185 0.00303951367781155 0.817629179331307 0.0729483282674772 0.817629179331307 0.07598784194528875 0.8206686930091185 0.1398176291793313 0.8206686930091185 0.14285714285714285 0.817629179331307 0.16717325227963525 0.817629179331307 0.1702127659574468 0.8206686930091185 0.1884498480243161 0.8206686930091185 0.19148936170212766 0.817629179331307 0.2857142857142857 0.817629179331307 0.2887537993920973 0.8206686930091185 0.2917933130699088 0.8206686930091185 0.2948328267477204 0.817629179331307 0.3130699088145897 0.817629179331307 0.3161094224924012 0.8206686930091185 0.43465045592705165 0.8206686930091185 0.4376899696048632 0.817629179331307 0.45288753799392095 0.817629179331307 0.45592705167173253 0.8206686930091185 0.5045592705167173 0.8206686930091185 0.5045592705167173 0.8145896656534954 0.5075987841945289 0.8115501519756839 0.5075987841945289 0.6443768996960486 0.46504559270516715 0.6443768996960486 0.46200607902735563 0.6413373860182371 0.45896656534954405 0.6413373860182371 0.45592705167173253 0.6443768996960486 0.45288753799392095 0.6443768996960486 0.44984802431610943 0.6413373860182371 0.4376899696048632 0.6413373860182371 0.43465045592705165 0.6443768996960486 0.3100303951367781 0.6443768996960486 0.3069908814589666 0.6413373860182371 0.303951367781155 0.6443768996960486 0.16717325227963525 0.6443768996960486 0.1641337386018237 0.6413373860182371 0.1519756838905775 0.6413373860182371 0.14893617021276595 0.6443768996960486 0.04559270516717325 0.6443768996960486 0.0425531914893617 0.6413373860182371 0.03951367781155015 0.6443768996960486 0.00911854103343465 0.6443768996960486 0.0060790273556231 0.6413373860182371 0.00303951367781155 0.6443768996960486
0 0 0.22492401215805471 0 0.3799392097264438 0.10638297872340426 0.3799392097264438 0.1094224924012158 0.3829787234042553 0.12462006079027356 0.3829787234042553 0.1276595744680851 0.3799392097264438 0.1945288753799392 0.3799392097264438 0.19756838905775076 0.3829787234042553 0.23708206686930092 0.3829787234042553 0.24012158054711247 0.3799392097264438 0.2674772036474164 0.3799392097264438 0.270516717325228 0.3829787234042553 0.49848024316109424 0.3829787234042553 0.5015197568389058 0.3799392097264438 0.5015197568389058 0.21580547112462006 0.49848024316109424 0.2127659574468085 0.3708206686930091 0.2127659574468085 0.3677811550151976 0.20972644376899696 0.0790273556231003 0.20972644376899696 0.0790273556231003 0.21580547112462006 0.0851063829787234 0.22188449848024316 0.0851063829787234 0.23708206686930092 0.08206686930091185 0.24012158054711247 0.07598784194528875 0.24012158054711247 0.0729483282674772 0.23708206686930092 0.0729483282674772 0.23100303951367782 0.06382978723404255 0.22188449848024316 0.06382978723404255 0.21580547112462006 0.060790273556231005 0.2127659574468085 0.060790273556231005 0.20972644376899696 0.057750759878419454 0.2127659574468085 0.0547112462006079 0.2127659574468085 0.0547112462006079 0.2188449848024316 0.05167173252279635 0.22188449848024316 0.03343465045592705 0.22188449848024316 0.030395136778115502 0.2188449848024316 0.02127659574468085 0.2188449848024316 0.02127659574468085 0.22492401215805471 0.0182370820668693 0.22796352583586627 0.0060790273556231 0.22796352583586627 0.00303951367781155 0.22492401215805471
0 0.3951367781155015 0.8693009118541033 0.3951367781155015 0.9726443768996961 0.39209726443769 0.9756838905775076 0.39209726443769 0.993920972644377 0.3951367781155015 0.9969604863221885 0.9696048632218845 0.9969604863221885 0.9696048632218845 0.993920972644377 0.9665653495440729 0.9908814589665653 0.9665653495440729 0.939209726443769 0.9635258358662614 0.9361702127659575 0.9635258358662614 0.9331306990881459 0.9604863221884499 0.9300911854103343 0.9635258358662614 0.9270516717325228 0.9635258358662614 0.9179331306990881 0.9604863221884499 0.9148936170212766 0.9604863221884499 0.9057750759878419 0.9635258358662614 0.9027355623100304 0.9635258358662614 0.8723404255319149 0.9574468085106383 0.8662613981762918 0.8814589665653495 0.8662613981762918 0.878419452887538 0.8632218844984803 0.7750759878419453 0.8632218844984803 0.7720364741641338 0.8662613981762918 0.7598784194528876 0.8662613981762918 0.756838905775076 0.8632218844984803 0.668693009118541 0.8632218844984803 0.6656534954407295 0.8662613981762918 0.6595744680851063 0.8662613981762918 0.6565349544072948 0.8632218844984803 0.6504559270516718 0.8632218844984803 0.6474164133738601 0.8662613981762918 0.6048632218844985 0.8662613981762918 0.601823708206687 0.8632218844984803 0.5805471124620061 0.8632218844984803 0.5775075987841946 0.8662613981762918 0.5653495440729484 0.8662613981762918 0.5623100303951368 0.8632218844984803 0.5075987841945289 0.8632218844984803 0.5045592705167173 0.8662613981762918 0.48632218844984804 0.8662613981762918 0.48328267477203646 0.8632218844984803 0.47720364741641336 0.8632218844984803 0.47416413373860183 0.8662613981762918 0.47112462006079026 0.8662613981762918 0.46808510638297873 0.8632218844984803 0.4316109422492401 0.8632218844984803 0.42857142857142855 0.8662613981762918 0.3981762917933131 0.8662613981762918
0 0.5531914893617021 0.6504559270516718 0.5592705167173252 0.6565349544072948 0.5592705167173252 0.6656534954407295 0.5623100303951368 0.668693009118541 0.5623100303951368 0.6747720364741642 0.5592705167173252 0.6778115501519757 0.5501519756838906 0.6778115501519757 0.5440729483282675 0.6717325227963525 0.5440729483282675 0.6808510638297872 0.547112462006079 0.6838905775075987 0.547112462006079 0.7355623100303952 0.5440729483282675 0.7386018237082067 0.5440729483282675 0.756838905775076 0.547112462006079 0.7598784194528876 0.547112462006079 0.7872340425531915 0.5440729483282675 0.790273556231003 0.5440729483282675 0.8145896656534954 0.547112462006079 0.817629179331307 0.8297872340425532 0.817629179331307 0.8297872340425532 0.8145896656534954 0.8267477203647416 0.8115501519756839 0.8267477203647416 0.790273556231003 0.8297872340425532 0.7872340425531915 0.8297872340425532 0.6443768996960486 0.8267477203647416 0.6413373860182371 0.5592705167173252 0.6413373860182371 0.5592705167173252 0.6474164133738601 0.5562310030395137 0.6504559270516718
0 0.5379939209726444 0.2127659574468085 0.5379939209726444 0.22796352583586627 0.541033434650456 0.23100303951367782 0.541033434650456 0.25227963525835867 0.5379939209726444 0.2553191489361702 0.5379939209726444 0.3069908814589666 0.541033434650456 0.3100303951367781 0.541033434650456 0.364741641337386 0.5379939209726444 0.3677811550151976 0.5379939209726444 0.3799392097264438 0.541033434650456 0.3829787234042553 0.7477203647416414 0.3829787234042553 0.7507598784194529 0.3799392097264438 0.7781155015197568 0.3799392097264438 0.7811550151975684 0.3829787234042553 0.790273556231003 0.3829787234042553 0.7933130699088146 0.3799392097264438 0.8237082066869301 0.3799392097264438 0.8237082066869301 0.3738601823708207 0.8267477203647416 0.3708206686930091 0.8267477203647416 0.3373860182370821 0.8237082066869301 0.3343465045592705 0.8237082066869301 0.20972644376899696 0.6322188449848024 0.20972644376899696 0.6291793313069909 0.2127659574468085 0.6048632218844985 0.2127659574468085 0.601823708206687 0.20972644376899696 0.5440729483282675 0.20972644376899696 0.541033434650456 0.2127659574468085
0 0.06990881458966565 0 0.06990881458966565 0.02127659574468085 0.0729483282674772 0.0243161094224924 0.0729483282674772 0.10638297872340426 0.07598784194528875 0.1094224924012158 0.07598784194528875 0.12158054711246201 0.0790273556231003 0.12462006079027356 0.0790273556231003 0.14893617021276595 0.08206686930091185 0.1519756838905775 0.08206686930091185 0.15501519756838905 0.0851063829787234 0.1580547112462006 0.0851063829787234 0.16109422492401215 0.08814589665653495 0.1641337386018237 0.09422492401215805 0.1641337386018237 0.0972644376899696 0.16717325227963525 0.23100303951367782 0.16717325227963525 0.23404255319148937 0.1641337386018237 0.23708206686930092 0.1641337386018237 0.24012158054711247 0.16717325227963525 0.25227963525835867 0.16717325227963525 0.2553191489361702 0.1641337386018237 0.2674772036474164 0.1641337386018237 0.270516717325228 0.16717325227963525 0.2887537993920973 0.16717325227963525 0.2917933130699088 0.1641337386018237 0.3373860182370821 0.1641337386018237 0.3404255319148936 0.16109422492401215 0.3525835866261398 0.16109422492401215 0.3556231003039514 0.1580547112462006 0.3556231003039514 0.1519756838905775 0.3586626139817629 0.14893617021276595 0.3586626139817629 0.1337386018237082 0.3617021276595745 0.13069908814589665 0.3617021276595745 0.1094224924012158 0.364741641337386 0.10638297872340426 0.364741641337386 0.0972644376899696 0.3617021276595745 0.09422492401215805 0.3617021276595745 0.0790273556231003 0.364741641337386 0.07598784194528875 0.364741641337386 0.0668693009118541 0.3617021276595745 0.06382978723404255 0.3617021276595745 0
0 0.0790273556231003 0.44072948328267475 0.0790273556231003 0.44376899696048633 0.07598784194528875 0.44680851063829785 0.07598784194528875 0.47112462006079026 0.0729483282674772 0.47416413373860183 0.0729483282674772 0.5258358662613982 0.06990881458966565 0.5288753799392097 0.06990881458966565 0.5623100303951368 0.0729483282674772 0.5653495440729484 0.0729483282674772 0.5775075987841946 0.07598784194528875 0.5805471124620061 0.07598784194528875 0.5835866261398176 0.08206686930091185 0.5896656534954408 0.0972644376899696 0.5896656534954408 0.10030395136778116 0.5927051671732523 0.2796352583586626 0.5927051671732523 0.2826747720364742 0.5957446808510638 0.2857142857142857 0.5957446808510638 0.2887537993920973 0.5927051671732523 0.3343465045592705 0.5927051671732523 0.3373860182370821 0.5896656534954408 0.3404255319148936 0.5896656534954408 0.3434650455927052 0.5866261398176292 0.3434650455927052 0.5805471124620061 0.3465045592705167 0.5775075987841946 0.3465045592705167 0.5623100303951368 0.3495440729483283 0.5592705167173252 0.3495440729483283 0.513677811550152 0.3525835866261398 0.5106382978723404 0.3525835866261398 0.46200607902735563 0.3556231003039514 0.45896656534954405 0.3556231003039514 0.43465045592705165 0.3525835866261398 0.4316109422492401 0.331306990881459 0.4316109422492401 0.3282674772036474 0.42857142857142855 0.1337386018237082 0.42857142857142855 0.13069908814589665 0.4316109422492401 0.10030395136778116 0.4316109422492401 0.0972644376899696 0.43465045592705165 0.0851063829787234 0.43465045592705165
0 0.0790273556231003 0.8723404255319149 0.0790273556231003 0.8844984802431611 0.07598784194528875 0.8875379939209727 0.07598784194528875 0.939209726443769 0.0729483282674772 0.9422492401215805 0.0729483282674772 0.9969604863221885 0.3465045592705167 0.9969604863221885 0.3495440729483283 0.993920972644377 0.3495440729483283 0.9635258358662614 0.3525835866261398 0.9604863221884499 0.3525835866261398 0.8571428571428571 0.17933130699088146 0.8571428571428571 0.1762917933130699 0.8541033434650456 0.1702127659574468 0.8541033434650456 0.16717325227963525 0.8571428571428571 0.12462006079027356 0.8571428571428571 0.12158054711246201 0.8601823708206687 0.10638297872340426 0.8601823708206687 0.1033434650455927 0.8632218844984803 0.08814589665653495 0.8632218844984803 0.0851063829787234 0.8662613981762918 0.08206686930091185 0.8662613981762918 0.08206686930091185 0.8693009118541033
0 0.8632218844984803 0.2188449848024316 0.8601823708206687 0.22188449848024316 0.8601823708206687 0.2613981762917933 0.8571428571428571 0.26443768996960487 0.8571428571428571 0.2765957446808511 0.8601823708206687 0.2796352583586626 0.8601823708206687 0.3525835866261398 0.8632218844984803 0.3556231003039514 0.8632218844984803 0.364741641337386 0.8662613981762918 0.3677811550151976 0.8662613981762918 0.3708206686930091 0.8693009118541033 0.3708206686930091 0.8723404255319149 0.3738601823708207 0.878419452887538 0.3738601823708207 0.8844984802431611 0.3799392097264438 0.8996960486322189 0.3799392097264438 0.9027355623100304 0.3829787234042553 0.9969604863221885 0.3829787234042553 0.9969604863221885 0.2127659574468085 0.9848024316109423 0.2127659574468085 0.9817629179331308 0.20972644376899696 0.9361702127659575 0.20972644376899696 0.9361702127659575 0.2127659574468085 0.9331306990881459 0.21580547112462006 0.9057750759878419 0.21580547112462006 0.9027355623100304 0.2188449848024316
0 0.8662613981762918 0.6595744680851063 0.8662613981762918 0.7872340425531915 0.8632218844984803 0.790273556231003 0.8632218844984803 0.817629179331307 0.8662613981762918 0.8206686930091185 0.8662613981762918 0.8237082066869301 0.8723404255319149 0.8297872340425532 0.8936170212765957 0.8297872340425532 0.8966565349544073 0.8267477203647416 0.9027355623100304 0.8267477203647416 0.9088145896656535 0.8328267477203647 0.9209726443768997 0.8328267477203647 0.9240121580547113 0.8297872340425532 0.9665653495440729 0.8297872340425532 0.9696048632218845 0.8328267477203647 0.9969604863221885 0.8328267477203647 0.9969604863221885 0.6565349544072948 0.9331306990881459 0.6565349544072948 0.9300911854103343 0.6595744680851063
0 0 0.0060790273556231 0 0.16717325227963525 0.02127659574468085 0.16717325227963525 0.0243161094224924 0.1641337386018237 0.0425531914893617 0.1641337386018237 0.0425531914893617 0.1337386018237082 0.04559270516717325 0.13069908814589665 0.04559270516717325 0.12462006079027356 0.0425531914893617 0.12158054711246201 0.0425531914893617 0.10638297872340426 0.03951367781155015 0.1033434650455927 0.03951367781155015 0.10030395136778116 0.0425531914893617 0.0972644376899696 0.0425531914893617 0.0911854103343465 0.03951367781155015 0.08814589665653495 0.0425531914893617 0.0851063829787234 0.0425531914893617 0.0790273556231003 0.03951367781155015 0.07598784194528875 0.03951367781155015 0.04559270516717325 0.0364741641337386 0.0425531914893617 0.0364741641337386 0.03951367781155015 0.03343465045592705 0.0364741641337386 0.03343465045592705 0.030395136778115502 0.030395136778115502 0.02735562310030395 0.030395136778115502 0.0243161094224924 0.02735562310030395 0.02127659574468085 0.02735562310030395 0.0182370820668693 0.02127659574468085 0.0121580547112462 0.0182370820668693 0.0121580547112462 0.015197568389057751 0.00911854103343465 0.00911854103343465 0.00911854103343465 0.0060790273556231 0.0060790273556231
0 0.0060790273556231 0.8601823708206687 0.00303951367781155 0.8632218844984803 0 0.8632218844984803 0 0.9969604863221885 0.030395136778115502 0.9969604863221885 0.030395136778115502 0.9665653495440729 0.03343465045592705 0.9635258358662614 0.03343465045592705 0.8632218844984803 0.00911854103343465 0.8632218844984803
0 0.0121580547112462 0.4376899696048632 0 0.4376899696048632 0 0.601823708206687 0.00303951367781155 0.5987841945288754 0.015197568389057751 0.5987841945288754 0.0182370820668693 0.5957446808510638 0.02127659574468085 0.5957446808510638 0.02127659574468085 0.5896656534954408 0.0243161094224924 0.5866261398176292 0.0243161094224924 0.5562310030395137 0.02735562310030395 0.5531914893617021 0.02735562310030395 0.45288753799392095 0.0243161094224924 0.44984802431610943 0.0243161094224924 0.44376899696048633 0.02127659574468085 0.44072948328267475 0.015197568389057751 0.44072948328267475
0 0.9969604863221885 0.44072948328267475 0.9969604863221885 0.49848024316109424 0.993920972644377 0.5015197568389058 0.993920972644377 0.5075987841945289 0.9969604863221885 0.5106382978723404 0.9969604863221885 0.5805471124620061
2 0.9665653495440729 0.0060790273556231 0.9665653495440729 0.0121580547112462 0.9696048632218845 0.015197568389057751 0.9696048632218845 0.0668693009118541 0.9665653495440729 0.06990881458966565 0.9665653495440729 0.08814589665653495 0.9635258358662614 0.0911854103343465 0.9635258358662614 0.1033434650455927 0.9604863221884499 0.10638297872340426 0.9604863221884499 0.11854103343465046 0.9574468085106383 0.12158054711246201 0.9574468085106383 0.1398176291793313 0.9544072948328267 0.14285714285714285 0.9544072948328267 0.14893617021276595 0.9452887537993921 0.1580547112462006 0.9240121580547113 0.16717325227963525 0.9148936170212766 0.1762917933130699 0.9148936170212766 0.17933130699088146 0.9027355623100304 0.1884498480243161 0.8905775075987842 0.1884498480243161 0.8844984802431611 0.1945288753799392 0.8541033434650456 0.1945288753799392 0.8419452887537994 0.2066869300911854 0.8419452887537994 0.22492401215805471 0.8358662613981763 0.23404255319148937 0.8358662613981763 0.26443768996960487 0.8389057750759878 0.2674772036474164 0.8389057750759878 0.2948328267477204 0.8419452887537994 0.2978723404255319 0.8419452887537994 0.3282674772036474 0.8449848024316109 0.331306990881459 0.8419452887537994 0.3708206686930091 0.851063829787234 0.3829787234042553 0.851063829787234 0.3860182370820669 0.8662613981762918 0.4012158054711246 0.8571428571428571 0.41033434650455924 0.8541033434650456 0.425531914893617 0.8571428571428571 0.42857142857142855 0.9635258358662614 0.42857142857142855 0.9665653495440729 0.4316109422492401 0.9665653495440729 0.5197568389057751 0.9635258358662614 0.5227963525835866 0.9635258358662614 0.5319148936170213 0.9604863221884499 0.5349544072948328 0.9604863221884499 0.547112462006079 0.9574468085106383 0.5501519756838906 0.9574468085106383 0.5653495440729484 0.9513677811550152 0.5775075987841946 0.9270516717325228 0.601823708206687 0.9179331306990881 0.6048632218844985 0.9148936170212766 0.6139817629179332 0.9088145896656535 0.6200607902735562 0.9027355623100304 0.6322188449848024 0.8662613981762918 0.6322188449848024 0.8601823708206687 0.6352583586626139 0.8541033434650456 0.6413373860182371 0.8480243161094225 0.6565349544072948 0.8389057750759878 0.6656534954407295 0.8389057750759878 0.6869300911854104 0.8449848024316109 0.6930091185410334 0.851063829787234 0.7051671732522796 0.851063829787234 0.7446808510638298 0.8480243161094225 0.7477203647416414 0.8480243161094225 0.7750759878419453 0.8358662613981763 0.7872340425531915 0.8297872340425532 0.790273556231003 0.8297872340425532 0.8115501519756839 0.8601823708206687 0.8389057750759878 0.8632218844984803 0.8389057750759878 0.8693009118541033 0.8449848024316109 0.8753799392097265 0.8449848024316109 0.8814589665653495 0.851063829787234 0.8814589665653495 0.8632218844984803 0.9574468085106383 0.8632218844984803 0.9665653495440729 0.8723404255319149 0.9665653495440729 0.9027355623100304 0.9635258358662614 0.9057750759878419 0.9665653495440729 0.9270516717325228 0.9635258358662614 0.9300911854103343 0.9696048632218845 0.939209726443769 0.9696048632218845 0.9908814589665653 0.9756838905775076 0.9908814589665653 0.9817629179331308 0.9848024316109423 0.9817629179331308 0.9756838905775076 0.9848024316109423 0.9726443768996961 0.9848024316109423 0.9635258358662614 0.9817629179331308 0.9604863221884499 0.9817629179331308 0.9483282674772037 0.9756838905775076 0.9361702127659575 0.9696048632218845 0.9331306990881459 0.9726443768996961 0.9300911854103343 0.9726443768996961 0.9148936170212766 0.9696048632218845 0.9088145896656535 0.9756838905775076 0.8966565349544073 0.9756838905775076 0.8632218844984803 0.9574468085106383 0.8541033434650456 0.9422492401215805 0.8541033434650456 0.939209726443769 0.851063829787234 0.9240121580547113 0.8480243161094225 0.9027355623100304 0.8297872340425532 0.8966565349544073 0.8297872340425532 0.8936170212765957 0.8328267477203647 0.8723404255319149 0.8328267477203647 0.8632218844984803 0.8237082066869301 0.8601823708206687 0.817629179331307 0.8601823708206687 0.790273556231003 0.8632218844984803 0.7872340425531915 0.8632218844984803 0.6595744680851063 0.8662613981762918 0.6565349544072948 0.9300911854103343 0.6565349544072948 0.9331306990881459 0.6534954407294833 0.9331306990881459 0.6474164133738601 0.9361702127659575 0.6413373860182371 0.9452887537993921 0.6322188449848024 0.9574468085106383 0.6261398176291794 0.9574468085106383 0.6200607902735562 0.9635258358662614 0.6139817629179332 0.9635258358662614 0.60790273556231 0.9848024316109423 0.5866261398176292 0.9878419452887538 0.5805471124620061 0.9878419452887538 0.5683890577507599 0.9787234042553191 0.5531914893617021 0.9787234042553191 0.5440729483282675 0.9817629179331308 0.541033434650456 0.9817629179331308 0.5288753799392097 0.9756838905775076 0.5197568389057751 0.9756838905775076 0.49848024316109424 0.9787234042553191 0.49544072948328266 0.9787234042553191 0.47720364741641336 0.9908814589665653 0.45896656534954405 0.9908814589665653 0.44376899696048633 0.9756838905775076 0.42857142857142855 0.9696048632218845 0.42857142857142855 0.9665653495440729 0.425531914893617 0.9665653495440729 0.4194528875379939 0.9544072948328267 0.4133738601823708 0.9513677811550152 0.41033434650455924 0.9513677811550152 0.40425531914893614 0.9452887537993921 0.3981762917933131 0.939209726443769 0.3981762917933131 0.9240121580547113 0.3890577507598784 0.9088145896656535 0.3890577507598784 0.9057750759878419 0.3860182370820669 0.8936170212765957 0.3860182370820669 0.8632218844984803 0.3708206686930091 0.8601823708206687 0.364741641337386 0.8601823708206687 0.3556231003039514 0.8571428571428571 0.3525835866261398 0.8571428571428571 0.2796352583586626 0.8541033434650456 0.2765957446808511 0.8541033434650456 0.26443768996960487 0.8571428571428571 0.2613981762917933 0.8571428571428571 0.22188449848024316 0.8632218844984803 0.21580547112462006 0.9027355623100304 0.21580547112462006 0.9057750759878419 0.2127659574468085 0.9331306990881459 0.2127659574468085 0.9331306990881459 0.2066869300911854 0.9422492401215805 0.19756838905775076 0.9513677811550152 0.19756838905775076 0.9635258358662614 0.19148936170212766 0.9726443768996961 0.182370820668693 0.9756838905775076 0.1762917933130699 0.9756838905775076 0.13677811550151975 0.9787234042553191 0.1337386018237082 0.9787234042553191 0.1276595744680851 0.9848024316109423 0.12158054711246201 0.9848024316109423 0.09422492401215805 0.9787234042553191 0.0851063829787234 0.9787234042553191 0.04559270516717325 0.9817629179331308 0.0425531914893617 0.9817629179331308 0.0182370820668693 0.9726443768996961 0.0060790273556231
2 0.5531914893617021 0.42857142857142855 0.5440729483282675 0.42857142857142855 0.5440729483282675 0.4376899696048632 0.5531914893617021 0.44680851063829785 0.5531914893617021 0.46504559270516715 0.5562310030395137 0.46808510638297873 0.5562310030395137 0.49240121580547114 0.5531914893617021 0.49544072948328266 0.5531914893617021 0.5075987841945289 0.5501519756838906 0.5106382978723404 0.5501519756838906 0.513677811550152 0.547112462006079 0.5167173252279635 0.547112462006079 0.5258358662613982 0.5440729483282675 0.5288753799392097 0.5440729483282675 0.5440729483282675 0.541033434650456 0.547112462006079 0.541033434650456 0.5562310030395137 0.5379939209726444 0.5592705167173252 0.5349544072948328 0.5592705167173252 0.5349544072948328 0.574468085106383 0.5379939209726444 0.5775075987841946 0.5379939209726444 0.5835866261398176 0.5440729483282675 0.5835866261398176 0.5440729483282675 0.5653495440729484 0.5501519756838906 0.5592705167173252 0.5501519756838906 0.5531914893617021 0.5531914893617021 0.5501519756838906 0.5531914893617021 0.5227963525835866 0.5562310030395137 0.5197568389057751 0.5592705167173252 0.5197568389057751 0.5623100303951368 0.5167173252279635 0.5623100303951368 0.5106382978723404 0.5653495440729484 0.5075987841945289 0.5653495440729484 0.5015197568389058 0.5623100303951368 0.49848024316109424 0.5623100303951368 0.48632218844984804 0.5653495440729484 0.48328267477203646 0.5714285714285714 0.48936170212765956 0.5714285714285714 0.49544072948328266 0.574468085106383 0.49848024316109424 0.5775075987841946 0.49848024316109424 0.5805471124620061 0.5015197568389058 0.5805471124620061 0.5075987841945289 0.5835866261398176 0.5075987841945289 0.5866261398176292 0.5106382978723404 0.5866261398176292 0.5197568389057751 0.5987841945288754 0.5319148936170213 0.5987841945288754 0.5379939209726444 0.601823708206687 0.541033434650456 0.6109422492401215 0.541033434650456 0.6109422492401215 0.5349544072948328 0.60790273556231 0.5349544072948328 0.601823708206687 0.5288753799392097 0.601823708206687 0.5197568389057751 0.5987841945288754 0.5167173252279635 0.5987841945288754 0.5106382978723404 0.5957446808510638 0.5075987841945289 0.5957446808510638 0.5045592705167173 0.5896656534954408 0.49848024316109424 0.5835866261398176 0.49848024316109424 0.5805471124620061 0.49544072948328266 0.5805471124620061 0.48936170212765956 0.5775075987841946 0.48632218844984804 0.5775075987841946 0.48328267477203646 0.574468085106383 0.48024316109422494 0.574468085106383 0.47720364741641336 0.5714285714285714 0.47416413373860183 0.5714285714285714 0.45592705167173253 0.5653495440729484 0.44984802431610943 0.5653495440729484 0.44680851063829785 0.5623100303951368 0.44376899696048633 0.5623100303951368 0.44072948328267475 0.5562310030395137 0.43465045592705165 0.5562310030395137 0.4316109422492401
2 0.08206686930091185 0.23708206686930092 0.08206686930091185 0.22188449848024316 0.07598784194528875 0.21580547112462006 0.07598784194528875 0.2066869300911854 0.0668693009118541 0.2066869300911854 0.06382978723404255 0.20364741641337386 0.060790273556231005 0.20364741641337386 0.057750759878419454 0.2006079027355623 0.0547112462006079 0.20364741641337386 0.0486322188449848 0.20364741641337386 0.0486322188449848 0.2066869300911854 0.04559270516717325 0.20972644376899696 0.0425531914893617 0.2066869300911854 0.0425531914893617 0.20364741641337386 0.0364741641337386 0.20364741641337386 0.03343465045592705 0.2066869300911854 0.0060790273556231 0.2066869300911854 0.0060790273556231 0.20972644376899696 0.00303951367781155 0.2127659574468085 0 0.2127659574468085 0 0.22188449848024316 0.00303951367781155 0.22188449848024316 0.0060790273556231 0.22492401215805471 0.0182370820668693 0.22492401215805471 0.0182370820668693 0.2188449848024316 0.02127659574468085 0.21580547112462006 0.030395136778115502 0.21580547112462006 0.03343465045592705 0.2188449848024316 0.05167173252279635 0.2188449848024316 0.05167173252279635 0.2127659574468085 0.0547112462006079 0.20972644376899696 0.057750759878419454 0.20972644376899696 0.060790273556231005 0.2066869300911854 0.06382978723404255 0.20972644376899696 0.06382978723404255 0.2127659574468085 0.0668693009118541 0.21580547112462006 0.0668693009118541 0.22188449848024316 0.07598784194528875 0.23100303951367782 0.07598784194528875 0.23708206686930092
2 0.5440729483282675 0.6413373860182371 0.5440729483282675 0.6504559270516718 0.541033434650456 0.6534954407294833 0.541033434650456 0.6595744680851063 0.5440729483282675 0.662613981762918 0.5440729483282675 0.668693009118541 0.5501519756838906 0.6747720364741642 0.5592705167173252 0.6747720364741642 0.5592705167173252 0.668693009118541 0.5562310030395137 0.6656534954407295 0.5562310030395137 0.6565349544072948 0.5501519756838906 0.6504559270516718 0.5531914893617021 0.6474164133738601 0.5562310030395137 0.6474164133738601 0.5562310030395137 0.6413373860182371