0 0.900523560209424 0.9581151832460733 0.8952879581151832 0.9528795811518325 0.8952879581151832 0.9214659685863874 0.8900523560209425 0.9162303664921466 0.8900523560209425 0.8952879581151832 0.8848167539267016 0.8900523560209425 0.8848167539267016 0.8743455497382199 0.8795811518324608 0.8691099476439791 0.8795811518324608 0.8481675392670157 0.8743455497382199 0.8429319371727748 0.8638743455497382 0.8429319371727748 0.8586387434554974 0.8481675392670157 0.8115183246073299 0.8481675392670157 0.806282722513089 0.8429319371727748 0.8010471204188482 0.8429319371727748 0.7853403141361257 0.8272251308900523 0.7801047120418848 0.8272251308900523 0.774869109947644 0.8219895287958116 0.7643979057591623 0.8219895287958116 0.7591623036649214 0.8272251308900523 0.7486910994764397 0.8272251308900523 0.743455497382199 0.8324607329842932 0.7382198952879581 0.8324607329842932 0.7329842931937173 0.837696335078534 0.7225130890052356 0.837696335078534 0.7172774869109948 0.8429319371727748 0.6858638743455497 0.8429319371727748 0.680628272251309 0.837696335078534 0.6596858638743456 0.837696335078534 0.6544502617801047 0.8324607329842932 0.5863874345549738 0.8324607329842932 0.581151832460733 0.8272251308900523 0.5706806282722513 0.8272251308900523 0.5654450261780105 0.8324607329842932 0.518324607329843 0.8324607329842932 0.5130890052356021 0.837696335078534 0.4973821989528796 0.837696335078534 0.4869109947643979 0.8481675392670157 0.47643979057591623 0.8481675392670157 0.4712041884816754 0.8534031413612565 0.44502617801047123 0.8534031413612565 0.4397905759162304 0.8586387434554974 0.418848167539267 0.8586387434554974 0.41361256544502617 0.8534031413612565 0.4083769633507853 0.8534031413612565 0.4031413612565445 0.8481675392670157 0.39267015706806285 0.8481675392670157 0.387434554973822 0.8429319371727748 0.3769633507853403 0.8429319371727748 0.3717277486910995 0.837696335078534 0.3036649214659686 0.837696335078534 0.3036649214659686 0.8429319371727748 0.29842931937172773 0.8481675392670157 0.2931937172774869 0.8481675392670157 0.2879581151832461 0.8534031413612565 0.2774869109947644 0.8534031413612565 0.27225130890052357 0.8586387434554974 0.2670157068062827 0.8586387434554974 0.2617801047120419 0.8638743455497382 0.16753926701570682 0.8638743455497382 0.16230366492146597 0.8586387434554974 0.1099476439790576 0.8586387434554974 0.10471204188481675 0.8534031413612565 0.07853403141361257 0.8534031413612565 0.07329842931937172 0.8586387434554974 0.06806282722513089 0.8586387434554974 0.06282722513089005 0.8638743455497382 0.05759162303664921 0.8638743455497382 0.05235602094240838 0.8691099476439791 0.04712041884816754 0.8691099476439791 0.041884816753926704 0.8743455497382199 0.031413612565445025 0.8743455497382199 0.031413612565445025 0.900523560209424 0.02617801047120419 0.9057591623036649 0.02617801047120419 0.9476439790575916 0.020942408376963352 0.9528795811518325 0.020942408376963352 0.9685863874345549 0.015706806282722512 0.9738219895287958 0.015706806282722512 0.9842931937172775 0.005235602094240838 0.9947643979057592 0.900523560209424 0.9947643979057592
0 0.005235602094240838 0 0.010471204188481676 0.005235602094240838 0.18324607329842932 0.005235602094240838 0.18848167539267016 0.010471204188481676 0.4031413612565445 0.010471204188481676 0.4083769633507853 0.015706806282722512 0.418848167539267 0.015706806282722512 0.42408376963350786 0.020942408376963352 0.43455497382198954 0.020942408376963352 0.4397905759162304 0.02617801047120419 0.5026178010471204 0.02617801047120419 0.5078534031413613 0.020942408376963352 0.5287958115183246 0.020942408376963352 0.5340314136125655 0.015706806282722512 0.6178010471204188 0.015706806282722512 0.6230366492146597 0.020942408376963352 0.6335078534031413 0.020942408376963352 0.6387434554973822 0.02617801047120419 0.6492146596858639 0.02617801047120419 0.6544502617801047 0.031413612565445025 0.6596858638743456 0.031413612565445025 0.6544502617801047 0.02617801047120419 0.6544502617801047 0.010471204188481676 0.6596858638743456 0.005235602094240838 0.6701570680628273 0.005235602094240838 0.675392670157068 0 0.6858638743455497 0 0.5706806282722513 0 0.5549738219895288 0.015706806282722512 0.5235602094240838 0.015706806282722512 0.518324607329843 0.010471204188481676 0.518324607329843 0
0 0.8952879581151832 0 0.7958115183246073 0 0.7958115183246073 0.010471204188481676 0.7853403141361257 0.020942408376963352 0.7591623036649214 0.020942408376963352 0.7539267015706806 0.02617801047120419 0.7329842931937173 0.02617801047120419 0.7277486910994765 0.020942408376963352 0.7068062827225131 0.020942408376963352 0.7015706806282722 0.02617801047120419 0.6910994764397905 0.02617801047120419 0.6858638743455497 0.031413612565445025 0.680628272251309 0.031413612565445025 0.675392670157068 0.03664921465968586 0.6701570680628273 0.03664921465968586 0.675392670157068 0.03664921465968586 0.680628272251309 0.031413612565445025 0.7539267015706806 0.031413612565445025 0.7591623036649214 0.02617801047120419 0.7853403141361257 0.02617801047120419 0.7905759162303665 0.020942408376963352 0.8691099476439791 0.020942408376963352 0.8743455497382199 0.015706806282722512 0.8900523560209425 0.015706806282722512 0.8952879581151832 0.010471204188481676
0 0.9790575916230366 0 0.9842931937172775 0.005235602094240838 0.9842931937172775 0.05759162303664921 0.9790575916230366 0.06282722513089005 0.9790575916230366 0.1099476439790576 0.9842931937172775 0.11518324607329843 0.9842931937172775 0.1256544502617801 0.9895287958115183 0.1256544502617801 0.9947643979057592 0.13089005235602094 0.9947643979057592 0
0 0.9947643979057592 0.6701570680628273 0.9790575916230366 0.6858638743455497 0.9738219895287958 0.6858638743455497 0.9738219895287958 0.7225130890052356 0.9895287958115183 0.7382198952879581 0.9895287958115183 0.743455497382199 0.9947643979057592 0.7486910994764397
0 0.9947643979057592 0.5497382198952879 0.9947643979057592 0.5549738219895288 0.9895287958115183 0.5602094240837696 0.9895287958115183 0.5654450261780105 0.9947643979057592 0.5706806282722513 0.9895287958115183 0.5759162303664922 0.9895287958115183 0.5863874345549738 0.9842931937172775 0.5916230366492147 0.9895287958115183 0.5968586387434555 0.9895287958115183 0.6282722513089005 0.9947643979057592 0.6335078534031413 0.9947643979057592 0.643979057591623
1 0.8900523560209425 0.2094240837696335 0.8900523560209425 0.225130890052356 0.8848167539267016 0.23036649214659685 0.8743455497382199 0.23036649214659685 0.8691099476439791 0.225130890052356 0.8691099476439791 0.2094240837696335 0.8743455497382199 0.20418848167539266 0.8795811518324608 0.20418848167539266 0.8743455497382199 0.19895287958115182 0.8691099476439791 0.19895287958115182 0.8586387434554974 0.18848167539267016 0.8534031413612565 0.18848167539267016 0.8429319371727748 0.17801047120418848 0.837696335078534 0.17801047120418848 0.8272251308900523 0.16753926701570682 0.8219895287958116 0.16753926701570682 0.8167539267015707 0.16230366492146597 0.8115183246073299 0.16230366492146597 0.8010471204188482 0.1518324607329843 0.7958115183246073 0.1518324607329843 0.7853403141361257 0.14136125654450263 0.7801047120418848 0.14136125654450263 0.774869109947644 0.13612565445026178 0.743455497382199 0.13612565445026178 0.7382198952879581 0.14136125654450263 0.7068062827225131 0.14136125654450263 0.7015706806282722 0.14659685863874344 0.6910994764397905 0.14659685863874344 0.6858638743455497 0.1518324607329843 0.6596858638743456 0.1518324607329843 0.6544502617801047 0.15706806282722513 0.643979057591623 0.15706806282722513 0.6387434554973822 0.16230366492146597 0.6020942408376964 0.16230366492146597 0.5968586387434555 0.16753926701570682 0.5759162303664922 0.16753926701570682 0.5706806282722513 0.17277486910994763 0.5026178010471204 0.17277486910994763 0.4973821989528796 0.16753926701570682 0.4869109947643979 0.16753926701570682 0.4816753926701571 0.17277486910994763 0.418848167539267 0.17277486910994763 0.4083769633507853 0.16230366492146597 0.39790575916230364 0.16230366492146597 0.39267015706806285 0.15706806282722513 0.33507853403141363 0.15706806282722513 0.33507853403141363 0.16230366492146597 0.3298429319371728 0.16753926701570682 0.33507853403141363 0.17277486910994763 0.33507853403141363 0.18848167539267016 0.32460732984293195 0.19895287958115182 0.32460732984293195 0.225130890052356 0.3193717277486911 0.23036649214659685 0.3193717277486911 0.24607329842931938 0.31413612565445026 0.2513089005235602 0.3193717277486911 0.25654450261780104 0.3193717277486911 0.2879581151832461 0.3089005235602094 0.29842931937172773 0.3089005235602094 0.3298429319371728 0.3036649214659686 0.33507853403141363 0.3036649214659686 0.3403141361256545 0.29842931937172773 0.34554973821989526 0.2931937172774869 0.34554973821989526 0.28272251308900526 0.35602094240837695 0.28272251308900526 0.3717277486910995 0.2774869109947644 0.3769633507853403 0.2774869109947644 0.387434554973822 0.27225130890052357 0.39267015706806285 0.2774869109947644 0.39790575916230364 0.2774869109947644 0.450261780104712 0.28272251308900526 0.45549738219895286 0.28272251308900526 0.4816753926701571 0.2879581151832461 0.4816753926701571 0.2931937172774869 0.4869109947643979 0.2931937172774869 0.49214659685863876 0.29842931937172773 0.4973821989528796 0.29842931937172773 0.518324607329843 0.3036649214659686 0.5235602094240838 0.3036649214659686 0.5497382198952879 0.29842931937172773 0.5549738219895288 0.29842931937172773 0.5602094240837696 0.2931937172774869 0.5654450261780105 0.2931937172774869 0.581151832460733 0.2879581151832461 0.5863874345549738 0.2879581151832461 0.6020942408376964 0.28272251308900526 0.6073298429319371 0.28272251308900526 0.6282722513089005 0.2879581151832461 0.6335078534031413 0.2879581151832461 0.6649214659685864 0.2931937172774869 0.6701570680628273 0.2931937172774869 0.680628272251309 0.2879581151832461 0.6858638743455497 0.28272251308900526 0.6858638743455497 0.3036649214659686 0.7068062827225131 0.3089005235602094 0.7068062827225131 0.31413612565445026 0.7120418848167539 0.31413612565445026 0.7172774869109948 0.32460732984293195 0.7172774869109948 0.3298429319371728 0.7120418848167539 0.3403141361256545 0.7120418848167539 0.34554973821989526 0.7068062827225131 0.3612565445026178 0.7068062827225131 0.36649214659685864 0.7015706806282722 0.5078534031413613 0.7015706806282722 0.5130890052356021 0.6963350785340314 0.6387434554973822 0.6963350785340314 0.643979057591623 0.7015706806282722 0.6649214659685864 0.7015706806282722 0.6701570680628273 0.7068062827225131 0.8115183246073299 0.7068062827225131 0.8167539267015707 0.7015706806282722 0.8534031413612565 0.7015706806282722 0.8586387434554974 0.6963350785340314 0.8795811518324608 0.6963350785340314 0.8743455497382199 0.6910994764397905 0.8743455497382199 0.6701570680628273 0.8795811518324608 0.6649214659685864 0.8952879581151832 0.6649214659685864 0.900523560209424 0.6701570680628273 0.900523560209424 0.6858638743455497 0.900523560209424 0.5968586387434555 0.8952879581151832 0.5916230366492147 0.8952879581151832 0.5759162303664922 0.8795811518324608 0.5759162303664922 0.8743455497382199 0.5706806282722513 0.8743455497382199 0.4816753926701571 0.8795811518324608 0.47643979057591623 0.8900523560209425 0.47643979057591623 0.8952879581151832 0.4816753926701571 0.8952879581151832 0.5549738219895288 0.8952879581151832 0.38219895287958117 0.8900523560209425 0.3769633507853403
1 0.005235602094240838 0.13612565445026178 0.005235602094240838 0.14136125654450263 0 0.14659685863874344 0 0.3507853403141361 0.005235602094240838 0.35602094240837695 0.005235602094240838 0.36649214659685864 0.010471204188481676 0.3717277486910995 0.010471204188481676 0.4293193717277487 0.015706806282722512 0.43455497382198954 0.015706806282722512 0.4607329842931937 0.010471204188481676 0.46596858638743455 0.010471204188481676 0.4973821989528796 0.015706806282722512 0.5026178010471204 0.010471204188481676 0.5078534031413613 0.010471204188481676 0.5130890052356021 0 0.5235602094240838 0 0.6230366492146597 0.010471204188481676 0.6335078534031413 0.010471204188481676 0.6387434554973822 0.015706806282722512 0.643979057591623 0.015706806282722512 0.6492146596858639 0.020942408376963352 0.6544502617801047 0.020942408376963352 0.6596858638743456 0.02617801047120419 0.6649214659685864 0.02617801047120419 0.6701570680628273 0.031413612565445025 0.675392670157068 0.031413612565445025 0.6858638743455497 0.03664921465968586 0.6910994764397905 0.03664921465968586 0.6963350785340314 0.041884816753926704 0.7015706806282722 0.07329842931937172 0.7015706806282722 0.07853403141361257 0.6963350785340314 0.2198952879581152 0.6963350785340314 0.2198952879581152 0.6910994764397905 0.225130890052356 0.6858638743455497 0.225130890052356 0.675392670157068 0.2198952879581152 0.6701570680628273 0.2198952879581152 0.6492146596858639 0.21465968586387435 0.643979057591623 0.21465968586387435 0.6073298429319371 0.2356020942408377 0.5863874345549738 0.2356020942408377 0.581151832460733 0.24083769633507854 0.5759162303664922 0.24083769633507854 0.5602094240837696 0.2513089005235602 0.5497382198952879 0.2513089005235602 0.5392670157068062 0.25654450261780104 0.5340314136125655 0.25654450261780104 0.46596858638743455 0.2513089005235602 0.4607329842931937 0.2513089005235602 0.45549738219895286 0.24607329842931938 0.450261780104712 0.24607329842931938 0.44502617801047123 0.23036649214659685 0.4293193717277487 0.23036649214659685 0.418848167539267 0.225130890052356 0.41361256544502617 0.225130890052356 0.4083769633507853 0.2198952879581152 0.4031413612565445 0.2198952879581152 0.39790575916230364 0.21465968586387435 0.39267015706806285 0.21465968586387435 0.387434554973822 0.2094240837696335 0.38219895287958117 0.2094240837696335 0.33507853403141363 0.21465968586387435 0.3298429319371728 0.21465968586387435 0.3193717277486911 0.2198952879581152 0.31413612565445026 0.2198952879581152 0.2617801047120419 0.21465968586387435 0.25654450261780104 0.21465968586387435 0.2356020942408377 0.2094240837696335 0.23036649214659685 0.2094240837696335 0.2198952879581152 0.21465968586387435 0.21465968586387435 0.21465968586387435 0.19895287958115182 0.2198952879581152 0.193717277486911 0.2198952879581152 0.18324607329842932 0.20418848167539266 0.18324607329842932 0.19895287958115182 0.17801047120418848 0.18324607329842932 0.17801047120418848 0.17801047120418848 0.17277486910994763 0.16753926701570682 0.17277486910994763 0.16230366492146597 0.16753926701570682 0.15706806282722513 0.16753926701570682 0.14659685863874344 0.15706806282722513 0.14136125654450263 0.15706806282722513 0.13089005235602094 0.14659685863874344 0.11518324607329843 0.14659685863874344 0.1099476439790576 0.14136125654450263 0.09424083769633508 0.14136125654450263 0.08900523560209424 0.13612565445026178 0.08900523560209424 0.1256544502617801 0.03664921465968586 0.1256544502617801 0.031413612565445025 0.13089005235602094 0.020942408376963352 0.13089005235602094 0.015706806282722512 0.13612565445026178
2 0.09947643979057591 0.010471204188481676 0.020942408376963352 0.010471204188481676 0.020942408376963352 0.020942408376963352 0.02617801047120419 0.02617801047120419 0.02617801047120419 0.031413612565445025 0.041884816753926704 0.04712041884816754 0.041884816753926704 0.05235602094240838 0.04712041884816754 0.05759162303664921 0.04712041884816754 0.06282722513089005 0.05235602094240838 0.06806282722513089 0.05235602094240838 0.07329842931937172 0.05759162303664921 0.07853403141361257 0.05759162303664921 0.08376963350785341 0.07329842931937172 0.09947643979057591 0.07329842931937172 0.10471204188481675 0.09424083769633508 0.1256544502617801 0.09424083769633508 0.13612565445026178 0.1099476439790576 0.13612565445026178 0.11518324607329843 0.14136125654450263 0.13089005235602094 0.14136125654450263 0.14136125654450263 0.1518324607329843 0.14659685863874344 0.1518324607329843 0.15706806282722513 0.16230366492146597 0.16230366492146597 0.16230366492146597 0.16753926701570682 0.16753926701570682 0.17801047120418848 0.16753926701570682 0.18324607329842932 0.17277486910994763 0.19895287958115182 0.17277486910994763 0.20418848167539266 0.17801047120418848 0.2198952879581152 0.17801047120418848 0.225130890052356 0.18324607329842932 0.225130890052356 0.193717277486911 0.2198952879581152 0.19895287958115182 0.2198952879581152 0.21465968586387435 0.21465968586387435 0.2198952879581152 0.21465968586387435 0.23036649214659685 0.2198952879581152 0.2356020942408377 0.2198952879581152 0.25654450261780104 0.225130890052356 0.2617801047120419 0.225130890052356 0.31413612565445026 0.2198952879581152 0.3193717277486911 0.2198952879581152 0.3298429319371728 0.21465968586387435 0.33507853403141363 0.21465968586387435 0.38219895287958117 0.2198952879581152 0.387434554973822 0.2198952879581152 0.39267015706806285 0.225130890052356 0.39790575916230364 0.225130890052356 0.4031413612565445 0.2356020942408377 0.418848167539267 0.2356020942408377 0.4293193717277487 0.2513089005235602 0.44502617801047123 0.2513089005235602 0.450261780104712 0.2617801047120419 0.46596858638743455 0.2617801047120419 0.5340314136125655 0.25654450261780104 0.5392670157068062 0.25654450261780104 0.5497382198952879 0.24607329842931938 0.5602094240837696 0.24607329842931938 0.5759162303664922 0.24083769633507854 0.581151832460733 0.24083769633507854 0.5863874345549738 0.2198952879581152 0.6073298429319371 0.2198952879581152 0.643979057591623 0.225130890052356 0.6492146596858639 0.225130890052356 0.6701570680628273 0.23036649214659685 0.675392670157068 0.23036649214659685 0.6858638743455497 0.225130890052356 0.6910994764397905 0.225130890052356 0.7172774869109948 0.21465968586387435 0.7277486910994765 0.21465968586387435 0.7382198952879581 0.2094240837696335 0.743455497382199 0.2094240837696335 0.7696335078534031 0.193717277486911 0.7801047120418848 0.17277486910994763 0.7801047120418848 0.16753926701570682 0.7853403141361257 0.16230366492146597 0.7853403141361257 0.14659685863874344 0.7958115183246073 0.09947643979057591 0.7958115183246073 0.09424083769633508 0.8010471204188482 0.07329842931937172 0.8010471204188482 0.041884816753926704 0.8219895287958116 0.041884816753926704 0.8272251308900523 0.020942408376963352 0.8481675392670157 0.020942408376963352 0.8534031413612565 0.010471204188481676 0.8691099476439791 0.010471204188481676 0.8900523560209425 0.005235602094240838 0.8952879581151832 0.005235602094240838 0.9057591623036649 0 0.9109947643979057 0 0.9842931937172775 0.010471204188481676 0.9842931937172775 0.010471204188481676 0.9738219895287958 0.015706806282722512 0.9685863874345549 0.015706806282722512 0.9528795811518325 0.020942408376963352 0.9476439790575916 0.020942408376963352 0.9057591623036649 0.02617801047120419 0.900523560209424 0.02617801047120419 0.8743455497382199 0.031413612565445025 0.8691099476439791 0.041884816753926704 0.8691099476439791 0.04712041884816754 0.8638743455497382 0.05235602094240838 0.8638743455497382 0.05759162303664921 0.8586387434554974 0.06282722513089005 0.8586387434554974 0.07853403141361257 0.8481675392670157 0.10471204188481675 0.8481675392670157 0.1099476439790576 0.8534031413612565 0.16230366492146597 0.8534031413612565 0.16753926701570682 0.8586387434554974 0.2617801047120419 0.8586387434554974 0.2774869109947644 0.8481675392670157 0.2879581151832461 0.8481675392670157 0.2931937172774869 0.8429319371727748 0.29842931937172773 0.8429319371727748 0.29842931937172773 0.8167539267015707 0.3036649214659686 0.8115183246073299 0.3036649214659686 0.7905759162303665 0.31413612565445026 0.7801047120418848 0.31413612565445026 0.7696335078534031 0.3193717277486911 0.7643979057591623 0.3193717277486911 0.7539267015706806 0.3089005235602094 0.7382198952879581 0.3089005235602094 0.7120418848167539 0.3036649214659686 0.7120418848167539 0.2774869109947644 0.6858638743455497 0.28272251308900526 0.680628272251309 0.2879581151832461 0.680628272251309 0.2879581151832461 0.6701570680628273 0.28272251308900526 0.6649214659685864 0.28272251308900526 0.6335078534031413 0.2774869109947644 0.6282722513089005 0.2774869109947644 0.6073298429319371 0.28272251308900526 0.6020942408376964 0.28272251308900526 0.5863874345549738 0.2879581151832461 0.581151832460733 0.2879581151832461 0.5654450261780105 0.29842931937172773 0.5497382198952879 0.29842931937172773 0.5235602094240838 0.2931937172774869 0.518324607329843 0.2931937172774869 0.4973821989528796 0.2879581151832461 0.49214659685863876 0.2879581151832461 0.4869109947643979 0.28272251308900526 0.4869109947643979 0.2774869109947644 0.4816753926701571 0.2774869109947644 0.45549738219895286 0.27225130890052357 0.450261780104712 0.27225130890052357 0.39790575916230364 0.2670157068062827 0.39267015706806285 0.27225130890052357 0.387434554973822 0.27225130890052357 0.3769633507853403 0.2774869109947644 0.3717277486910995 0.2774869109947644 0.35602094240837695 0.2931937172774869 0.3403141361256545 0.29842931937172773 0.3403141361256545 0.29842931937172773 0.33507853403141363 0.3036649214659686 0.3298429319371728 0.3036649214659686 0.29842931937172773 0.31413612565445026 0.2879581151832461 0.31413612565445026 0.25654450261780104 0.3089005235602094 0.2513089005235602 0.31413612565445026 0.24607329842931938 0.31413612565445026 0.23036649214659685 0.3193717277486911 0.225130890052356 0.3193717277486911 0.19895287958115182 0.3298429319371728 0.18848167539267016 0.3298429319371728 0.17277486910994763 0.32460732984293195 0.16753926701570682 0.3298429319371728 0.16230366492146597 0.3298429319371728 0.1518324607329843 0.3036649214659686 0.1518324607329843 0.2931937172774869 0.13612565445026178 0.2931937172774869 0.1256544502617801 0.2879581151832461 0.1256544502617801 0.28272251308900526 0.12041884816753927 0.2617801047120419 0.12041884816753927 0.24607329842931938 0.1099476439790576 0.225130890052356 0.1099476439790576 0.2198952879581152 0.11518324607329843 0.193717277486911 0.11518324607329843 0.18848167539267016 0.1099476439790576 0.17801047120418848 0.1099476439790576 0.16230366492146597 0.09424083769633508 0.16230366492146597 0.08900523560209424 0.15706806282722513 0.08376963350785341 0.15706806282722513 0.07853403141361257 0.14136125654450263 0.06282722513089005 0.13612565445026178 0.06282722513089005 0.12041884816753927 0.04712041884816754 0.12041884816753927 0.041884816753926704 0.1099476439790576 0.031413612565445025 0.1099476439790576 0.02617801047120419 0.09947643979057591 0.015706806282722512
2 0.6596858638743456 0.02617801047120419 0.6649214659685864 0.031413612565445025 0.675392670157068 0.031413612565445025 0.680628272251309 0.02617801047120419 0.6858638743455497 0.02617801047120419 0.6910994764397905 0.020942408376963352 0.7015706806282722 0.020942408376963352 0.7068062827225131 0.015706806282722512 0.7277486910994765 0.015706806282722512 0.7329842931937173 0.020942408376963352 0.7539267015706806 0.020942408376963352 0.7591623036649214 0.015706806282722512 0.7853403141361257 0.015706806282722512 0.7905759162303665 0.010471204188481676 0.7905759162303665 0 0.6910994764397905 0 0.6858638743455497 0.005235602094240838 0.675392670157068 0.005235602094240838 0.6701570680628273 0.010471204188481676 0.6596858638743456 0.010471204188481676
2 0.8795811518324608 0.4816753926701571 0.8795811518324608 0.5706806282722513 0.8952879581151832 0.5706806282722513 0.8952879581151832 0.5602094240837696 0.8900523560209425 0.5549738219895288 0.8900523560209425 0.4816753926701571
2 0.5235602094240838 0.010471204188481676 0.5549738219895288 0.010471204188481676 0.5654450261780105 0 0.5235602094240838 0