0 0.6933333333333334 0.88 0.69 0.8766666666666667 0.69 0.8733333333333333 0.6866666666666666 0.87 0.6866666666666666 0.8633333333333333 0.6833333333333333 0.8633333333333333 0.68 0.86 0.66 0.86 0.6566666666666666 0.8566666666666667 0.6133333333333333 0.8566666666666667 0.61 0.8533333333333334 0.57 0.8533333333333334 0.5666666666666667 0.8566666666666667 0.55 0.8566666666666667 0.5466666666666666 0.8533333333333334 0.5233333333333333 0.8533333333333334 0.52 0.8566666666666667 0.5066666666666667 0.8566666666666667 0.5033333333333333 0.86 0.4633333333333333 0.86 0.46 0.8566666666666667 0.42333333333333334 0.8566666666666667 0.42 0.86 0.36 0.86 0.3566666666666667 0.8566666666666667 0.3233333333333333 0.8566666666666667 0.32 0.86 0.20666666666666667 0.86 0.20333333333333334 0.8566666666666667 0.19 0.8566666666666667 0.18666666666666668 0.86 0.15 0.86 0.14666666666666667 0.8566666666666667 0.14333333333333334 0.8566666666666667 0.14 0.86 0.11 0.86 0.10666666666666667 0.8633333333333333 0.1 0.8633333333333333 0.09666666666666666 0.8666666666666667 0.09 0.8666666666666667 0.08666666666666667 0.8633333333333333 0.06333333333333334 0.8633333333333333 0.06333333333333334 0.8766666666666667 0.06 0.88 0.06 0.8933333333333333 0.056666666666666664 0.8966666666666666 0.056666666666666664 0.9 0.06 0.9 0.06666666666666667 0.9066666666666666 0.06666666666666667 0.91 0.07 0.91 0.07333333333333333 0.9133333333333333 0.07666666666666666 0.9133333333333333 0.08 0.9166666666666666 0.08 0.9233333333333333 0.07333333333333333 0.93 0.06333333333333334 0.93 0.06 0.9266666666666666 0.06 0.92 0.056666666666666664 0.92 0.05333333333333334 0.9166666666666666 0.05333333333333334 0.92 0.056666666666666664 0.9233333333333333 0.056666666666666664 0.9266666666666666 0.06 0.93 0.06 0.9333333333333333 0.056666666666666664 0.9366666666666666 0.056666666666666664 0.95 0.06 0.9533333333333334 0.06 0.97 0.056666666666666664 0.9733333333333334 0.056666666666666664 0.9966666666666667 0.69 0.9966666666666667 0.6933333333333334 0.9933333333333333 0.6933333333333334 0.9833333333333333 0.6966666666666667 0.98 0.6966666666666667 0.9466666666666667 0.6933333333333334 0.9433333333333334 0.6933333333333334 0.9366666666666666 0.69 0.9333333333333333 0.69 0.91 0.6933333333333334 0.9066666666666666
0 0.6 0.6133333333333333 0.6 0.65 0.5966666666666667 0.6533333333333333 0.5966666666666667 0.7033333333333334 0.6 0.7066666666666667 0.6 0.72 0.5966666666666667 0.7233333333333334 0.5966666666666667 0.73 0.5933333333333334 0.7333333333333333 0.5933333333333334 0.74 0.59 0.7433333333333333 0.59 0.7633333333333333 0.5966666666666667 0.77 0.5966666666666667 0.7766666666666666 0.6 0.78 0.6 0.7933333333333333 0.6166666666666667 0.7933333333333333 0.62 0.7966666666666666 0.6266666666666667 0.7966666666666666 0.63 0.8 0.64 0.8 0.6433333333333333 0.8033333333333333 0.66 0.8033333333333333 0.6633333333333333 0.8 0.73 0.8 0.7333333333333333 0.7966666666666666 0.8 0.7966666666666666 0.8033333333333333 0.8 0.8933333333333333 0.8 0.8966666666666666 0.7966666666666666 0.9066666666666666 0.7966666666666666 0.91 0.7933333333333333 0.9133333333333333 0.7966666666666666 0.9233333333333333 0.7966666666666666 0.9266666666666666 0.8 0.9366666666666666 0.8 0.94 0.8033333333333333 0.9466666666666667 0.8033333333333333 0.95 0.8066666666666666 0.9533333333333334 0.8066666666666666 0.9533333333333334 0.8033333333333333 0.9566666666666667 0.8 0.96 0.8 0.97 0.79 0.9733333333333334 0.79 0.9766666666666667 0.7866666666666666 0.9866666666666667 0.7866666666666666 0.99 0.7833333333333333 0.9966666666666667 0.7833333333333333 0.9966666666666667 0.6133333333333333 0.97 0.6133333333333333 0.9666666666666667 0.61 0.9633333333333334 0.61 0.96 0.6066666666666667 0.9566666666666667 0.6066666666666667 0.9533333333333334 0.6033333333333334 0.9433333333333334 0.6033333333333334 0.94 0.6066666666666667 0.93 0.6066666666666667 0.9266666666666666 0.61 0.92 0.61 0.9166666666666666 0.6133333333333333 0.8733333333333333 0.6133333333333333 0.87 0.6166666666666667 0.8533333333333334 0.6166666666666667 0.85 0.6133333333333333 0.8433333333333334 0.6133333333333333 0.84 0.61 0.8366666666666667 0.61 0.8333333333333334 0.6066666666666667 0.82 0.6066666666666667 0.8166666666666667 0.6033333333333334 0.79 0.6033333333333334 0.7866666666666666 0.6066666666666667 0.7633333333333333 0.6066666666666667 0.76 0.61 0.75 0.61 0.7466666666666667 0.6133333333333333 0.7433333333333333 0.6133333333333333 0.74 0.61 0.7233333333333334 0.61 0.72 0.6066666666666667 0.6866666666666666 0.6066666666666667 0.6833333333333333 0.61 0.68 0.61 0.6766666666666666 0.6133333333333333
0 0.6066666666666667 0.10333333333333333 0.6066666666666667 0.11333333333333333 0.6033333333333334 0.11666666666666667 0.6033333333333334 0.13666666666666666 0.6066666666666667 0.14 0.6066666666666667 0.14333333333333334 0.61 0.14333333333333334 0.6133333333333333 0.14666666666666667 0.6133333333333333 0.15333333333333332 0.6166666666666667 0.15666666666666668 0.6166666666666667 0.16 0.6233333333333333 0.16 0.6266666666666667 0.16333333333333333 0.6266666666666667 0.17 0.6233333333333333 0.17333333333333334 0.6166666666666667 0.17333333333333334 0.6133333333333333 0.17 0.6133333333333333 0.16666666666666666 0.6 0.16666666666666666 0.6 0.18 0.6033333333333334 0.18333333333333332 0.6 0.18666666666666668 0.6 0.19333333333333333 0.6033333333333334 0.19666666666666666 0.6033333333333334 0.21333333333333335 0.6 0.21666666666666667 0.6 0.2833333333333333 0.6033333333333334 0.2866666666666667 0.62 0.2866666666666667 0.6233333333333333 0.29 0.6333333333333333 0.29 0.6366666666666667 0.29333333333333333 0.6433333333333333 0.29333333333333333 0.6466666666666666 0.29 0.68 0.29 0.6833333333333333 0.2866666666666667 0.76 0.2866666666666667 0.7633333333333333 0.29 0.7866666666666666 0.29 0.79 0.2866666666666667 0.8266666666666667 0.2866666666666667 0.83 0.29 0.8666666666666667 0.29 0.87 0.2866666666666667 0.9033333333333333 0.2866666666666667 0.9066666666666666 0.2833333333333333 0.94 0.2833333333333333 0.9433333333333334 0.2866666666666667 0.9566666666666667 0.2866666666666667 0.96 0.29 0.9733333333333334 0.29 0.9766666666666667 0.29333333333333333 0.9966666666666667 0.29333333333333333 0.9966666666666667 0.1 0.9666666666666667 0.1 0.9633333333333334 0.10333333333333333 0.94 0.10333333333333333 0.9366666666666666 0.1 0.9266666666666666 0.1 0.9233333333333333 0.10333333333333333 0.9 0.10333333333333333 0.8966666666666666 0.1 0.87 0.1 0.8666666666666667 0.10333333333333333 0.8433333333333334 0.10333333333333333 0.84 0.10666666666666667 0.8133333333333334 0.10666666666666667 0.81 0.10333333333333333 0.7833333333333333 0.10333333333333333 0.78 0.1 0.7733333333333333 0.1 0.77 0.10333333333333333 0.6966666666666667 0.10333333333333333 0.6933333333333334 0.1 0.6766666666666666 0.1 0.6733333333333333 0.09666666666666666 0.67 0.09666666666666666 0.6666666666666666 0.1 0.6433333333333333 0.1 0.64 0.10333333333333333
0 0.22333333333333333 0.07333333333333333 0.22333333333333333 0.07666666666666666 0.22666666666666666 0.08 0.22666666666666666 0.08333333333333333 0.23333333333333334 0.09 0.23333333333333334 0.1 0.23666666666666666 0.10333333333333333 0.23666666666666666 0.11666666666666667 0.23333333333333334 0.12 0.23333333333333334 0.14 0.23 0.14333333333333334 0.23 0.15333333333333332 0.22666666666666666 0.15666666666666668 0.22666666666666666 0.16666666666666666 0.23 0.17 0.23 0.17666666666666667 0.22666666666666666 0.18 0.22666666666666666 0.19 0.23 0.19333333333333333 0.23 0.20666666666666667 0.23333333333333334 0.21 0.23333333333333334 0.25 0.23 0.25333333333333335 0.23 0.27 0.24 0.27 0.24333333333333335 0.26666666666666666 0.25666666666666665 0.26666666666666666 0.26 0.27 0.26666666666666666 0.27 0.27 0.2733333333333333 0.29333333333333333 0.2733333333333333 0.2966666666666667 0.27 0.3 0.27 0.30333333333333334 0.26666666666666666 0.31666666666666665 0.26666666666666666 0.32 0.27 0.3233333333333333 0.27 0.32666666666666666 0.2733333333333333 0.3333333333333333 0.2733333333333333 0.33666666666666667 0.27 0.39666666666666667 0.27 0.4 0.26666666666666666 0.41 0.26666666666666666 0.41333333333333333 0.27 0.42 0.27 0.42333333333333334 0.2733333333333333 0.43333333333333335 0.2733333333333333 0.43666666666666665 0.27 0.44 0.27 0.44333333333333336 0.26666666666666666 0.47333333333333333 0.26666666666666666 0.4766666666666667 0.27 0.48333333333333334 0.27 0.4866666666666667 0.2733333333333333 0.5033333333333333 0.2733333333333333 0.5066666666666667 0.27 0.5133333333333333 0.27 0.5166666666666667 0.26666666666666666 0.54 0.26666666666666666 0.54 0.2633333333333333 0.5433333333333333 0.26 0.5433333333333333 0.23 0.54 0.22666666666666666 0.54 0.19333333333333333 0.5433333333333333 0.19 0.5433333333333333 0.18666666666666668 0.54 0.18333333333333332 0.5433333333333333 0.18 0.5433333333333333 0.17 0.5466666666666666 0.16666666666666666 0.5466666666666666 0.15 0.5433333333333333 0.14666666666666667 0.5433333333333333 0.13666666666666666 0.5466666666666666 0.13333333333333333 0.5466666666666666 0.12666666666666668 0.55 0.12333333333333334 0.55 0.11333333333333333 0.5533333333333333 0.11 0.5533333333333333 0.09333333333333334 0.5433333333333333 0.08333333333333333 0.53 0.08333333333333333 0.5266666666666666 0.08 0.5166666666666667 0.08 0.5133333333333333 0.07666666666666666 0.51 0.07666666666666666 0.5066666666666667 0.07333333333333333 0.5 0.07333333333333333 0.49666666666666665 0.07666666666666666 0.49 0.07666666666666666 0.4866666666666667 0.08 0.48 0.08 0.4766666666666667 0.08333333333333333 0.4 0.08333333333333333 0.39666666666666667 0.08 0.3933333333333333 0.08 0.39 0.07666666666666666 0.38 0.07666666666666666 0.37666666666666665 0.08 0.36 0.08 0.3566666666666667 0.07666666666666666 0.32 0.07666666666666666 0.31333333333333335 0.08333333333333333 0.3 0.08333333333333333 0.2966666666666667 0.08 0.27666666666666667 0.08 0.2733333333333333 0.08333333333333333 0.24666666666666667 0.08333333333333333 0.24333333333333335 0.08 0.24 0.08 0.23666666666666666 0.07666666666666666 0.23333333333333334 0.07666666666666666 0.23 0.07333333333333333
0 0.53 0.6133333333333333 0.5266666666666666 0.61 0.5233333333333333 0.61 0.52 0.6066666666666667 0.49666666666666665 0.6066666666666667 0.49333333333333335 0.61 0.41 0.61 0.4066666666666667 0.6133333333333333 0.3 0.6133333333333333 0.2966666666666667 0.61 0.2633333333333333 0.61 0.26 0.6133333333333333 0.22333333333333333 0.6133333333333333 0.22666666666666666 0.6166666666666667 0.22666666666666666 0.6266666666666667 0.23 0.63 0.23 0.64 0.22666666666666666 0.6433333333333333 0.22 0.6433333333333333 0.21666666666666667 0.6466666666666666 0.22 0.65 0.22 0.6666666666666666 0.22333333333333333 0.67 0.22333333333333333 0.7033333333333334 0.22 0.7066666666666667 0.22 0.7333333333333333 0.22333333333333333 0.7366666666666667 0.22333333333333333 0.7566666666666667 0.22 0.76 0.22 0.79 0.21666666666666667 0.7933333333333333 0.21666666666666667 0.8 0.23333333333333334 0.8 0.23666666666666666 0.7966666666666666 0.24333333333333335 0.7966666666666666 0.24666666666666667 0.8 0.28 0.8 0.2833333333333333 0.7966666666666666 0.33666666666666667 0.7966666666666666 0.34 0.8 0.37333333333333335 0.8 0.37666666666666665 0.7966666666666666 0.39 0.7966666666666666 0.3933333333333333 0.7933333333333333 0.4033333333333333 0.7933333333333333 0.4066666666666667 0.7966666666666666 0.43333333333333335 0.7966666666666666 0.43666666666666665 0.8 0.44666666666666666 0.8 0.45 0.8033333333333333 0.46 0.8033333333333333 0.4633333333333333 0.8 0.48 0.8 0.48333333333333334 0.7966666666666666 0.53 0.7966666666666666 0.53 0.78 0.5333333333333333 0.7766666666666666 0.5333333333333333 0.77 0.5366666666666666 0.7666666666666667 0.5366666666666666 0.7266666666666667 0.5333333333333333 0.7233333333333334 0.5333333333333333 0.71 0.5366666666666666 0.7066666666666667 0.5366666666666666 0.6766666666666666 0.5333333333333333 0.6733333333333333 0.5333333333333333 0.6266666666666667 0.53 0.6233333333333333
0 0.7333333333333333 0.3466666666666667 0.7333333333333333 0.35333333333333333 0.7366666666666667 0.3566666666666667 0.7366666666666667 0.36666666666666664 0.74 0.37 0.74 0.4033333333333333 0.7366666666666667 0.4066666666666667 0.7366666666666667 0.4166666666666667 0.7333333333333333 0.42 0.7333333333333333 0.43333333333333335 0.7366666666666667 0.43666666666666665 0.7366666666666667 0.4633333333333333 0.74 0.4666666666666667 0.74 0.4866666666666667 0.7366666666666667 0.49 0.7366666666666667 0.5 0.7333333333333333 0.5033333333333333 0.7333333333333333 0.5166666666666667 0.7366666666666667 0.52 0.7366666666666667 0.5233333333333333 0.74 0.5266666666666666 0.74 0.5333333333333333 0.7633333333333333 0.5333333333333333 0.7666666666666667 0.5366666666666666 0.7966666666666666 0.5366666666666666 0.8 0.5333333333333333 0.82 0.5333333333333333 0.8233333333333334 0.5366666666666666 0.8466666666666667 0.5366666666666666 0.85 0.5333333333333333 0.8533333333333334 0.5366666666666666 0.8633333333333333 0.5366666666666666 0.8666666666666667 0.54 0.8833333333333333 0.54 0.8866666666666667 0.5433333333333333 0.9133333333333333 0.5433333333333333 0.9166666666666666 0.54 0.93 0.54 0.9333333333333333 0.5366666666666666 0.9433333333333334 0.5366666666666666 0.9466666666666667 0.5333333333333333 0.9766666666666667 0.5333333333333333 0.98 0.5366666666666666 0.9866666666666667 0.5366666666666666 0.99 0.54 0.9966666666666667 0.54 0.9966666666666667 0.35 0.9633333333333334 0.35 0.96 0.35333333333333333 0.8633333333333333 0.35333333333333333 0.86 0.35 0.8433333333333334 0.35 0.84 0.35333333333333333 0.81 0.35333333333333333 0.8066666666666666 0.35 0.7966666666666666 0.35 0.7933333333333333 0.3466666666666667 0.7633333333333333 0.3466666666666667 0.76 0.3433333333333333 0.7366666666666667 0.3433333333333333
0 0.7433333333333333 0.86 0.7433333333333333 0.8633333333333333 0.7466666666666667 0.8666666666666667 0.7466666666666667 0.8766666666666667 0.75 0.88 0.75 0.91 0.7466666666666667 0.9133333333333333 0.7466666666666667 0.9366666666666666 0.7433333333333333 0.94 0.7433333333333333 0.95 0.7466666666666667 0.9533333333333334 0.7466666666666667 0.9966666666666667 0.9966666666666667 0.9966666666666667 0.9966666666666667 0.86 0.9633333333333334 0.86 0.96 0.8566666666666667 0.9433333333333334 0.8566666666666667 0.94 0.8533333333333334 0.91 0.8533333333333334 0.9066666666666666 0.8566666666666667 0.8733333333333333 0.8566666666666667 0.87 0.8533333333333334 0.8566666666666667 0.8533333333333334 0.8533333333333334 0.8566666666666667 0.84 0.8566666666666667 0.8366666666666667 0.86 0.7966666666666666 0.86 0.7933333333333333 0.8566666666666667 0.77 0.8566666666666667 0.7666666666666667 0.8533333333333334 0.76 0.8533333333333334 0.7566666666666667 0.8566666666666667 0.7466666666666667 0.8566666666666667
0 0 0.08 0 0.27 0.17333333333333334 0.27 0.17333333333333334 0.18 0.17 0.17666666666666667 0.17333333333333334 0.17333333333333334 0.17333333333333334 0.16333333333333333 0.17 0.16 0.17333333333333334 0.15666666666666668 0.17333333333333334 0.14 0.17 0.13666666666666666 0.17 0.13 0.17333333333333334 0.12666666666666668 0.17333333333333334 0.11666666666666667 0.17666666666666667 0.11333333333333333 0.17666666666666667 0.11 0.18 0.10666666666666667 0.17666666666666667 0.10333333333333333 0.17666666666666667 0.09 0.17333333333333334 0.08666666666666667 0.11333333333333333 0.08666666666666667 0.11 0.09 0.03 0.09 0.02666666666666667 0.08666666666666667 0.016666666666666666 0.08666666666666667 0.013333333333333334 0.08333333333333333 0.006666666666666667 0.08333333333333333 0.0033333333333333335 0.08
0 0 0.6 0 0.6833333333333333 0.0033333333333333335 0.68 0.0033333333333333335 0.6733333333333333 0.006666666666666667 0.67 0.006666666666666667 0.6666666666666666 0.02 0.6533333333333333 0.02 0.65 0.023333333333333334 0.6466666666666666 0.023333333333333334 0.6433333333333333 0.03666666666666667 0.63 0.04666666666666667 0.63 0.043333333333333335 0.63 0.03666666666666667 0.6233333333333333 0.03666666666666667 0.6166666666666667 0.043333333333333335 0.61 0.056666666666666664 0.61 0.06 0.6133333333333333 0.06 0.6433333333333333 0.05333333333333334 0.65 0.043333333333333335 0.65 0.02 0.6733333333333333 0.02 0.6766666666666666 0.016666666666666666 0.68 0.016666666666666666 0.6833333333333333 0.013333333333333334 0.6866666666666666 0.013333333333333334 0.6966666666666667 0.01 0.7 0.01 0.7033333333333334 0.006666666666666667 0.7066666666666667 0.006666666666666667 0.7166666666666667 0.0033333333333333335 0.72 0.0033333333333333335 0.7333333333333333 0.006666666666666667 0.7366666666666667 0.006666666666666667 0.7466666666666667 0.01 0.75 0.01 0.77 0.006666666666666667 0.7733333333333333 0.006666666666666667 0.7766666666666666 0.013333333333333334 0.7833333333333333 0.013333333333333334 0.7866666666666666 0.02 0.7866666666666666 0.023333333333333334 0.7833333333333333 0.043333333333333335 0.7833333333333333 0.04666666666666667 0.78 0.05 0.78 0.05333333333333334 0.7833333333333333 0.08 0.7833333333333333 0.08333333333333333 0.7866666666666666 0.09 0.7866666666666666 0.09333333333333334 0.7833333333333333 0.1 0.7833333333333333 0.10333333333333333 0.78 0.13333333333333333 0.78 0.13666666666666666 0.7833333333333333 0.16666666666666666 0.7833333333333333 0.17 0.78 0.17 0.7766666666666666 0.17333333333333334 0.7733333333333333 0.17 0.77 0.17 0.7533333333333333 0.17333333333333334 0.75 0.17333333333333334 0.7466666666666667 0.17666666666666667 0.7433333333333333 0.17333333333333334 0.74 0.17333333333333334 0.72 0.17 0.7166666666666667 0.17 0.7066666666666667 0.16666666666666666 0.7033333333333334 0.16666666666666666 0.7 0.17 0.6966666666666667 0.17 0.6733333333333333 0.17333333333333334 0.67 0.17333333333333334 0.66 0.17666666666666667 0.6566666666666666 0.17666666666666667 0.6533333333333333 0.18 0.65 0.18 0.6466666666666666 0.17666666666666667 0.6433333333333333 0.17666666666666667 0.63 0.17 0.6233333333333333 0.17 0.6 0.16666666666666666 0.5966666666666667 0.14333333333333334 0.5966666666666667 0.14 0.6 0.13666666666666666 0.5966666666666667 0.13 0.5966666666666667 0.12666666666666668 0.6 0.09333333333333334 0.6 0.09 0.5966666666666667 0.08333333333333333 0.5966666666666667 0.08 0.6 0.07666666666666666 0.6 0.07333333333333333 0.5966666666666667 0.013333333333333334 0.5966666666666667 0.01 0.6
0 0.06 0 0.06 0.006666666666666667 0.06333333333333334 0.01 0.06333333333333334 0.016666666666666666 0.10333333333333333 0.016666666666666666 0.10666666666666667 0.02 0.11333333333333333 0.02 0.11666666666666667 0.023333333333333334 0.12333333333333334 0.023333333333333334 0.12666666666666668 0.02666666666666667 0.14333333333333334 0.02666666666666667 0.15 0.02 0.16666666666666666 0.02 0.17 0.016666666666666666 0.20666666666666667 0.016666666666666666 0.21 0.02 0.22666666666666666 0.02 0.23 0.023333333333333334 0.24 0.023333333333333334 0.24333333333333335 0.02666666666666667 0.26 0.02666666666666667 0.26 0.023333333333333334 0.2633333333333333 0.02 0.27 0.02 0.27666666666666667 0.013333333333333334 0.2866666666666667 0.013333333333333334 0.29 0.016666666666666666 0.31666666666666665 0.016666666666666666 0.32 0.02 0.36666666666666664 0.02 0.37 0.023333333333333334 0.37666666666666665 0.023333333333333334 0.38 0.02 0.38666666666666666 0.02 0.39 0.016666666666666666 0.3933333333333333 0.016666666666666666 0.39666666666666667 0.013333333333333334 0.4 0.016666666666666666 0.4666666666666667 0.016666666666666666 0.47 0.013333333333333334 0.49666666666666665 0.013333333333333334 0.5 0.016666666666666666 0.51 0.016666666666666666 0.5133333333333333 0.02 0.5633333333333334 0.02 0.5666666666666667 0.016666666666666666 0.5833333333333334 0.016666666666666666 0.5866666666666667 0.02 0.6 0.02 0.6033333333333334 0.016666666666666666 0.61 0.016666666666666666 0.6133333333333333 0.013333333333333334 0.6533333333333333 0.013333333333333334 0.6566666666666666 0.016666666666666666 0.6633333333333333 0.016666666666666666 0.6666666666666666 0.02 0.67 0.02 0.6733333333333333 0.023333333333333334 0.6766666666666666 0.023333333333333334 0.68 0.02666666666666667 0.6966666666666667 0.02666666666666667 0.6966666666666667 0.023333333333333334 0.7 0.02 0.7 0.006666666666666667 0.6966666666666667 0.0033333333333333335 0.6966666666666667 0
0 0.7466666666666667 0.02666666666666667 0.7533333333333333 0.02666666666666667 0.7566666666666667 0.03 0.7766666666666666 0.03 0.78 0.03333333333333333 0.7833333333333333 0.03333333333333333 0.7866666666666666 0.03 0.7933333333333333 0.03 0.7966666666666666 0.02666666666666667 0.81 0.02666666666666667 0.8133333333333334 0.023333333333333334 0.8266666666666667 0.023333333333333334 0.83 0.02666666666666667 0.8566666666666667 0.02666666666666667 0.86 0.03 0.8733333333333333 0.03 0.8766666666666667 0.03333333333333333 0.88 0.03333333333333333 0.8833333333333333 0.03666666666666667 0.8866666666666667 0.03666666666666667 0.89 0.03333333333333333 0.9 0.03333333333333333 0.9033333333333333 0.03 0.9066666666666666 0.03333333333333333 0.91 0.03333333333333333 0.91 0.03 0.9166666666666666 0.023333333333333334 0.9166666666666666 0.016666666666666666 0.9233333333333333 0.01 0.9266666666666666 0.01 0.93 0.006666666666666667 0.9466666666666667 0.006666666666666667 0.95 0.0033333333333333335 0.9833333333333333 0.0033333333333333335 0.9866666666666667 0 0.75 0 0.75 0.013333333333333334 0.7466666666666667 0.016666666666666666
0 0.9966666666666667 0.016666666666666666 0.9933333333333333 0.02 0.99 0.02 0.9866666666666667 0.023333333333333334 0.9766666666666667 0.023333333333333334 0.9733333333333334 0.02 0.94 0.02 0.9366666666666666 0.023333333333333334 0.9333333333333333 0.023333333333333334 0.93 0.02666666666666667 0.93 0.03333333333333333 0.9366666666666666 0.03333333333333333 0.94 0.03 0.9433333333333334 0.03333333333333333 0.9466666666666667 0.03 0.95 0.03 0.9533333333333334 0.03333333333333333 0.96 0.03333333333333333 0.9633333333333334 0.03 0.9733333333333334 0.03 0.9766666666666667 0.02666666666666667 0.99 0.02666666666666667 0.9933333333333333 0.023333333333333334 0.9966666666666667 0.023333333333333334
0 0 0.85 0 0.9866666666666667 0 0.9733333333333334 0.0033333333333333335 0.97 0.0033333333333333335 0.9533333333333334 0 0.95 0 0.9 0.0033333333333333335 0.8966666666666666 0.0033333333333333335 0.8533333333333334
0 0 0.34 0 0.4066666666666667 0 0.3933333333333333 0.0033333333333333335 0.39 0.0033333333333333335 0.3433333333333333
1 0.31 0.53 0.31333333333333335 0.5333333333333333 0.31333333333333335 0.5433333333333333 0.31666666666666665 0.5466666666666666 0.3466666666666667 0.5466666666666666 0.35 0.5433333333333333 0.41333333333333333 0.5433333333333333 0.4166666666666667 0.5466666666666666 0.5033333333333333 0.5466666666666666 0.5066666666666667 0.5433333333333333 0.55 0.5433333333333333 0.5533333333333333 0.54 0.5566666666666666 0.5433333333333333 0.62 0.5433333333333333 0.6233333333333333 0.5466666666666666 0.6866666666666666 0.5466666666666666 0.6866666666666666 0.5333333333333333 0.6833333333333333 0.53 0.6833333333333333 0.49 0.6866666666666666 0.4866666666666667 0.6866666666666666 0.37333333333333335 0.6833333333333333 0.37 0.68 0.37 0.6766666666666666 0.36666666666666664 0.67 0.36666666666666664 0.6666666666666666 0.36333333333333334 0.6533333333333333 0.36333333333333334 0.65 0.36 0.6333333333333333 0.36 0.63 0.36333333333333334 0.5666666666666667 0.36333333333333334 0.5633333333333334 0.36666666666666664 0.54 0.36666666666666664 0.5366666666666666 0.36333333333333334 0.5033333333333333 0.36333333333333334 0.5 0.36 0.48 0.36 0.4766666666666667 0.3566666666666667 0.47 0.3566666666666667 0.4666666666666667 0.35333333333333333 0.4633333333333333 0.35333333333333333 0.46 0.35 0.45666666666666667 0.35 0.4533333333333333 0.35333333333333333 0.44666666666666666 0.35333333333333333 0.44 0.36 0.42 0.36 0.4066666666666667 0.37333333333333335 0.4066666666666667 0.38 0.4033333333333333 0.38333333333333336 0.4033333333333333 0.38666666666666666 0.4 0.39 0.4 0.39666666666666667 0.39 0.4066666666666667 0.39 0.41 0.38 0.42 0.38 0.43333333333333335 0.37666666666666665 0.43666666666666665 0.37666666666666665 0.44 0.37333333333333335 0.44333333333333336 0.37333333333333335 0.44666666666666666 0.36333333333333334 0.45666666666666667 0.36 0.45666666666666667 0.3566666666666667 0.46 0.35333333333333333 0.46 0.35 0.4633333333333333 0.3466666666666667 0.4633333333333333 0.34 0.47 0.34 0.48 0.33666666666666667 0.48333333333333334 0.33666666666666667 0.49 0.3333333333333333 0.49333333333333335 0.3333333333333333 0.5 0.3233333333333333 0.51 0.32 0.51 0.32 0.5133333333333333 0.31666666666666665 0.5166666666666667 0.31666666666666665 0.52 0.31333333333333335 0.5233333333333333 0.31333333333333335 0.5266666666666666
1 0.04666666666666667 0.53 0.07333333333333333 0.53 0.07666666666666666 0.5266666666666666 0.09333333333333334 0.5266666666666666 0.10333333333333333 0.5166666666666667 0.13333333333333333 0.5166666666666667 0.13666666666666666 0.5133333333333333 0.18 0.5133333333333333 0.18333333333333332 0.5166666666666667 0.21 0.5166666666666667 0.21333333333333335 0.52 0.22666666666666666 0.52 0.23 0.5233333333333333 0.23 0.5266666666666666 0.23333333333333334 0.53 0.2833333333333333 0.53 0.2833333333333333 0.5266666666666666 0.2866666666666667 0.5233333333333333 0.2866666666666667 0.5166666666666667 0.29 0.5133333333333333 0.29 0.49333333333333335 0.29333333333333333 0.49 0.29333333333333333 0.48 0.2966666666666667 0.4766666666666667 0.2966666666666667 0.45666666666666667 0.3 0.4533333333333333 0.3 0.44666666666666666 0.30333333333333334 0.44333333333333336 0.30333333333333334 0.43666666666666665 0.31333333333333335 0.4266666666666667 0.31666666666666665 0.4266666666666667 0.32666666666666666 0.4166666666666667 0.32666666666666666 0.41333333333333333 0.33 0.41 0.33 0.4033333333333333 0.33666666666666667 0.39666666666666667 0.3433333333333333 0.39666666666666667 0.3433333333333333 0.38666666666666666 0.3466666666666667 0.38333333333333336 0.3466666666666667 0.38 0.35333333333333333 0.37333333333333335 0.3566666666666667 0.37333333333333335 0.36333333333333334 0.36666666666666664 0.36333333333333334 0.36333333333333334 0.36666666666666664 0.36 0.36666666666666664 0.35333333333333333 0.37 0.35 0.37333333333333335 0.35 0.37333333333333335 0.3433333333333333 0.37666666666666665 0.34 0.38333333333333336 0.34 0.38333333333333336 0.33666666666666667 0.37666666666666665 0.33666666666666667 0.37333333333333335 0.3333333333333333 0.31666666666666665 0.3333333333333333 0.30666666666666664 0.3433333333333333 0.29333333333333333 0.3433333333333333 0.29 0.3466666666666667 0.2833333333333333 0.3466666666666667 0.28 0.35 0.21 0.35 0.20666666666666667 0.3466666666666667 0.20333333333333334 0.3466666666666667 0.2 0.3433333333333333 0.15666666666666668 0.3433333333333333 0.15333333333333332 0.3466666666666667 0.13333333333333333 0.3466666666666667 0.13 0.3433333333333333 0.11333333333333333 0.3433333333333333 0.11 0.3466666666666667 0.10333333333333333 0.3466666666666667 0.1 0.3433333333333333 0.1 0.34 0.09333333333333334 0.3333333333333333 0.05333333333333334 0.3333333333333333 0.05333333333333334 0.33666666666666667 0.05 0.34 0.05 0.35333333333333333 0.05333333333333334 0.3566666666666667 0.05333333333333334 0.38666666666666666 0.056666666666666664 0.39 0.056666666666666664 0.3933333333333333 0.06 0.3933333333333333 0.06333333333333334 0.39666666666666667 0.06333333333333334 0.4 0.056666666666666664 0.4066666666666667 0.056666666666666664 0.41333333333333333 0.06333333333333334 0.41333333333333333 0.06666666666666667 0.4166666666666667 0.06666666666666667 0.42333333333333334 0.06333333333333334 0.4266666666666667 0.05333333333333334 0.4266666666666667 0.05333333333333334 0.45666666666666667 0.05 0.46 0.05 0.48333333333333334 0.04666666666666667 0.4866666666666667
2 0.9966666666666667 0.04 0.98 0.05333333333333334 0.9633333333333334 0.05333333333333334 0.96 0.05 0.9233333333333333 0.05 0.9 0.06666666666666667 0.8733333333333333 0.06666666666666667 0.86 0.07333333333333333 0.8533333333333334 0.07 0.84 0.07 0.8366666666666667 0.06666666666666667 0.8233333333333334 0.06666666666666667 0.8066666666666666 0.06 0.79 0.06 0.7866666666666666 0.06333333333333334 0.78 0.06333333333333334 0.7766666666666666 0.06666666666666667 0.7633333333333333 0.06666666666666667 0.76 0.07 0.7433333333333333 0.06 0.73 0.06 0.7266666666666667 0.06333333333333334 0.7 0.06 0.69 0.06666666666666667 0.67 0.06333333333333334 0.6666666666666666 0.06666666666666667 0.6566666666666666 0.06666666666666667 0.6466666666666666 0.07333333333333333 0.6266666666666667 0.07333333333333333 0.6133333333333333 0.06666666666666667 0.6033333333333334 0.06666666666666667 0.5833333333333334 0.07666666666666666 0.5733333333333334 0.08666666666666667 0.5733333333333334 0.11333333333333333 0.5666666666666667 0.12333333333333334 0.5666666666666667 0.13333333333333333 0.56 0.14666666666666667 0.5566666666666666 0.17666666666666667 0.5433333333333333 0.19333333333333333 0.5433333333333333 0.22666666666666666 0.5466666666666666 0.23 0.5466666666666666 0.26 0.54 0.27 0.5166666666666667 0.27 0.5033333333333333 0.27666666666666667 0.4866666666666667 0.27666666666666667 0.47333333333333333 0.29333333333333333 0.4666666666666667 0.29333333333333333 0.43666666666666665 0.31333333333333335 0.43 0.31 0.4033333333333333 0.31 0.39666666666666667 0.32 0.39666666666666667 0.32666666666666666 0.38666666666666666 0.33666666666666667 0.38666666666666666 0.34 0.38333333333333336 0.3433333333333333 0.37666666666666665 0.3433333333333333 0.37666666666666665 0.35 0.37 0.35333333333333333 0.36666666666666664 0.36666666666666664 0.35 0.38 0.3466666666666667 0.38666666666666666 0.3466666666666667 0.39666666666666667 0.3433333333333333 0.4 0.33666666666666667 0.4 0.33 0.4166666666666667 0.30666666666666664 0.43666666666666665 0.30666666666666664 0.44333333333333336 0.3 0.45666666666666667 0.3 0.4766666666666667 0.29333333333333333 0.49333333333333335 0.29333333333333333 0.5133333333333333 0.2866666666666667 0.53 0.2733333333333333 0.5466666666666666 0.26666666666666666 0.57 0.25 0.5833333333333334 0.22333333333333333 0.5833333333333334 0.20333333333333334 0.6033333333333334 0.2 0.6033333333333334 0.18666666666666668 0.62 0.18 0.6233333333333333 0.18 0.6433333333333333 0.18333333333333332 0.65 0.17666666666666667 0.66 0.17666666666666667 0.67 0.17333333333333334 0.6733333333333333 0.17666666666666667 0.74 0.18 0.7433333333333333 0.17333333333333334 0.7533333333333333 0.17333333333333334 0.77 0.17666666666666667 0.7733333333333333 0.17333333333333334 0.78 0.16666666666666666 0.7866666666666666 0.14666666666666667 0.7866666666666666 0.13333333333333333 0.8 0.13 0.81 0.11666666666666667 0.8266666666666667 0.10333333333333333 0.8266666666666667 0.09333333333333334 0.82 0.07333333333333333 0.82 0.06666666666666667 0.8233333333333334 0.056666666666666664 0.8366666666666667 0.043333333333333335 0.8433333333333334 0.03333333333333333 0.8433333333333334 0.02666666666666667 0.8466666666666667 0.023333333333333334 0.86 0.01 0.8733333333333333 0.01 0.9 0.0033333333333333335 0.9066666666666666 0.0033333333333333335 0.95 0.006666666666666667 0.9533333333333334 0.006666666666666667 0.97 0.0033333333333333335 0.9733333333333334 0.0033333333333333335 0.9866666666666667 0 0.99 0 0.9966666666666667 0.006666666666666667 0.9966666666666667 0.02 0.98 0.016666666666666666 0.9466666666666667 0.03 0.9366666666666666 0.03666666666666667 0.9233333333333333 0.03666666666666667 0.9166666666666666 0.04666666666666667 0.9033333333333333 0.05 0.9033333333333333 0.05333333333333334 0.9066666666666666 0.05333333333333334 0.9133333333333333 0.06333333333333334 0.92 0.06333333333333334 0.9266666666666666 0.07333333333333333 0.9266666666666666 0.07666666666666666 0.9233333333333333 0.07666666666666666 0.9166666666666666 0.06666666666666667 0.9133333333333333 0.05 0.8933333333333333 0.05 0.8866666666666667 0.06 0.8766666666666667 0.06 0.8633333333333333 0.06333333333333334 0.86 0.08666666666666667 0.86 0.09 0.8633333333333333 0.09666666666666666 0.8633333333333333 0.11 0.8566666666666667 0.14 0.8566666666666667 0.18 0.81 0.18 0.7966666666666666 0.18333333333333332 0.7933333333333333 0.18333333333333332 0.78 0.18 0.7766666666666666 0.18666666666666668 0.76 0.2 0.75 0.2 0.7033333333333334 0.18666666666666668 0.6866666666666666 0.18666666666666668 0.6766666666666666 0.18333333333333332 0.67 0.19333333333333333 0.66 0.2 0.66 0.20333333333333334 0.6533333333333333 0.22 0.64 0.22666666666666666 0.64 0.22666666666666666 0.63 0.22 0.6133333333333333 0.22333333333333333 0.61 0.26 0.61 0.2633333333333333 0.6066666666666667 0.2866666666666667 0.6066666666666667 0.29333333333333333 0.59 0.3 0.5833333333333334 0.3 0.5766666666666667 0.30666666666666664 0.57 0.30666666666666664 0.56 0.31 0.5566666666666666 0.31 0.5333333333333333 0.30666666666666664 0.53 0.31666666666666665 0.51 0.33 0.5 0.33 0.49333333333333335 0.33666666666666667 0.48 0.33666666666666667 0.47 0.3466666666666667 0.46 0.36333333333333334 0.4533333333333333 0.37 0.44666666666666666 0.37666666666666665 0.43333333333333335 0.37666666666666665 0.42 0.39666666666666667 0.39666666666666667 0.4033333333333333 0.37333333333333335 0.42 0.3566666666666667 0.44 0.3566666666666667 0.44666666666666666 0.35 0.4533333333333333 0.35 0.4666666666666667 0.34 0.47333333333333333 0.34 0.49333333333333335 0.33 0.49666666666666665 0.3233333333333333 0.52 0.31666666666666665 0.5366666666666666 0.3 0.5566666666666666 0.2866666666666667 0.5566666666666666 0.27666666666666667 0.5633333333333334 0.2733333333333333 0.5633333333333334 0.25 0.57 0.24 0.57 0.23 0.5666666666666667 0.22333333333333333 0.58 0.21 0.58 0.20333333333333334 0.5833333333333334 0.2 0.5833333333333334 0.17666666666666667 0.5866666666666667 0.17333333333333334 0.5866666666666667 0.16 0.59 0.15666666666666668 0.59 0.15 0.5966666666666667 0.14333333333333334 0.6033333333333334 0.15 0.6 0.15333333333333332 0.6 0.16333333333333333 0.6133333333333333 0.16333333333333333 0.6166666666666667 0.17 0.6233333333333333 0.17 0.6233333333333333 0.16333333333333333 0.6166666666666667 0.16333333333333333 0.6133333333333333 0.16 0.61 0.14666666666666667 0.6066666666666667 0.14666666666666667 0.6 0.13666666666666666 0.6 0.12333333333333334 0.5966666666666667 0.12 0.6033333333333334 0.11333333333333333 0.6033333333333334 0.10333333333333333 0.6066666666666667 0.1 0.64 0.1 0.6433333333333333 0.09666666666666666 0.6666666666666666 0.09666666666666666 0.6733333333333333 0.09333333333333334 0.6766666666666666 0.09666666666666666 0.6933333333333334 0.09666666666666666 0.6966666666666667 0.1 0.77 0.1 0.7733333333333333 0.09666666666666666 0.78 0.09666666666666666 0.7833333333333333 0.1 0.84 0.10333333333333333 0.8433333333333334 0.1 0.8666666666666667 0.1 0.87 0.09666666666666666 0.9233333333333333 0.1 0.93 0.09333333333333334 0.9366666666666666 0.09333333333333334 0.94 0.09 0.9833333333333333 0.09333333333333334 0.9866666666666667 0.09 0.9966666666666667 0.09
2 0.056666666666666664 0.6133333333333333 0.043333333333333335 0.6133333333333333 0.04 0.6166666666666667 0.04 0.6233333333333333 0.043333333333333335 0.6266666666666667 0.04666666666666667 0.6266666666666667 0.05 0.63 0.04666666666666667 0.6333333333333333 0.03666666666666667 0.6333333333333333 0.02666666666666667 0.6433333333333333 0.02666666666666667 0.6466666666666666 0.023333333333333334 0.65 0.023333333333333334 0.6533333333333333 0.01 0.6666666666666666 0.01 0.67 0.006666666666666667 0.6733333333333333 0.006666666666666667 0.68 0 0.6866666666666666 0 0.79 0.01 0.79 0.01 0.7833333333333333 0.0033333333333333335 0.7766666666666666 0.0033333333333333335 0.7733333333333333 0.006666666666666667 0.77 0.006666666666666667 0.75 0.0033333333333333335 0.7466666666666667 0.0033333333333333335 0.7366666666666667 0 0.7333333333333333 0 0.72 0.0033333333333333335 0.7166666666666667 0.0033333333333333335 0.7066666666666667 0.006666666666666667 0.7033333333333334 0.006666666666666667 0.7 0.01 0.6966666666666667 0.01 0.6866666666666666 0.013333333333333334 0.6833333333333333 0.013333333333333334 0.68 0.016666666666666666 0.6766666666666666 0.016666666666666666 0.6733333333333333 0.043333333333333335 0.6466666666666666 0.05333333333333334 0.6466666666666666 0.056666666666666664 0.6433333333333333
2 0.9966666666666667 0 0.99 0 0.9833333333333333 0.006666666666666667 0.95 0.006666666666666667 0.9466666666666667 0.01 0.93 0.01 0.9266666666666666 0.013333333333333334 0.9233333333333333 0.013333333333333334 0.92 0.016666666666666666 0.92 0.023333333333333334 0.9133333333333333 0.03 0.9133333333333333 0.03666666666666667 0.9266666666666666 0.03666666666666667 0.9266666666666666 0.02666666666666667 0.9333333333333333 0.02 0.9366666666666666 0.02 0.94 0.016666666666666666 0.9733333333333334 0.016666666666666666 0.9766666666666667 0.02 0.9866666666666667 0.02 0.99 0.016666666666666666 0.9933333333333333 0.016666666666666666 0.9966666666666667 0.013333333333333334
2 0.9966666666666667 0.7866666666666666 0.99 0.7866666666666666 0.9866666666666667 0.79 0.9766666666666667 0.79 0.9733333333333334 0.7933333333333333 0.97 0.7933333333333333 0.96 0.8033333333333333 0.9566666666666667 0.8033333333333333 0.9566666666666667 0.81 0.9633333333333334 0.81 0.9666666666666667 0.8066666666666666 0.97 0.8066666666666666 0.9766666666666667 0.8 0.9866666666666667 0.8 0.99 0.7966666666666666 0.9933333333333333 0.7966666666666666 0.9966666666666667 0.7933333333333333