0 0.10465116279069768 0.686046511627907 0.10465116279069768 0.6976744186046512 0.10077519379844961 0.7015503875968992 0.10077519379844961 0.7248062015503876 0.10465116279069768 0.7286821705426356 0.10465116279069768 0.7596899224806202 0.10077519379844961 0.7635658914728682 0.10077519379844961 0.7751937984496124 0.09689922480620156 0.7790697674418605 0.09689922480620156 0.810077519379845 0.10077519379844961 0.813953488372093 0.10077519379844961 0.8255813953488372 0.10465116279069768 0.8294573643410853 0.10465116279069768 0.8449612403100775 0.10077519379844961 0.8488372093023255 0.10465116279069768 0.8527131782945736 0.10465116279069768 0.872093023255814 0.10852713178294573 0.875968992248062 0.10852713178294573 0.8798449612403101 0.10465116279069768 0.8837209302325582 0.11627906976744186 0.8837209302325582 0.12015503875968993 0.8875968992248062 0.13565891472868216 0.8875968992248062 0.13953488372093023 0.8837209302325582 0.14728682170542637 0.8837209302325582 0.1511627906976744 0.8875968992248062 0.1937984496124031 0.8875968992248062 0.19767441860465115 0.8914728682170543 0.2248062015503876 0.8914728682170543 0.22868217054263565 0.8875968992248062 0.2364341085271318 0.8875968992248062 0.24031007751937986 0.8837209302325582 0.29844961240310075 0.8837209302325582 0.3023255813953488 0.8875968992248062 0.3178294573643411 0.8875968992248062 0.32170542635658916 0.8914728682170543 0.32945736434108525 0.8914728682170543 0.3333333333333333 0.8953488372093024 0.3488372093023256 0.8953488372093024 0.35271317829457366 0.8914728682170543 0.3682170542635659 0.8914728682170543 0.37209302325581395 0.8953488372093024 0.4069767441860465 0.8953488372093024 0.4108527131782946 0.8914728682170543 0.43410852713178294 0.8914728682170543 0.437984496124031 0.8875968992248062 0.44573643410852715 0.8875968992248062 0.4496124031007752 0.8837209302325582 0.45348837209302323 0.8875968992248062 0.5116279069767442 0.8875968992248062 0.5155038759689923 0.8914728682170543 0.5310077519379846 0.8914728682170543 0.5348837209302325 0.8953488372093024 0.562015503875969 0.8953488372093024 0.5658914728682171 0.8914728682170543 0.5852713178294574 0.8914728682170543 0.5891472868217055 0.8875968992248062 0.5930232558139535 0.8914728682170543 0.624031007751938 0.8914728682170543 0.627906976744186 0.8953488372093024 0.6666666666666666 0.8953488372093024 0.6705426356589147 0.8914728682170543 0.7751937984496124 0.8914728682170543 0.7790697674418605 0.8953488372093024 0.7868217054263565 0.8953488372093024 0.7906976744186046 0.8992248062015504 0.8062015503875969 0.8992248062015504 0.810077519379845 0.8953488372093024 0.8217054263565892 0.8953488372093024 0.8255813953488372 0.8914728682170543 0.8372093023255814 0.8914728682170543 0.8372093023255814 0.8643410852713178 0.8410852713178295 0.8604651162790697 0.8410852713178295 0.8255813953488372 0.8372093023255814 0.8217054263565892 0.8372093023255814 0.7906976744186046 0.8410852713178295 0.7868217054263565 0.8410852713178295 0.7829457364341085 0.8372093023255814 0.7790697674418605 0.8372093023255814 0.7674418604651163 0.8410852713178295 0.7635658914728682 0.8410852713178295 0.748062015503876 0.8372093023255814 0.751937984496124 0.8372093023255814 0.7558139534883721 0.8333333333333334 0.7596899224806202 0.8255813953488372 0.7596899224806202 0.8217054263565892 0.7635658914728682 0.813953488372093 0.7635658914728682 0.810077519379845 0.7596899224806202 0.810077519379845 0.751937984496124 0.813953488372093 0.748062015503876 0.8217054263565892 0.748062015503876 0.8217054263565892 0.7441860465116279 0.8255813953488372 0.7403100775193798 0.8255813953488372 0.7325581395348837 0.8294573643410853 0.7286821705426356 0.8372093023255814 0.7286821705426356 0.8410852713178295 0.7248062015503876 0.8410852713178295 0.7054263565891473 0.8372093023255814 0.7015503875968992 0.8372093023255814 0.6782945736434108 0.8333333333333334 0.6744186046511628 0.8294573643410853 0.6744186046511628 0.8255813953488372 0.6705426356589147 0.8217054263565892 0.6705426356589147 0.8178294573643411 0.6744186046511628 0.813953488372093 0.6705426356589147 0.562015503875969 0.6705426356589147 0.5581395348837209 0.6666666666666666 0.5310077519379846 0.6666666666666666 0.5271317829457365 0.6627906976744186 0.5193798449612403 0.6627906976744186 0.5155038759689923 0.6666666666666666 0.4806201550387597 0.6666666666666666 0.47674418604651164 0.6705426356589147 0.46511627906976744 0.6705426356589147 0.46124031007751937 0.6666666666666666 0.43023255813953487 0.6666666666666666 0.4263565891472868 0.6627906976744186 0.3875968992248062 0.6627906976744186 0.38372093023255816 0.6666666666666666 0.35658914728682173 0.6666666666666666 0.35271317829457366 0.6705426356589147 0.3372093023255814 0.6705426356589147 0.3333333333333333 0.6666666666666666 0.32170542635658916 0.6666666666666666 0.3178294573643411 0.6627906976744186 0.1937984496124031 0.6627906976744186 0.18992248062015504 0.6666666666666666 0.12015503875968993 0.6666666666666666 0.11627906976744186 0.6705426356589147 0.1124031007751938 0.6705426356589147 0.1124031007751938 0.6744186046511628 0.10852713178294573 0.6782945736434108 0.10852713178294573 0.6821705426356589
0 0.8410852713178295 0.08914728682170543 0.8294573643410853 0.08914728682170543 0.8255813953488372 0.08527131782945736 0.813953488372093 0.08527131782945736 0.810077519379845 0.08914728682170543 0.7868217054263565 0.08914728682170543 0.7829457364341085 0.08527131782945736 0.7596899224806202 0.08527131782945736 0.7558139534883721 0.08914728682170543 0.7441860465116279 0.08914728682170543 0.7403100775193798 0.09302325581395349 0.6744186046511628 0.09302325581395349 0.6705426356589147 0.08914728682170543 0.6511627906976745 0.08914728682170543 0.6472868217054264 0.08527131782945736 0.6356589147286822 0.08527131782945736 0.6317829457364341 0.08139534883720931 0.624031007751938 0.08139534883720931 0.6201550387596899 0.07751937984496124 0.6162790697674418 0.08139534883720931 0.6085271317829457 0.08139534883720931 0.6046511627906976 0.08527131782945736 0.5930232558139535 0.08527131782945736 0.5891472868217055 0.08914728682170543 0.5387596899224806 0.08914728682170543 0.5348837209302325 0.08527131782945736 0.5038759689922481 0.08527131782945736 0.5 0.08139534883720931 0.46511627906976744 0.08139534883720931 0.46124031007751937 0.08527131782945736 0.36046511627906974 0.08527131782945736 0.35658914728682173 0.08914728682170543 0.32558139534883723 0.08914728682170543 0.32170542635658916 0.08527131782945736 0.2868217054263566 0.08527131782945736 0.28294573643410853 0.08914728682170543 0.2751937984496124 0.08914728682170543 0.2713178294573643 0.09302325581395349 0.26744186046511625 0.08914728682170543 0.2441860465116279 0.08914728682170543 0.24031007751937986 0.09302325581395349 0.1821705426356589 0.09302325581395349 0.17829457364341086 0.08914728682170543 0.17054263565891473 0.08914728682170543 0.16666666666666666 0.08527131782945736 0.13178294573643412 0.08527131782945736 0.12790697674418605 0.08139534883720931 0.12015503875968993 0.08139534883720931 0.11627906976744186 0.08527131782945736 0.1124031007751938 0.08527131782945736 0.1124031007751938 0.10077519379844961 0.10852713178294573 0.10465116279069768 0.1124031007751938 0.10852713178294573 0.1124031007751938 0.1744186046511628 0.11627906976744186 0.17829457364341086 0.11627906976744186 0.18604651162790697 0.1124031007751938 0.18992248062015504 0.1124031007751938 0.1937984496124031 0.11627906976744186 0.19767441860465115 0.1124031007751938 0.20155038759689922 0.1124031007751938 0.22868217054263565 0.10852713178294573 0.23255813953488372 0.10852713178294573 0.2751937984496124 0.1124031007751938 0.27906976744186046 0.1124031007751938 0.29844961240310075 0.12015503875968993 0.29844961240310075 0.12403100775193798 0.3023255813953488 0.13565891472868216 0.3023255813953488 0.13953488372093023 0.3062015503875969 0.14728682170542637 0.3062015503875969 0.1511627906976744 0.31007751937984496 0.15503875968992248 0.31007751937984496 0.15891472868217055 0.313953488372093 0.17054263565891473 0.313953488372093 0.1744186046511628 0.31007751937984496 0.18604651162790697 0.31007751937984496 0.18992248062015504 0.3062015503875969 0.19767441860465115 0.3062015503875969 0.20155038759689922 0.3023255813953488 0.27906976744186046 0.3023255813953488 0.28294573643410853 0.3062015503875969 0.29069767441860467 0.3062015503875969 0.29457364341085274 0.3023255813953488 0.29844961240310075 0.3023255813953488 0.3023255813953488 0.3062015503875969 0.32945736434108525 0.3062015503875969 0.3333333333333333 0.3023255813953488 0.46124031007751937 0.3023255813953488 0.46511627906976744 0.3062015503875969 0.4844961240310077 0.3062015503875969 0.4883720930232558 0.31007751937984496 0.5077519379844961 0.31007751937984496 0.5116279069767442 0.3062015503875969 0.5193798449612403 0.3062015503875969 0.5232558139534884 0.31007751937984496 0.5348837209302325 0.31007751937984496 0.5387596899224806 0.313953488372093 0.5426356589147286 0.313953488372093 0.5465116279069767 0.3178294573643411 0.5542635658914729 0.3178294573643411 0.5581395348837209 0.313953488372093 0.5697674418604651 0.313953488372093 0.5736434108527132 0.31007751937984496 0.5775193798449613 0.31007751937984496 0.5813953488372093 0.3062015503875969 0.5852713178294574 0.3062015503875969 0.5891472868217055 0.3023255813953488 0.5968992248062015 0.3023255813953488 0.6007751937984496 0.3062015503875969 0.6317829457364341 0.3062015503875969 0.6356589147286822 0.31007751937984496 0.6744186046511628 0.31007751937984496 0.6782945736434108 0.313953488372093 0.6937984496124031 0.313953488372093 0.6976744186046512 0.31007751937984496 0.7015503875968992 0.31007751937984496 0.7054263565891473 0.313953488372093 0.7093023255813954 0.31007751937984496 0.8372093023255814 0.31007751937984496 0.8410852713178295 0.3062015503875969 0.8410852713178295 0.2364341085271318 0.8449612403100775 0.23255813953488372 0.8449612403100775 0.19767441860465115 0.8410852713178295 0.1937984496124031 0.8410852713178295 0.13178294573643412 0.8449612403100775 0.12790697674418605 0.8449612403100775 0.1124031007751938 0.8410852713178295 0.10852713178294573
0 0 0.37209302325581395 0 0.5968992248062015 0.05813953488372093 0.5968992248062015 0.06201550387596899 0.5930232558139535 0.07364341085271318 0.5930232558139535 0.07751937984496124 0.5891472868217055 0.11627906976744186 0.5891472868217055 0.12015503875968993 0.5852713178294574 0.12403100775193798 0.5852713178294574 0.12790697674418605 0.5891472868217055 0.13565891472868216 0.5891472868217055 0.13953488372093023 0.5930232558139535 0.1511627906976744 0.5930232558139535 0.15503875968992248 0.5968992248062015 0.1744186046511628 0.5968992248062015 0.17829457364341086 0.5930232558139535 0.1821705426356589 0.5930232558139535 0.18604651162790697 0.5891472868217055 0.2054263565891473 0.5891472868217055 0.20930232558139536 0.5852713178294574 0.21705426356589147 0.5852713178294574 0.22093023255813954 0.5891472868217055 0.24031007751937986 0.5891472868217055 0.2441860465116279 0.5930232558139535 0.2751937984496124 0.5930232558139535 0.27906976744186046 0.5968992248062015 0.2868217054263566 0.5968992248062015 0.29069767441860467 0.5930232558139535 0.31007751937984496 0.5930232558139535 0.313953488372093 0.5891472868217055 0.37209302325581395 0.5891472868217055 0.375968992248062 0.5930232558139535 0.3798449612403101 0.5930232558139535 0.38372093023255816 0.5891472868217055 0.42248062015503873 0.5891472868217055 0.4263565891472868 0.5852713178294574 0.4263565891472868 0.562015503875969 0.42248062015503873 0.5581395348837209 0.42248062015503873 0.5542635658914729 0.4186046511627907 0.5503875968992248 0.4186046511627907 0.5387596899224806 0.41472868217054265 0.5348837209302325 0.4186046511627907 0.5310077519379846 0.4186046511627907 0.5077519379844961 0.42248062015503873 0.5038759689922481 0.42248062015503873 0.5 0.4263565891472868 0.49612403100775193 0.4263565891472868 0.47674418604651164 0.42248062015503873 0.4728682170542636 0.42248062015503873 0.45348837209302323 0.4186046511627907 0.4496124031007752 0.4186046511627907 0.40310077519379844 0.41472868217054265 0.3992248062015504 0.41472868217054265 0.375968992248062 0.4069767441860465 0.375968992248062 0.40310077519379844 0.37209302325581395 0.3953488372093023 0.37209302325581395 0.39147286821705424 0.375968992248062 0.3449612403100775 0.375968992248062 0.34108527131782945 0.37209302325581395 0.32558139534883723 0.37209302325581395 0.32170542635658916 0.3682170542635659 0.313953488372093 0.3682170542635659 0.31007751937984496 0.3643410852713178 0.29844961240310075 0.3643410852713178 0.29457364341085274 0.3682170542635659 0.18992248062015504 0.3682170542635659 0.18604651162790697 0.37209302325581395 0.1744186046511628 0.37209302325581395 0.17054263565891473 0.375968992248062 0.16666666666666666 0.375968992248062 0.16279069767441862 0.37209302325581395 0.1511627906976744 0.37209302325581395 0.14728682170542637 0.3682170542635659 0.11627906976744186 0.3682170542635659 0.1124031007751938 0.37209302325581395 0.10077519379844961 0.37209302325581395 0.09689922480620156 0.375968992248062 0.05426356589147287 0.375968992248062 0.050387596899224806 0.37209302325581395 0.046511627906976744 0.37209302325581395 0.03875968992248062 0.3643410852713178 0.023255813953488372 0.3643410852713178 0.01937984496124031 0.3682170542635659 0.011627906976744186 0.3682170542635659 0.007751937984496124 0.37209302325581395
0 0 0.9418604651162791 0 0.9961240310077519 0.4186046511627907 0.9961240310077519 0.4186046511627907 0.9922480620155039 0.41472868217054265 0.9883720930232558 0.41472868217054265 0.9496124031007752 0.40310077519379844 0.9496124031007752 0.3992248062015504 0.9457364341085271 0.39147286821705424 0.9457364341085271 0.3875968992248062 0.9496124031007752 0.38372093023255816 0.9457364341085271 0.375968992248062 0.9457364341085271 0.37209302325581395 0.9496124031007752 0.32558139534883723 0.9496124031007752 0.32170542635658916 0.9457364341085271 0.23255813953488372 0.9457364341085271 0.22868217054263565 0.9418604651162791 0.20930232558139536 0.9418604651162791 0.2054263565891473 0.937984496124031 0.18992248062015504 0.937984496124031 0.18604651162790697 0.9418604651162791 0.15891472868217055 0.9418604651162791 0.15503875968992248 0.9457364341085271 0.13178294573643412 0.9457364341085271 0.12790697674418605 0.9496124031007752 0.07751937984496124 0.9496124031007752 0.07364341085271318 0.9457364341085271 0.05426356589147287 0.9457364341085271 0.050387596899224806 0.9418604651162791 0.046511627906976744 0.9418604651162791 0.04263565891472868 0.937984496124031 0.01937984496124031 0.937984496124031 0.015503875968992248 0.9418604651162791
0 0.9108527131782945 0.6666666666666666 0.9069767441860465 0.6705426356589147 0.9069767441860465 0.6821705426356589 0.9108527131782945 0.686046511627907 0.9108527131782945 0.6937984496124031 0.9069767441860465 0.6976744186046512 0.9069767441860465 0.7054263565891473 0.9108527131782945 0.7093023255813954 0.9108527131782945 0.7441860465116279 0.9069767441860465 0.748062015503876 0.9108527131782945 0.751937984496124 0.9069767441860465 0.7558139534883721 0.9069767441860465 0.8604651162790697 0.9108527131782945 0.8643410852713178 0.9108527131782945 0.875968992248062 0.9147286821705426 0.8798449612403101 0.9147286821705426 0.8837209302325582 0.9961240310077519 0.8837209302325582 0.9961240310077519 0.6666666666666666 0.9922480620155039 0.6666666666666666 0.9883720930232558 0.6627906976744186 0.9806201550387597 0.6627906976744186 0.9767441860465116 0.6589147286821705 0.9728682170542635 0.6627906976744186 0.9651162790697675 0.6627906976744186 0.9612403100775194 0.6589147286821705 0.9534883720930233 0.6589147286821705 0.9496124031007752 0.6627906976744186 0.9341085271317829 0.6627906976744186 0.9302325581395349 0.6666666666666666
0 0.9186046511627907 0.09302325581395349 0.9186046511627907 0.10852713178294573 0.9147286821705426 0.1124031007751938 0.9147286821705426 0.1511627906976744 0.9108527131782945 0.15503875968992248 0.9186046511627907 0.16279069767441862 0.9186046511627907 0.1821705426356589 0.9147286821705426 0.18604651162790697 0.9186046511627907 0.18992248062015504 0.9186046511627907 0.2054263565891473 0.9108527131782945 0.2131782945736434 0.9108527131782945 0.2248062015503876 0.9147286821705426 0.22868217054263565 0.9147286821705426 0.2713178294573643 0.9186046511627907 0.2751937984496124 0.9186046511627907 0.29844961240310075 0.9147286821705426 0.3023255813953488 0.9224806201550387 0.3023255813953488 0.9263565891472868 0.3062015503875969 0.9341085271317829 0.3062015503875969 0.937984496124031 0.3023255813953488 0.9418604651162791 0.3023255813953488 0.9457364341085271 0.3062015503875969 0.9728682170542635 0.3062015503875969 0.9767441860465116 0.31007751937984496 0.9961240310077519 0.31007751937984496 0.9961240310077519 0.08527131782945736 0.9728682170542635 0.08527131782945736 0.9689922480620154 0.08914728682170543 0.9651162790697675 0.08914728682170543 0.9612403100775194 0.09302325581395349
0 0 0 0 0.031007751937984496 0.003875968992248062 0.027131782945736434 0.031007751937984496 0.027131782945736434 0.03488372093023256 0.031007751937984496 0.04263565891472868 0.031007751937984496 0.046511627906976744 0.03488372093023256 0.050387596899224806 0.03488372093023256 0.05426356589147287 0.03875968992248062 0.13565891472868216 0.03875968992248062 0.13953488372093023 0.03488372093023256 0.1511627906976744 0.03488372093023256 0.15503875968992248 0.031007751937984496 0.1744186046511628 0.031007751937984496 0.17829457364341086 0.03488372093023256 0.18604651162790697 0.03488372093023256 0.18992248062015504 0.031007751937984496 0.20155038759689922 0.031007751937984496 0.2054263565891473 0.027131782945736434 0.20930232558139536 0.031007751937984496 0.2364341085271318 0.031007751937984496 0.24031007751937986 0.027131782945736434 0.28294573643410853 0.027131782945736434 0.2868217054263566 0.031007751937984496 0.32170542635658916 0.031007751937984496 0.32558139534883723 0.027131782945736434 0.3643410852713178 0.027131782945736434 0.3682170542635659 0.031007751937984496 0.37209302325581395 0.031007751937984496 0.3798449612403101 0.03875968992248062 0.43410852713178294 0.03875968992248062 0.437984496124031 0.03488372093023256 0.437984496124031 0.031007751937984496 0.4418604651162791 0.027131782945736434 0.4418604651162791 0.011627906976744186 0.437984496124031 0.007751937984496124 0.437984496124031 0
0 0.003875968992248062 0.08139534883720931 0 0.08527131782945736 0 0.3023255813953488 0.003875968992248062 0.3023255813953488 0.007751937984496124 0.29844961240310075 0.011627906976744186 0.3023255813953488 0.046511627906976744 0.3023255813953488 0.05426356589147287 0.29457364341085274 0.050387596899224806 0.29069767441860467 0.050387596899224806 0.2596899224806202 0.046511627906976744 0.2558139534883721 0.050387596899224806 0.25193798449612403 0.050387596899224806 0.2441860465116279 0.05426356589147287 0.24031007751937986 0.05426356589147287 0.22868217054263565 0.05813953488372093 0.2248062015503876 0.05426356589147287 0.22093023255813954 0.05426356589147287 0.21705426356589147 0.050387596899224806 0.2131782945736434 0.050387596899224806 0.2054263565891473 0.046511627906976744 0.20155038759689922 0.046511627906976744 0.12015503875968993 0.050387596899224806 0.11627906976744186 0.050387596899224806 0.1124031007751938 0.046511627906976744 0.10852713178294573 0.046511627906976744 0.09302325581395349 0.04263565891472868 0.08914728682170543 0.04263565891472868 0.08527131782945736 0.03875968992248062 0.08914728682170543 0.031007751937984496 0.08914728682170543 0.027131782945736434 0.08527131782945736 0.01937984496124031 0.08527131782945736 0.015503875968992248 0.08139534883720931
0 0.046511627906976744 0.6589147286821705 0.03875968992248062 0.6589147286821705 0.03488372093023256 0.6627906976744186 0.031007751937984496 0.6627906976744186 0.027131782945736434 0.6666666666666666 0 0.6666666666666666 0 0.8875968992248062 0.003875968992248062 0.8837209302325582 0.015503875968992248 0.8837209302325582 0.01937984496124031 0.8798449612403101 0.03875968992248062 0.8798449612403101 0.04263565891472868 0.875968992248062 0.046511627906976744 0.875968992248062 0.04263565891472868 0.872093023255814 0.04263565891472868 0.8604651162790697 0.046511627906976744 0.8565891472868217 0.04263565891472868 0.8527131782945736 0.04263565891472868 0.8217054263565892 0.046511627906976744 0.8178294573643411 0.046511627906976744 0.7945736434108527 0.04263565891472868 0.7906976744186046 0.04263565891472868 0.7596899224806202 0.046511627906976744 0.7558139534883721 0.046511627906976744 0.748062015503876 0.04263565891472868 0.7441860465116279 0.04263565891472868 0.7170542635658915 0.03875968992248062 0.7131782945736435 0.03875968992248062 0.7054263565891473 0.04263565891472868 0.7015503875968992 0.04263565891472868 0.686046511627907 0.050387596899224806 0.6782945736434108 0.046511627906976744 0.6744186046511628 0.050387596899224806 0.6705426356589147 0.050387596899224806 0.6666666666666666 0.046511627906976744 0.6627906976744186
1 0.9341085271317829 0.39147286821705424 0.9302325581395349 0.3875968992248062 0.9263565891472868 0.3875968992248062 0.9224806201550387 0.38372093023255816 0.9108527131782945 0.38372093023255816 0.9069767441860465 0.3798449612403101 0.9069767441860465 0.37209302325581395 0.9031007751937985 0.3682170542635659 0.872093023255814 0.3682170542635659 0.8682170542635659 0.3643410852713178 0.8410852713178295 0.3643410852713178 0.8372093023255814 0.36046511627906974 0.810077519379845 0.36046511627906974 0.8062015503875969 0.3643410852713178 0.7674418604651163 0.3643410852713178 0.7635658914728682 0.3682170542635659 0.7403100775193798 0.3682170542635659 0.7364341085271318 0.37209302325581395 0.5968992248062015 0.37209302325581395 0.5930232558139535 0.3682170542635659 0.5658914728682171 0.3682170542635659 0.562015503875969 0.37209302325581395 0.5193798449612403 0.37209302325581395 0.5155038759689923 0.375968992248062 0.5038759689922481 0.375968992248062 0.5 0.3798449612403101 0.49612403100775193 0.3798449612403101 0.49224806201550386 0.38372093023255816 0.4883720930232558 0.38372093023255816 0.4806201550387597 0.39147286821705424 0.4806201550387597 0.43023255813953487 0.47674418604651164 0.43410852713178294 0.47674418604651164 0.44573643410852715 0.4806201550387597 0.4496124031007752 0.4806201550387597 0.46511627906976744 0.4844961240310077 0.4689922480620155 0.4844961240310077 0.5387596899224806 0.4883720930232558 0.5426356589147286 0.4844961240310077 0.5465116279069767 0.4844961240310077 0.5930232558139535 0.5038759689922481 0.5930232558139535 0.5077519379844961 0.5968992248062015 0.5232558139534884 0.5968992248062015 0.5271317829457365 0.6007751937984496 0.5930232558139535 0.6007751937984496 0.5968992248062015 0.5968992248062015 0.6395348837209303 0.5968992248062015 0.6434108527131783 0.5930232558139535 0.7131782945736435 0.5930232558139535 0.7170542635658915 0.5968992248062015 0.8217054263565892 0.5968992248062015 0.8255813953488372 0.6007751937984496 0.8372093023255814 0.6007751937984496 0.8410852713178295 0.5968992248062015 0.8682170542635659 0.5968992248062015 0.872093023255814 0.5930232558139535 0.875968992248062 0.5930232558139535 0.8798449612403101 0.5968992248062015 0.9031007751937985 0.5968992248062015 0.9069767441860465 0.5930232558139535 0.9302325581395349 0.5930232558139535 0.9341085271317829 0.5968992248062015 0.937984496124031 0.5968992248062015 0.937984496124031 0.5891472868217055 0.9418604651162791 0.5852713178294574 0.9496124031007752 0.5852713178294574 0.9496124031007752 0.5736434108527132 0.9534883720930233 0.5697674418604651 0.9534883720930233 0.5658914728682171 0.9573643410852714 0.562015503875969 0.9573643410852714 0.5426356589147286 0.9612403100775194 0.5387596899224806 0.9612403100775194 0.5155038759689923 0.9651162790697675 0.5116279069767442 0.9651162790697675 0.5 0.9612403100775194 0.49612403100775193 0.9612403100775194 0.49224806201550386 0.9418604651162791 0.4728682170542636 0.9418604651162791 0.4689922480620155 0.9341085271317829 0.46124031007751937 0.9341085271317829 0.4496124031007752 0.9302325581395349 0.44573643410852715 0.9302325581395349 0.43410852713178294 0.9263565891472868 0.43023255813953487 0.9263565891472868 0.4108527131782946 0.9302325581395349 0.4069767441860465 0.9302325581395349 0.40310077519379844 0.9341085271317829 0.3992248062015504
1 0.9961240310077519 0.937984496124031 0.9844961240310077 0.937984496124031 0.9767441860465116 0.9457364341085271 0.9767441860465116 0.9496124031007752 0.9806201550387597 0.9496124031007752 0.9844961240310077 0.9534883720930233 0.9844961240310077 0.9844961240310077 0.9767441860465116 0.9922480620155039 0.9651162790697675 0.9922480620155039 0.9612403100775194 0.9883720930232558 0.9612403100775194 0.9728682170542635 0.9573643410852714 0.9689922480620154 0.9534883720930233 0.9689922480620154 0.937984496124031 0.9534883720930233 0.9341085271317829 0.9534883720930233 0.9302325581395349 0.9496124031007752 0.9186046511627907 0.9496124031007752 0.9147286821705426 0.9457364341085271 0.9031007751937985 0.9457364341085271 0.9031007751937985 0.9496124031007752 0.9069767441860465 0.9534883720930233 0.9069767441860465 0.9573643410852714 0.9031007751937985 0.9612403100775194 0.9031007751937985 0.9651162790697675 0.8992248062015504 0.9689922480620154 0.8798449612403101 0.9689922480620154 0.875968992248062 0.9651162790697675 0.875968992248062 0.9573643410852714 0.8798449612403101 0.9534883720930233 0.8914728682170543 0.9534883720930233 0.8914728682170543 0.9496124031007752 0.8875968992248062 0.9457364341085271 0.8875968992248062 0.937984496124031 0.8837209302325582 0.937984496124031 0.8798449612403101 0.9418604651162791 0.872093023255814 0.9418604651162791 0.8682170542635659 0.937984496124031 0.8527131782945736 0.937984496124031 0.8488372093023255 0.9341085271317829 0.7906976744186046 0.9341085271317829 0.7868217054263565 0.937984496124031 0.6821705426356589 0.937984496124031 0.6782945736434108 0.9418604651162791 0.6550387596899225 0.9418604651162791 0.6511627906976745 0.937984496124031 0.627906976744186 0.937984496124031 0.624031007751938 0.9418604651162791 0.6007751937984496 0.9418604651162791 0.5968992248062015 0.937984496124031 0.5271317829457365 0.937984496124031 0.5232558139534884 0.9418604651162791 0.5155038759689923 0.9418604651162791 0.5116279069767442 0.9457364341085271 0.5038759689922481 0.9457364341085271 0.4883720930232558 0.9612403100775194 0.4883720930232558 0.9961240310077519 0.9961240310077519 0.9961240310077519
1 0.49612403100775193 0 0.49612403100775193 0.03488372093023256 0.562015503875969 0.03488372093023256 0.5348837209302325 0.03488372093023256 0.5310077519379846 0.031007751937984496 0.5310077519379846 0.023255813953488372 0.5348837209302325 0.01937984496124031 0.5891472868217055 0.01937984496124031 0.5930232558139535 0.015503875968992248 0.6046511627906976 0.015503875968992248 0.6085271317829457 0.01937984496124031 0.6124031007751938 0.01937984496124031 0.6162790697674418 0.015503875968992248 0.624031007751938 0.015503875968992248 0.627906976744186 0.01937984496124031 0.6356589147286822 0.01937984496124031 0.6395348837209303 0.023255813953488372 0.6395348837209303 0.031007751937984496 0.7015503875968992 0.031007751937984496 0.7054263565891473 0.03488372093023256 0.872093023255814 0.03488372093023256 0.875968992248062 0.031007751937984496 0.8914728682170543 0.031007751937984496 0.8953488372093024 0.03488372093023256 0.9418604651162791 0.03488372093023256 0.9418604651162791 0.027131782945736434 0.9457364341085271 0.023255813953488372 0.9534883720930233 0.023255813953488372 0.9573643410852714 0.01937984496124031 0.9612403100775194 0.01937984496124031 0.9612403100775194 0.007751937984496124 0.9651162790697675 0.003875968992248062 0.9728682170542635 0.003875968992248062 0.9767441860465116 0.007751937984496124 0.9767441860465116 0.023255813953488372 0.9728682170542635 0.027131782945736434 0.9689922480620154 0.027131782945736434 0.9689922480620154 0.03488372093023256 0.9651162790697675 0.03875968992248062 0.9767441860465116 0.03875968992248062 0.9806201550387597 0.04263565891472868 0.9961240310077519 0.04263565891472868 0.9961240310077519 0
1 0.9961240310077519 0.3682170542635659 0.9961240310077519 0.37209302325581395 0.9806201550387597 0.3875968992248062 0.9689922480620154 0.3875968992248062 0.9689922480620154 0.3992248062015504 0.9651162790697675 0.40310077519379844 0.9651162790697675 0.4263565891472868 0.9612403100775194 0.43023255813953487 0.9651162790697675 0.43410852713178294 0.9651162790697675 0.4418604651162791 0.9689922480620154 0.44573643410852715 0.9689922480620154 0.4496124031007752 0.9883720930232558 0.4689922480620155 0.9883720930232558 0.4728682170542636 0.9961240310077519 0.4806201550387597 0.9961240310077519 0.4883720930232558
1 0.9961240310077519 0.5232558139534884 0.9961240310077519 0.5348837209302325 0.9922480620155039 0.5387596899224806 0.9922480620155039 0.5426356589147286 0.9961240310077519 0.5465116279069767 0.9961240310077519 0.562015503875969 0.9922480620155039 0.5658914728682171 0.9922480620155039 0.5697674418604651 0.9767441860465116 0.5852713178294574 0.9767441860465116 0.5930232558139535 0.9728682170542635 0.5968992248062015 0.9651162790697675 0.5968992248062015 0.9961240310077519 0.5968992248062015
2 0.9651162790697675 0.007751937984496124 0.9651162790697675 0.01937984496124031 0.9534883720930233 0.027131782945736434 0.9457364341085271 0.027131782945736434 0.9457364341085271 0.04263565891472868 0.937984496124031 0.050387596899224806 0.937984496124031 0.06976744186046512 0.9302325581395349 0.07751937984496124 0.9147286821705426 0.07751937984496124 0.9108527131782945 0.08139534883720931 0.9069767441860465 0.08139534883720931 0.8992248062015504 0.08914728682170543 0.8992248062015504 0.09302325581395349 0.8953488372093024 0.09689922480620156 0.8953488372093024 0.13178294573643412 0.9031007751937985 0.1434108527131783 0.8992248062015504 0.15503875968992248 0.9069767441860465 0.16666666666666666 0.9031007751937985 0.17054263565891473 0.9031007751937985 0.17829457364341086 0.8992248062015504 0.1821705426356589 0.8992248062015504 0.19767441860465115 0.9031007751937985 0.20155038759689922 0.8992248062015504 0.2054263565891473 0.8992248062015504 0.2131782945736434 0.8837209302325582 0.22868217054263565 0.8837209302325582 0.24031007751937986 0.8992248062015504 0.2558139534883721 0.8992248062015504 0.29844961240310075 0.9031007751937985 0.3023255813953488 0.9069767441860465 0.313953488372093 0.9147286821705426 0.32170542635658916 0.9147286821705426 0.32945736434108525 0.9224806201550387 0.3372093023255814 0.9224806201550387 0.34108527131782945 0.9263565891472868 0.34108527131782945 0.9341085271317829 0.3488372093023256 0.937984496124031 0.3488372093023256 0.9418604651162791 0.35271317829457366 0.9418604651162791 0.3798449612403101 0.937984496124031 0.38372093023255816 0.9341085271317829 0.3798449612403101 0.9302325581395349 0.3798449612403101 0.9263565891472868 0.375968992248062 0.9263565891472868 0.37209302325581395 0.9108527131782945 0.37209302325581395 0.9108527131782945 0.3798449612403101 0.9224806201550387 0.3798449612403101 0.9263565891472868 0.38372093023255816 0.9302325581395349 0.38372093023255816 0.937984496124031 0.39147286821705424 0.937984496124031 0.3992248062015504 0.9302325581395349 0.4108527131782946 0.9302325581395349 0.43023255813953487 0.9341085271317829 0.43410852713178294 0.9341085271317829 0.44573643410852715 0.937984496124031 0.4496124031007752 0.937984496124031 0.46124031007751937 0.9457364341085271 0.4689922480620155 0.9457364341085271 0.4728682170542636 0.9651162790697675 0.49224806201550386 0.9651162790697675 0.49612403100775193 0.9689922480620154 0.5 0.9689922480620154 0.5116279069767442 0.9651162790697675 0.5155038759689923 0.9651162790697675 0.5387596899224806 0.9612403100775194 0.5426356589147286 0.9612403100775194 0.562015503875969 0.9534883720930233 0.5736434108527132 0.9534883720930233 0.5852713178294574 0.9496124031007752 0.5891472868217055 0.9418604651162791 0.5891472868217055 0.9418604651162791 0.5968992248062015 0.9302325581395349 0.6085271317829457 0.9302325581395349 0.6201550387596899 0.937984496124031 0.6317829457364341 0.937984496124031 0.6434108527131783 0.9341085271317829 0.6472868217054264 0.9186046511627907 0.6472868217054264 0.9147286821705426 0.6511627906976745 0.9069767441860465 0.6511627906976745 0.9031007751937985 0.6550387596899225 0.8992248062015504 0.6666666666666666 0.8875968992248062 0.6782945736434108 0.8875968992248062 0.686046511627907 0.875968992248062 0.6976744186046512 0.875968992248062 0.7054263565891473 0.8837209302325582 0.7131782945736435 0.8837209302325582 0.7170542635658915 0.8914728682170543 0.7248062015503876 0.8914728682170543 0.7286821705426356 0.8875968992248062 0.7325581395348837 0.8875968992248062 0.7558139534883721 0.875968992248062 0.7674418604651163 0.872093023255814 0.7674418604651163 0.872093023255814 0.7713178294573644 0.8682170542635659 0.7751937984496124 0.8682170542635659 0.7868217054263565 0.872093023255814 0.7906976744186046 0.8798449612403101 0.7906976744186046 0.8837209302325582 0.7945736434108527 0.8837209302325582 0.7984496124031008 0.8875968992248062 0.8023255813953488 0.8875968992248062 0.810077519379845 0.8914728682170543 0.813953488372093 0.8914728682170543 0.8178294573643411 0.8875968992248062 0.8217054263565892 0.8875968992248062 0.8643410852713178 0.8914728682170543 0.8682170542635659 0.8914728682170543 0.8875968992248062 0.8837209302325582 0.8953488372093024 0.8837209302325582 0.9108527131782945 0.8875968992248062 0.9147286821705426 0.8875968992248062 0.9341085271317829 0.8914728682170543 0.937984496124031 0.8914728682170543 0.9457364341085271 0.8953488372093024 0.9496124031007752 0.8953488372093024 0.9534883720930233 0.8914728682170543 0.9573643410852714 0.8798449612403101 0.9573643410852714 0.8798449612403101 0.9651162790697675 0.8992248062015504 0.9651162790697675 0.8992248062015504 0.9612403100775194 0.9031007751937985 0.9573643410852714 0.8992248062015504 0.9457364341085271 0.9031007751937985 0.9418604651162791 0.9147286821705426 0.9418604651162791 0.9186046511627907 0.9457364341085271 0.9302325581395349 0.9457364341085271 0.9341085271317829 0.9496124031007752 0.937984496124031 0.9496124031007752 0.9534883720930233 0.9651162790697675 0.9573643410852714 0.9651162790697675 0.9651162790697675 0.9728682170542635 0.9651162790697675 0.9883720930232558 0.9767441860465116 0.9883720930232558 0.9806201550387597 0.9844961240310077 0.9806201550387597 0.9534883720930233 0.9728682170542635 0.9534883720930233 0.9689922480620154 0.9496124031007752 0.9767441860465116 0.9418604651162791 0.9767441860465116 0.9224806201550387 0.9651162790697675 0.9108527131782945 0.9573643410852714 0.8875968992248062 0.937984496124031 0.8875968992248062 0.9186046511627907 0.9031007751937985 0.9147286821705426 0.9031007751937985 0.9069767441860465 0.8953488372093024 0.9069767441860465 0.8914728682170543 0.9108527131782945 0.8875968992248062 0.9108527131782945 0.8798449612403101 0.9069767441860465 0.875968992248062 0.9069767441860465 0.8643410852713178 0.9031007751937985 0.8604651162790697 0.9031007751937985 0.748062015503876 0.9069767441860465 0.7441860465116279 0.9069767441860465 0.7093023255813954 0.8992248062015504 0.7015503875968992 0.9069767441860465 0.6937984496124031 0.9069767441860465 0.686046511627907 0.9031007751937985 0.6821705426356589 0.9031007751937985 0.6705426356589147 0.9108527131782945 0.6627906976744186 0.9302325581395349 0.6627906976744186 0.9341085271317829 0.6589147286821705 0.9496124031007752 0.6589147286821705 0.9534883720930233 0.6550387596899225 0.9612403100775194 0.6550387596899225 0.9651162790697675 0.6589147286821705 0.9728682170542635 0.6589147286821705 0.9728682170542635 0.6511627906976745 0.9651162790697675 0.6434108527131783 0.9651162790697675 0.6395348837209303 0.9534883720930233 0.6201550387596899 0.9534883720930233 0.6124031007751938 0.9573643410852714 0.6085271317829457 0.9573643410852714 0.5930232558139535 0.9612403100775194 0.5891472868217055 0.9651162790697675 0.5930232558139535 0.9728682170542635 0.5930232558139535 0.9728682170542635 0.5852713178294574 0.9883720930232558 0.5697674418604651 0.9883720930232558 0.5658914728682171 0.9922480620155039 0.562015503875969 0.9922480620155039 0.5465116279069767 0.9883720930232558 0.5426356589147286 0.9883720930232558 0.5387596899224806 0.9922480620155039 0.5348837209302325 0.9922480620155039 0.5232558139534884 0.9961240310077519 0.5193798449612403 0.9961240310077519 0.49224806201550386 0.9922480620155039 0.4883720930232558 0.9922480620155039 0.4806201550387597 0.9844961240310077 0.4728682170542636 0.9844961240310077 0.4689922480620155 0.9651162790697675 0.4496124031007752 0.9651162790697675 0.44573643410852715 0.9612403100775194 0.4418604651162791 0.9612403100775194 0.43410852713178294 0.9573643410852714 0.43023255813953487 0.9612403100775194 0.4263565891472868 0.9612403100775194 0.40310077519379844 0.9651162790697675 0.3992248062015504 0.9651162790697675 0.3875968992248062 0.9689922480620154 0.38372093023255816 0.9806201550387597 0.38372093023255816 0.9922480620155039 0.37209302325581395 0.9922480620155039 0.3682170542635659 0.9961240310077519 0.3643410852713178 0.9961240310077519 0.35271317829457366 0.9922480620155039 0.3488372093023256 0.9922480620155039 0.34108527131782945 0.9844961240310077 0.3333333333333333 0.9651162790697675 0.3333333333333333 0.9612403100775194 0.3372093023255814 0.9573643410852714 0.3372093023255814 0.9534883720930233 0.3333333333333333 0.9496124031007752 0.3333333333333333 0.9302325581395349 0.313953488372093 0.9302325581395349 0.31007751937984496 0.9263565891472868 0.31007751937984496 0.9224806201550387 0.3062015503875969 0.9147286821705426 0.3062015503875969 0.9108527131782945 0.3023255813953488 0.9147286821705426 0.29844961240310075 0.9147286821705426 0.2751937984496124 0.9108527131782945 0.2713178294573643 0.9108527131782945 0.22868217054263565 0.9069767441860465 0.2248062015503876 0.9069767441860465 0.2131782945736434 0.9147286821705426 0.2054263565891473 0.9147286821705426 0.18992248062015504 0.9108527131782945 0.18604651162790697 0.9147286821705426 0.1821705426356589 0.9147286821705426 0.16279069767441862 0.9069767441860465 0.15503875968992248 0.9108527131782945 0.1511627906976744 0.9108527131782945 0.1124031007751938 0.9147286821705426 0.10852713178294573 0.9147286821705426 0.09302325581395349 0.9186046511627907 0.08914728682170543 0.9612403100775194 0.08914728682170543 0.9612403100775194 0.06589147286821706 0.9573643410852714 0.06201550387596899 0.9573643410852714 0.05426356589147287 0.9612403100775194 0.050387596899224806 0.9612403100775194 0.03875968992248062 0.9651162790697675 0.03488372093023256 0.9651162790697675 0.027131782945736434 0.9689922480620154 0.023255813953488372 0.9728682170542635 0.023255813953488372 0.9728682170542635 0.007751937984496124
2 0.6356589147286822 0.023255813953488372 0.627906976744186 0.023255813953488372 0.624031007751938 0.01937984496124031 0.6162790697674418 0.01937984496124031 0.6124031007751938 0.023255813953488372 0.6085271317829457 0.023255813953488372 0.6046511627906976 0.01937984496124031 0.5930232558139535 0.01937984496124031 0.5891472868217055 0.023255813953488372 0.5348837209302325 0.023255813953488372 0.5348837209302325 0.031007751937984496 0.6162790697674418 0.031007751937984496 0.6201550387596899 0.027131782945736434 0.624031007751938 0.031007751937984496 0.6356589147286822 0.031007751937984496
2 0.8488372093023255 0.7286821705426356 0.8410852713178295 0.7286821705426356 0.8372093023255814 0.7325581395348837 0.8294573643410853 0.7325581395348837 0.8294573643410853 0.7403100775193798 0.8255813953488372 0.7441860465116279 0.8255813953488372 0.748062015503876 0.8217054263565892 0.751937984496124 0.813953488372093 0.751937984496124 0.813953488372093 0.7596899224806202 0.8217054263565892 0.7596899224806202 0.8255813953488372 0.7558139534883721 0.8333333333333334 0.7558139534883721 0.8333333333333334 0.751937984496124 0.8410852713178295 0.7441860465116279 0.8449612403100775 0.7441860465116279 0.8488372093023255 0.7403100775193798