0 0 0.5055555555555555 0 0.5888888888888889 0.005555555555555556 0.5888888888888889 0.011111111111111112 0.5944444444444444 0.011111111111111112 0.6222222222222222 0 0.6388888888888888 0 0.7277777777777777 0.005555555555555556 0.7333333333333333 0.005555555555555556 0.7388888888888889 0.011111111111111112 0.7388888888888889 0.027777777777777776 0.7555555555555555 0.027777777777777776 0.7777777777777778 0.011111111111111112 0.7944444444444444 0.011111111111111112 0.8 0.005555555555555556 0.8055555555555556 0.011111111111111112 0.8111111111111111 0.011111111111111112 0.8166666666666667 0.044444444444444446 0.8166666666666667 0.05 0.8111111111111111 0.1 0.8111111111111111 0.1 0.7944444444444444 0.10555555555555556 0.7888888888888889 0.1111111111111111 0.7888888888888889 0.1111111111111111 0.7777777777777778 0.11666666666666667 0.7722222222222223 0.11666666666666667 0.7555555555555555 0.12777777777777777 0.7444444444444445 0.12777777777777777 0.7388888888888889 0.13333333333333333 0.7333333333333333 0.13333333333333333 0.7277777777777777 0.14444444444444443 0.7166666666666667 0.15555555555555556 0.7166666666666667 0.16111111111111112 0.7111111111111111 0.17222222222222222 0.7111111111111111 0.17777777777777778 0.7055555555555556 0.18333333333333332 0.7055555555555556 0.18333333333333332 0.6722222222222223 0.19444444444444445 0.6611111111111111 0.20555555555555555 0.6611111111111111 0.2111111111111111 0.6666666666666666 0.2111111111111111 0.6833333333333333 0.20555555555555555 0.6888888888888889 0.20555555555555555 0.7222222222222222 0.19444444444444445 0.7388888888888889 0.18333333333333332 0.7388888888888889 0.17777777777777778 0.7333333333333333 0.16111111111111112 0.7333333333333333 0.16111111111111112 0.7388888888888889 0.15555555555555556 0.7444444444444445 0.15555555555555556 0.7555555555555555 0.1388888888888889 0.7722222222222223 0.1388888888888889 0.7888888888888889 0.13333333333333333 0.7944444444444444 0.13333333333333333 0.8055555555555556 0.12777777777777777 0.8111111111111111 0.12222222222222222 0.8111111111111111 0.1388888888888889 0.8111111111111111 0.14444444444444443 0.8166666666666667 0.16111111111111112 0.8166666666666667 0.16666666666666666 0.8222222222222222 0.21666666666666667 0.8222222222222222 0.2222222222222222 0.8277777777777777 0.3 0.8277777777777777 0.3055555555555556 0.8333333333333334 0.31666666666666665 0.8333333333333334 0.32222222222222224 0.8277777777777777 0.3277777777777778 0.8277777777777777 0.3333333333333333 0.8222222222222222 0.3388888888888889 0.8222222222222222 0.35555555555555557 0.8111111111111111 0.4222222222222222 0.8111111111111111 0.42777777777777776 0.8166666666666667 0.5 0.8166666666666667 0.5055555555555555 0.8111111111111111 0.5611111111111111 0.8111111111111111 0.5666666666666667 0.8166666666666667 0.6 0.8166666666666667 0.6055555555555555 0.8111111111111111 0.6333333333333333 0.8111111111111111 0.6388888888888888 0.8166666666666667 0.7611111111111111 0.8166666666666667 0.7666666666666667 0.8222222222222222 0.7944444444444444 0.8222222222222222 0.8 0.8166666666666667 0.8055555555555556 0.8166666666666667 0.8222222222222222 0.8055555555555556 0.8444444444444444 0.8055555555555556 0.85 0.8 0.8611111111111112 0.8 0.8777777777777778 0.7888888888888889 0.8888888888888888 0.7888888888888889 0.8944444444444445 0.7944444444444444 0.9055555555555556 0.7944444444444444 0.9222222222222223 0.7777777777777778 0.9222222222222223 0.7722222222222223 0.9388888888888889 0.7555555555555555 0.9388888888888889 0.7444444444444445 0.9444444444444444 0.7388888888888889 0.9388888888888889 0.7333333333333333 0.9388888888888889 0.7222222222222222 0.9333333333333333 0.7166666666666667 0.9333333333333333 0.6666666666666666 0.9388888888888889 0.6611111111111111 0.9388888888888889 0.6444444444444445 0.9444444444444444 0.6388888888888888 0.9444444444444444 0.6333333333333333 0.9555555555555556 0.6222222222222222 0.9555555555555556 0.5777777777777777 0.95 0.5833333333333334 0.9444444444444444 0.5833333333333334 0.9388888888888889 0.5777777777777777 0.9388888888888889 0.5722222222222222 0.9277777777777778 0.5555555555555556 0.9277777777777778 0.5388888888888889 0.9333333333333333 0.5333333333333333 0.9555555555555556 0.5333333333333333 0.9555555555555556 0.5277777777777778 0.9611111111111111 0.5222222222222223 0.95 0.5222222222222223 0.9444444444444444 0.5166666666666667 0.8944444444444445 0.5166666666666667 0.8888888888888888 0.5111111111111111 0.8555555555555555 0.5111111111111111 0.85 0.5055555555555555 0.8444444444444444 0.5111111111111111 0.8222222222222222 0.5111111111111111 0.8166666666666667 0.5166666666666667 0.8111111111111111 0.5166666666666667 0.8055555555555556 0.5111111111111111 0.7722222222222223 0.5111111111111111 0.7666666666666667 0.5055555555555555 0.7611111111111111 0.5055555555555555 0.7555555555555555 0.5 0.7444444444444445 0.5 0.7388888888888889 0.49444444444444446 0.7333333333333333 0.5 0.7055555555555556 0.5 0.7 0.5055555555555555 0.6777777777777778 0.5055555555555555 0.6722222222222223 0.5111111111111111 0.6055555555555555 0.5111111111111111 0.6 0.5055555555555555 0.5722222222222222 0.5055555555555555 0.5555555555555556 0.49444444444444446 0.5444444444444444 0.49444444444444446 0.5277777777777778 0.5055555555555555 0.5055555555555555 0.5055555555555555 0.5 0.5111111111111111 0.4722222222222222 0.5111111111111111 0.4666666666666667 0.5055555555555555 0.4388888888888889 0.5055555555555555 0.43333333333333335 0.5 0.4 0.5 0.39444444444444443 0.5055555555555555 0.3611111111111111 0.5055555555555555 0.35555555555555557 0.5111111111111111 0.3055555555555556 0.5111111111111111 0.3 0.5055555555555555 0.28888888888888886 0.5055555555555555 0.2833333333333333 0.5 0.2777777777777778 0.5055555555555555 0.2722222222222222 0.5 0.26666666666666666 0.5 0.2611111111111111 0.5055555555555555 0.25 0.5055555555555555 0.24444444444444444 0.5 0.23333333333333334 0.5 0.22777777777777777 0.49444444444444446 0.2111111111111111 0.49444444444444446 0.20555555555555555 0.5 0.19444444444444445 0.5 0.18888888888888888 0.5055555555555555 0.13333333333333333 0.5055555555555555 0.12777777777777777 0.5111111111111111 0.05555555555555555 0.5111111111111111 0.05 0.5055555555555555 0.03333333333333333 0.5055555555555555 0.027777777777777776 0.5 0.016666666666666666 0.5 0.011111111111111112 0.5055555555555555
0 0 0.08333333333333333 0 0.4 0.17222222222222222 0.4 0.17777777777777778 0.40555555555555556 0.18888888888888888 0.40555555555555556 0.19444444444444445 0.4 0.2611111111111111 0.4 0.26666666666666666 0.40555555555555556 0.3 0.40555555555555556 0.3055555555555556 0.4 0.31666666666666665 0.4 0.32222222222222224 0.40555555555555556 0.3277777777777778 0.40555555555555556 0.3333333333333333 0.4111111111111111 0.3388888888888889 0.4111111111111111 0.34444444444444444 0.4166666666666667 0.38333333333333336 0.4166666666666667 0.3888888888888889 0.4222222222222222 0.4166666666666667 0.4222222222222222 0.42777777777777776 0.4111111111111111 0.42777777777777776 0.38333333333333336 0.4222222222222222 0.37777777777777777 0.4222222222222222 0.36666666666666664 0.4166666666666667 0.3611111111111111 0.4166666666666667 0.3388888888888889 0.4111111111111111 0.3333333333333333 0.4111111111111111 0.26666666666666666 0.40555555555555556 0.2611111111111111 0.4111111111111111 0.25555555555555554 0.40555555555555556 0.25 0.4111111111111111 0.24444444444444444 0.4111111111111111 0.19444444444444445 0.40555555555555556 0.18888888888888888 0.40555555555555556 0.17222222222222222 0.4111111111111111 0.16666666666666666 0.4111111111111111 0.16111111111111112 0.40555555555555556 0.15555555555555556 0.4111111111111111 0.15 0.40555555555555556 0.14444444444444443 0.4111111111111111 0.1388888888888889 0.4111111111111111 0.12777777777777777 0.4222222222222222 0.11666666666666667 0.4222222222222222 0.1 0.4166666666666667 0.09444444444444444 0.39444444444444443 0.09444444444444444 0.3888888888888889 0.1 0.29444444444444445 0.1 0.28888888888888886 0.09444444444444444 0.2611111111111111 0.09444444444444444 0.25555555555555554 0.08888888888888889 0.24444444444444444 0.08888888888888889 0.2388888888888889 0.09444444444444444 0.21666666666666667 0.09444444444444444 0.21666666666666667 0.1 0.2111111111111111 0.10555555555555556 0.2111111111111111 0.15555555555555556 0.21666666666666667 0.16111111111111112 0.21666666666666667 0.17222222222222222 0.2222222222222222 0.17777777777777778 0.2222222222222222 0.19444444444444445 0.21666666666666667 0.2 0.21666666666666667 0.20555555555555555 0.2111111111111111 0.2111111111111111 0.2111111111111111 0.22777777777777777 0.23333333333333334 0.25 0.24444444444444444 0.25 0.25 0.25555555555555554 0.25555555555555554 0.25555555555555554 0.2611111111111111 0.2611111111111111 0.26666666666666666 0.2611111111111111 0.2777777777777778 0.2722222222222222 0.2777777777777778 0.2833333333333333 0.28888888888888886 0.29444444444444445 0.28888888888888886 0.3111111111111111 0.29444444444444445 0.3111111111111111 0.29444444444444445 0.29444444444444445 0.28888888888888886 0.28888888888888886 0.28888888888888886 0.2777777777777778 0.3 0.26666666666666666 0.31666666666666665 0.26666666666666666 0.32222222222222224 0.2722222222222222 0.3333333333333333 0.2611111111111111 0.34444444444444444 0.2611111111111111 0.35 0.26666666666666666 0.35 0.2833333333333333 0.3333333333333333 0.3 0.3277777777777778 0.3 0.32222222222222224 0.3055555555555556 0.32222222222222224 0.3111111111111111 0.3111111111111111 0.32222222222222224 0.3055555555555556 0.32222222222222224 0.3055555555555556 0.3333333333333333 0.3 0.3388888888888889 0.2833333333333333 0.3388888888888889 0.26666666666666666 0.32222222222222224 0.26666666666666666 0.3111111111111111 0.2611111111111111 0.3055555555555556 0.2611111111111111 0.29444444444444445 0.25 0.2833333333333333 0.24444444444444444 0.2833333333333333 0.23333333333333334 0.2722222222222222 0.21666666666666667 0.2722222222222222 0.20555555555555555 0.2611111111111111 0.20555555555555555 0.25555555555555554 0.18888888888888888 0.2388888888888889 0.18888888888888888 0.21666666666666667 0.18333333333333332 0.2111111111111111 0.18333333333333332 0.17777777777777778 0.18888888888888888 0.17222222222222222 0.18888888888888888 0.12777777777777777 0.18333333333333332 0.12222222222222222 0.18333333333333332 0.11666666666666667 0.18333333333333332 0.12222222222222222 0.17777777777777778 0.12777777777777777 0.17777777777777778 0.13333333333333333 0.17222222222222222 0.1388888888888889 0.16666666666666666 0.1388888888888889 0.16666666666666666 0.15 0.16111111111111112 0.15555555555555556 0.16111111111111112 0.18333333333333332 0.16666666666666666 0.18888888888888888 0.16666666666666666 0.19444444444444445 0.16111111111111112 0.2 0.16111111111111112 0.20555555555555555 0.15555555555555556 0.2111111111111111 0.15555555555555556 0.22777777777777777 0.1111111111111111 0.2722222222222222 0.1111111111111111 0.2777777777777778 0.1 0.28888888888888886 0.09444444444444444 0.28888888888888886 0.1 0.29444444444444445 0.1 0.3111111111111111 0.09444444444444444 0.31666666666666665 0.08333333333333333 0.31666666666666665 0.07777777777777778 0.3111111111111111 0.07777777777777778 0.3 0.07222222222222222 0.29444444444444445 0.07777777777777778 0.28888888888888886 0.07777777777777778 0.2833333333333333 0.08333333333333333 0.2777777777777778 0.08333333333333333 0.25 0.08888888888888889 0.24444444444444444 0.1 0.24444444444444444 0.13333333333333333 0.2111111111111111 0.13333333333333333 0.20555555555555555 0.1388888888888889 0.2 0.12777777777777777 0.18888888888888888 0.12777777777777777 0.17222222222222222 0.13333333333333333 0.16666666666666666 0.13333333333333333 0.15 0.14444444444444443 0.1388888888888889 0.14444444444444443 0.12222222222222222 0.15555555555555556 0.1111111111111111 0.15555555555555556 0.1 0.15 0.09444444444444444 0.15 0.08333333333333333 0.14444444444444443 0.08333333333333333 0.1388888888888889 0.08888888888888889 0.1111111111111111 0.08888888888888889 0.10555555555555556 0.09444444444444444 0.08888888888888889 0.09444444444444444 0.08333333333333333 0.1 0.05555555555555555 0.1 0.05 0.09444444444444444 0.03333333333333333 0.09444444444444444 0.027777777777777776 0.08888888888888889 0.005555555555555556 0.08888888888888889
0 0 0.9 0 0.9944444444444445 0.4222222222222222 0.9944444444444445 0.4166666666666667 0.9888888888888889 0.4222222222222222 0.9833333333333333 0.4222222222222222 0.9666666666666667 0.42777777777777776 0.9611111111111111 0.42777777777777776 0.9222222222222223 0.43333333333333335 0.9166666666666666 0.43333333333333335 0.9111111111111111 0.42777777777777776 0.9055555555555556 0.43333333333333335 0.9 0.3888888888888889 0.9 0.38333333333333336 0.8944444444444445 0.3388888888888889 0.8944444444444445 0.3333333333333333 0.8888888888888888 0.28888888888888886 0.8888888888888888 0.2833333333333333 0.8944444444444445 0.25555555555555554 0.8944444444444445 0.25 0.9 0.22777777777777777 0.9 0.2222222222222222 0.8944444444444445 0.2111111111111111 0.8944444444444445 0.20555555555555555 0.9 0.2 0.8944444444444445 0.17777777777777778 0.8944444444444445 0.17222222222222222 0.8888888888888888 0.15 0.8888888888888888 0.14444444444444443 0.8944444444444445 0.12777777777777777 0.8944444444444445 0.12222222222222222 0.9 0.09444444444444444 0.9 0.08888888888888889 0.8944444444444445 0.06111111111111111 0.8944444444444445 0.05555555555555555 0.8888888888888888 0.03333333333333333 0.8888888888888888 0.027777777777777776 0.8944444444444445 0.016666666666666666 0.8944444444444445 0.011111111111111112 0.9
0 0 0.016666666666666666 0.011111111111111112 0.016666666666666666 0.016666666666666666 0.022222222222222223 0.03333333333333333 0.022222222222222223 0.03888888888888889 0.016666666666666666 0.044444444444444446 0.016666666666666666 0.05 0.011111111111111112 0.09444444444444444 0.011111111111111112 0.1 0.016666666666666666 0.1111111111111111 0.016666666666666666 0.11666666666666667 0.022222222222222223 0.12777777777777777 0.022222222222222223 0.13333333333333333 0.016666666666666666 0.18333333333333332 0.016666666666666666 0.18888888888888888 0.022222222222222223 0.23333333333333334 0.022222222222222223 0.2388888888888889 0.016666666666666666 0.24444444444444444 0.016666666666666666 0.25 0.011111111111111112 0.29444444444444445 0.011111111111111112 0.3 0.016666666666666666 0.34444444444444444 0.016666666666666666 0.35 0.022222222222222223 0.36666666666666664 0.022222222222222223 0.37222222222222223 0.016666666666666666 0.3888888888888889 0.016666666666666666 0.39444444444444443 0.011111111111111112 0.40555555555555556 0.011111111111111112 0.4111111111111111 0.005555555555555556 0.4222222222222222 0.005555555555555556 0.42777777777777776 0.011111111111111112 0.4388888888888889 0.011111111111111112 0.4444444444444444 0.016666666666666666 0.4722222222222222 0.016666666666666666 0.4777777777777778 0.011111111111111112 0.5444444444444444 0.011111111111111112 0.55 0.016666666666666666 0.6 0.016666666666666666 0.6055555555555555 0.011111111111111112 0.6333333333333333 0.011111111111111112 0.6388888888888888 0.016666666666666666 0.65 0.016666666666666666 0.6555555555555556 0.022222222222222223 0.6666666666666666 0.022222222222222223 0.6722222222222223 0.016666666666666666 0.6888888888888889 0.016666666666666666 0.6944444444444444 0.011111111111111112 0.8 0.011111111111111112 0.8055555555555556 0.005555555555555556 0.8611111111111112 0.005555555555555556 0.8666666666666667 0.011111111111111112 0.8944444444444445 0.011111111111111112 0.9 0.005555555555555556 0.9333333333333333 0.005555555555555556 0.9388888888888889 0.011111111111111112 0.9555555555555556 0.011111111111111112 0.9611111111111111 0.005555555555555556 0.9611111111111111 0 0 0
1 0.8944444444444445 0.08333333333333333 0.8777777777777778 0.08333333333333333 0.8722222222222222 0.08888888888888889 0.8388888888888889 0.08888888888888889 0.8333333333333334 0.09444444444444444 0.8222222222222222 0.09444444444444444 0.8166666666666667 0.1 0.8 0.1 0.7944444444444444 0.10555555555555556 0.7888888888888889 0.10555555555555556 0.7777777777777778 0.11666666666666667 0.7333333333333333 0.11666666666666667 0.7277777777777777 0.1111111111111111 0.6944444444444444 0.1111111111111111 0.6888888888888889 0.10555555555555556 0.6611111111111111 0.10555555555555556 0.6555555555555556 0.1 0.6 0.1 0.5944444444444444 0.10555555555555556 0.5611111111111111 0.10555555555555556 0.5555555555555556 0.1111111111111111 0.5277777777777778 0.1111111111111111 0.5222222222222223 0.11666666666666667 0.5111111111111111 0.11666666666666667 0.5055555555555555 0.12222222222222222 0.5 0.12222222222222222 0.49444444444444446 0.12777777777777777 0.49444444444444446 0.24444444444444444 0.4888888888888889 0.25 0.4888888888888889 0.2833333333333333 0.49444444444444446 0.28888888888888886 0.49444444444444446 0.3333333333333333 0.5 0.3388888888888889 0.5 0.40555555555555556 0.5111111111111111 0.40555555555555556 0.5166666666666667 0.4111111111111111 0.5833333333333334 0.4111111111111111 0.5888888888888889 0.4166666666666667 0.6611111111111111 0.4166666666666667 0.6666666666666666 0.4111111111111111 0.6833333333333333 0.4111111111111111 0.6888888888888889 0.40555555555555556 0.6833333333333333 0.4 0.6833333333333333 0.38333333333333336 0.6888888888888889 0.37777777777777777 0.7055555555555556 0.37777777777777777 0.7111111111111111 0.38333333333333336 0.7111111111111111 0.39444444444444443 0.7 0.40555555555555556 0.7055555555555556 0.4111111111111111 0.7611111111111111 0.4111111111111111 0.7666666666666667 0.4166666666666667 0.7833333333333333 0.4166666666666667 0.7888888888888889 0.4222222222222222 0.8166666666666667 0.4222222222222222 0.8222222222222222 0.42777777777777776 0.85 0.42777777777777776 0.8555555555555555 0.4222222222222222 0.8888888888888888 0.4222222222222222 0.8888888888888888 0.4111111111111111 0.8944444444444445 0.40555555555555556 0.8944444444444445 0.36666666666666664 0.9055555555555556 0.35555555555555557 0.9055555555555556 0.3333333333333333 0.9 0.3277777777777778 0.9 0.29444444444444445 0.9222222222222223 0.2722222222222222 0.9222222222222223 0.2611111111111111 0.9055555555555556 0.2611111111111111 0.9 0.25555555555555554 0.9 0.23333333333333334 0.9111111111111111 0.2222222222222222 0.9166666666666666 0.2222222222222222 0.9166666666666666 0.21666666666666667 0.9222222222222223 0.2111111111111111 0.9222222222222223 0.2 0.9166666666666666 0.19444444444444445 0.9166666666666666 0.18333333333333332 0.9111111111111111 0.17777777777777778 0.9111111111111111 0.16666666666666666 0.9055555555555556 0.16111111111111112 0.9055555555555556 0.11666666666666667 0.9111111111111111 0.1111111111111111 0.9111111111111111 0.10555555555555556 0.8944444444444445 0.08888888888888889
1 0.9944444444444445 0.8833333333333333 0.9888888888888889 0.8833333333333333 0.9833333333333333 0.8888888888888888 0.9555555555555556 0.8888888888888888 0.95 0.8833333333333333 0.9388888888888889 0.8833333333333333 0.9333333333333333 0.8888888888888888 0.9277777777777778 0.8888888888888888 0.9222222222222223 0.8944444444444445 0.9277777777777778 0.8944444444444445 0.9388888888888889 0.9055555555555556 0.9388888888888889 0.9611111111111111 0.9333333333333333 0.9666666666666667 0.9333333333333333 0.9777777777777777 0.9222222222222223 0.9888888888888889 0.9111111111111111 0.9888888888888889 0.9 0.9777777777777777 0.9 0.9555555555555556 0.9055555555555556 0.95 0.9055555555555556 0.9222222222222223 0.8888888888888888 0.9055555555555556 0.8888888888888888 0.9 0.8666666666666667 0.9 0.8611111111111112 0.8944444444444445 0.85 0.8944444444444445 0.8444444444444444 0.8888888888888888 0.8333333333333334 0.8888888888888888 0.8277777777777777 0.8833333333333333 0.7944444444444444 0.8833333333333333 0.7888888888888889 0.8888888888888888 0.7722222222222223 0.8888888888888888 0.7666666666666667 0.8944444444444445 0.7277777777777777 0.8944444444444445 0.7222222222222222 0.9 0.7 0.9 0.6944444444444444 0.9055555555555556 0.6888888888888889 0.9055555555555556 0.6833333333333333 0.9 0.6555555555555556 0.9 0.65 0.9055555555555556 0.5833333333333334 0.9055555555555556 0.5666666666666667 0.9222222222222223 0.5611111111111111 0.9222222222222223 0.55 0.9333333333333333 0.55 0.9388888888888889 0.5444444444444444 0.9444444444444444 0.5388888888888889 0.9444444444444444 0.5277777777777778 0.9555555555555556 0.5277777777777778 0.9777777777777777 0.5222222222222223 0.9833333333333333 0.5222222222222223 0.9944444444444445 0.9944444444444445 0.9944444444444445
1 0.9944444444444445 0.1 0.9833333333333333 0.1 0.9833333333333333 0.11666666666666667 0.9777777777777777 0.12222222222222222 0.9666666666666667 0.12222222222222222 0.9611111111111111 0.12777777777777777 0.9555555555555556 0.12222222222222222 0.95 0.12222222222222222 0.9444444444444444 0.11666666666666667 0.9444444444444444 0.12777777777777777 0.9388888888888889 0.13333333333333333 0.95 0.14444444444444443 0.95 0.15 0.9555555555555556 0.15555555555555556 0.9555555555555556 0.16111111111111112 0.9611111111111111 0.16666666666666666 0.9611111111111111 0.17222222222222222 0.9666666666666667 0.17777777777777778 0.9666666666666667 0.2111111111111111 0.9555555555555556 0.2222222222222222 0.9555555555555556 0.22777777777777777 0.95 0.23333333333333334 0.95 0.2388888888888889 0.9388888888888889 0.25 0.9444444444444444 0.25555555555555554 0.9444444444444444 0.2777777777777778 0.9388888888888889 0.2833333333333333 0.9388888888888889 0.3333333333333333 0.9444444444444444 0.3388888888888889 0.9444444444444444 0.35 0.95 0.35555555555555557 0.95 0.37777777777777777 0.9444444444444444 0.38333333333333336 0.9388888888888889 0.38333333333333336 0.95 0.39444444444444443 0.95 0.40555555555555556 0.9444444444444444 0.4111111111111111 0.9388888888888889 0.4111111111111111 0.9944444444444445 0.4111111111111111
2 0.9 0.011111111111111112 0.8944444444444445 0.016666666666666666 0.8833333333333333 0.016666666666666666 0.8777777777777778 0.022222222222222223 0.8777777777777778 0.03333333333333333 0.8888888888888888 0.044444444444444446 0.8888888888888888 0.06666666666666667 0.9 0.07777777777777778 0.9 0.08888888888888889 0.9166666666666666 0.10555555555555556 0.9166666666666666 0.1111111111111111 0.9111111111111111 0.11666666666666667 0.9111111111111111 0.16111111111111112 0.9166666666666666 0.16666666666666666 0.9166666666666666 0.17777777777777778 0.9222222222222223 0.18333333333333332 0.9222222222222223 0.19444444444444445 0.9277777777777778 0.2 0.9277777777777778 0.2111111111111111 0.9222222222222223 0.21666666666666667 0.9222222222222223 0.2222222222222222 0.9166666666666666 0.22777777777777777 0.9111111111111111 0.22777777777777777 0.9055555555555556 0.23333333333333334 0.9055555555555556 0.25555555555555554 0.9222222222222223 0.25555555555555554 0.9277777777777778 0.2611111111111111 0.9277777777777778 0.2722222222222222 0.9055555555555556 0.29444444444444445 0.9055555555555556 0.3277777777777778 0.9111111111111111 0.3333333333333333 0.9111111111111111 0.35555555555555557 0.9 0.36666666666666664 0.9 0.40555555555555556 0.8944444444444445 0.4111111111111111 0.8944444444444445 0.4222222222222222 0.8888888888888888 0.42777777777777776 0.8888888888888888 0.46111111111111114 0.8944444444444445 0.4666666666666667 0.8944444444444445 0.4722222222222222 0.9111111111111111 0.4888888888888889 0.9166666666666666 0.4888888888888889 0.9277777777777778 0.5 0.9333333333333333 0.5 0.95 0.5166666666666667 0.9611111111111111 0.5166666666666667 0.9666666666666667 0.5222222222222223 0.9611111111111111 0.5277777777777778 0.9611111111111111 0.6722222222222223 0.9555555555555556 0.6777777777777778 0.9555555555555556 0.7 0.9611111111111111 0.7055555555555556 0.9611111111111111 0.7388888888888889 0.9666666666666667 0.7444444444444445 0.9666666666666667 0.7777777777777778 0.9555555555555556 0.7888888888888889 0.9555555555555556 0.7944444444444444 0.95 0.8 0.9444444444444444 0.8 0.9388888888888889 0.8055555555555556 0.9333333333333333 0.8055555555555556 0.9277777777777778 0.8111111111111111 0.9111111111111111 0.8111111111111111 0.9055555555555556 0.8166666666666667 0.9 0.8166666666666667 0.8944444444444445 0.8222222222222222 0.8944444444444445 0.8277777777777777 0.8888888888888888 0.8333333333333334 0.8888888888888888 0.8944444444444445 0.8944444444444445 0.9 0.8944444444444445 0.9055555555555556 0.9111111111111111 0.9222222222222223 0.9111111111111111 0.95 0.9055555555555556 0.9555555555555556 0.9055555555555556 0.9777777777777777 0.9111111111111111 0.9833333333333333 0.9222222222222223 0.9833333333333333 0.9277777777777778 0.9777777777777777 0.9277777777777778 0.9666666666666667 0.9333333333333333 0.9611111111111111 0.9333333333333333 0.9055555555555556 0.9277777777777778 0.9 0.9222222222222223 0.9 0.9166666666666666 0.8944444444444445 0.9166666666666666 0.8888888888888888 0.9111111111111111 0.8833333333333333 0.9111111111111111 0.8666666666666667 0.9166666666666666 0.8611111111111112 0.9166666666666666 0.8444444444444444 0.9277777777777778 0.8333333333333334 0.9388888888888889 0.8333333333333334 0.9444444444444444 0.8277777777777777 0.9555555555555556 0.8277777777777777 0.9611111111111111 0.8222222222222222 0.9722222222222222 0.8222222222222222 0.9722222222222222 0.8166666666666667 0.9777777777777777 0.8111111111111111 0.9833333333333333 0.8111111111111111 0.9833333333333333 0.8055555555555556 0.9888888888888889 0.8 0.9888888888888889 0.7944444444444444 0.9944444444444445 0.7888888888888889 0.9944444444444445 0.7333333333333333 0.9888888888888889 0.7277777777777777 0.9888888888888889 0.7222222222222222 0.9777777777777777 0.7111111111111111 0.9777777777777777 0.6833333333333333 0.9833333333333333 0.6777777777777778 0.9833333333333333 0.6555555555555556 0.9777777777777777 0.65 0.9777777777777777 0.6388888888888888 0.9833333333333333 0.6333333333333333 0.9833333333333333 0.5722222222222222 0.9777777777777777 0.5666666666666667 0.9777777777777777 0.5611111111111111 0.9833333333333333 0.5555555555555556 0.9833333333333333 0.5444444444444444 0.9777777777777777 0.5388888888888889 0.9777777777777777 0.5166666666666667 0.9722222222222222 0.5111111111111111 0.9722222222222222 0.5 0.9555555555555556 0.48333333333333334 0.95 0.48333333333333334 0.9333333333333333 0.4666666666666667 0.9333333333333333 0.46111111111111114 0.9222222222222223 0.45 0.9388888888888889 0.43333333333333335 0.9388888888888889 0.4166666666666667 0.9333333333333333 0.4111111111111111 0.9388888888888889 0.40555555555555556 0.9444444444444444 0.40555555555555556 0.9444444444444444 0.39444444444444443 0.9333333333333333 0.38333333333333336 0.9388888888888889 0.37777777777777777 0.9444444444444444 0.37777777777777777 0.9444444444444444 0.35555555555555557 0.9388888888888889 0.35 0.9388888888888889 0.3388888888888889 0.9333333333333333 0.3333333333333333 0.9333333333333333 0.2833333333333333 0.9388888888888889 0.2777777777777778 0.9388888888888889 0.25555555555555554 0.9333333333333333 0.25 0.9444444444444444 0.2388888888888889 0.9444444444444444 0.23333333333333334 0.95 0.22777777777777777 0.95 0.2222222222222222 0.9611111111111111 0.2111111111111111 0.9611111111111111 0.17777777777777778 0.9555555555555556 0.17222222222222222 0.9555555555555556 0.16666666666666666 0.95 0.16111111111111112 0.95 0.15555555555555556 0.9444444444444444 0.15 0.9444444444444444 0.14444444444444443 0.9333333333333333 0.13333333333333333 0.9388888888888889 0.12777777777777777 0.9388888888888889 0.11666666666666667 0.9444444444444444 0.1111111111111111 0.95 0.11666666666666667 0.9555555555555556 0.11666666666666667 0.9611111111111111 0.12222222222222222 0.9666666666666667 0.11666666666666667 0.9777777777777777 0.11666666666666667 0.9777777777777777 0.1 0.9666666666666667 0.1 0.9555555555555556 0.1111111111111111 0.95 0.10555555555555556 0.9444444444444444 0.10555555555555556 0.9388888888888889 0.1 0.9333333333333333 0.10555555555555556 0.9277777777777778 0.10555555555555556 0.9222222222222223 0.1 0.9222222222222223 0.06111111111111111 0.9166666666666666 0.05555555555555555 0.9166666666666666 0.044444444444444446 0.9222222222222223 0.03888888888888889 0.9277777777777778 0.03888888888888889 0.9333333333333333 0.03333333333333333 0.9388888888888889 0.03333333333333333 0.9444444444444444 0.027777777777777776 0.95 0.027777777777777776 0.95 0.016666666666666666 0.9388888888888889 0.016666666666666666 0.9333333333333333 0.011111111111111112
2 0.15555555555555556 0.07777777777777778 0.15555555555555556 0.09444444444444444 0.16111111111111112 0.1 0.16111111111111112 0.1111111111111111 0.15 0.12222222222222222 0.15 0.1388888888888889 0.1388888888888889 0.15 0.1388888888888889 0.16666666666666666 0.13333333333333333 0.17222222222222222 0.13333333333333333 0.18888888888888888 0.14444444444444443 0.2 0.1388888888888889 0.20555555555555555 0.1388888888888889 0.2111111111111111 0.1 0.25 0.08888888888888889 0.25 0.08888888888888889 0.2777777777777778 0.08333333333333333 0.2833333333333333 0.08333333333333333 0.28888888888888886 0.07777777777777778 0.29444444444444445 0.08333333333333333 0.3 0.08333333333333333 0.3111111111111111 0.09444444444444444 0.3111111111111111 0.09444444444444444 0.29444444444444445 0.08888888888888889 0.28888888888888886 0.09444444444444444 0.2833333333333333 0.1 0.2833333333333333 0.10555555555555556 0.2777777777777778 0.10555555555555556 0.2722222222222222 0.15 0.22777777777777777 0.15 0.2111111111111111 0.15555555555555556 0.20555555555555555 0.15555555555555556 0.2 0.16111111111111112 0.19444444444444445 0.16111111111111112 0.18888888888888888 0.15555555555555556 0.18333333333333332 0.15555555555555556 0.15555555555555556 0.16111111111111112 0.15 0.16111111111111112 0.1388888888888889 0.16666666666666666 0.13333333333333333 0.17222222222222222 0.13333333333333333 0.17222222222222222 0.12777777777777777 0.17777777777777778 0.12222222222222222 0.17777777777777778 0.11666666666666667 0.18333333333333332 0.1111111111111111 0.18888888888888888 0.11666666666666667 0.18888888888888888 0.12222222222222222 0.19444444444444445 0.12777777777777777 0.19444444444444445 0.17222222222222222 0.18888888888888888 0.17777777777777778 0.18888888888888888 0.2111111111111111 0.19444444444444445 0.21666666666666667 0.19444444444444445 0.2388888888888889 0.2111111111111111 0.25555555555555554 0.2111111111111111 0.2611111111111111 0.21666666666666667 0.26666666666666666 0.23333333333333334 0.26666666666666666 0.24444444444444444 0.2777777777777778 0.25 0.2777777777777778 0.26666666666666666 0.29444444444444445 0.26666666666666666 0.3055555555555556 0.2722222222222222 0.3111111111111111 0.2722222222222222 0.32222222222222224 0.2833333333333333 0.3333333333333333 0.3 0.3333333333333333 0.3 0.32222222222222224 0.3055555555555556 0.31666666666666665 0.3111111111111111 0.31666666666666665 0.31666666666666665 0.3111111111111111 0.31666666666666665 0.3055555555555556 0.3277777777777778 0.29444444444444445 0.3333333333333333 0.29444444444444445 0.34444444444444444 0.2833333333333333 0.34444444444444444 0.26666666666666666 0.3333333333333333 0.26666666666666666 0.32222222222222224 0.2777777777777778 0.31666666666666665 0.2722222222222222 0.3 0.2722222222222222 0.29444444444444445 0.2777777777777778 0.29444444444444445 0.28888888888888886 0.3 0.29444444444444445 0.3 0.3111111111111111 0.29444444444444445 0.31666666666666665 0.28888888888888886 0.31666666666666665 0.2833333333333333 0.3111111111111111 0.2833333333333333 0.29444444444444445 0.2722222222222222 0.2833333333333333 0.2722222222222222 0.2722222222222222 0.26666666666666666 0.26666666666666666 0.2611111111111111 0.26666666666666666 0.25555555555555554 0.2611111111111111 0.25 0.2611111111111111 0.24444444444444444 0.25555555555555554 0.23333333333333334 0.25555555555555554 0.20555555555555555 0.22777777777777777 0.20555555555555555 0.2111111111111111 0.2111111111111111 0.20555555555555555 0.2111111111111111 0.2 0.21666666666666667 0.19444444444444445 0.21666666666666667 0.17777777777777778 0.2111111111111111 0.17222222222222222 0.2111111111111111 0.16111111111111112 0.20555555555555555 0.15555555555555556 0.20555555555555555 0.10555555555555556 0.2111111111111111 0.1 0.2111111111111111 0.08333333333333333 0.18888888888888888 0.08333333333333333 0.18888888888888888 0.08888888888888889 0.18333333333333332 0.09444444444444444 0.17777777777777778 0.08888888888888889 0.17222222222222222 0.08888888888888889 0.16666666666666666 0.08333333333333333 0.16666666666666666 0.07777777777777778
2 0.20555555555555555 0.6666666666666666 0.19444444444444445 0.6666666666666666 0.18888888888888888 0.6722222222222223 0.18888888888888888 0.7055555555555556 0.18333333333333332 0.7111111111111111 0.17777777777777778 0.7111111111111111 0.17222222222222222 0.7166666666666667 0.16111111111111112 0.7166666666666667 0.15555555555555556 0.7222222222222222 0.14444444444444443 0.7222222222222222 0.1388888888888889 0.7277777777777777 0.1388888888888889 0.7333333333333333 0.13333333333333333 0.7388888888888889 0.13333333333333333 0.7444444444444445 0.12222222222222222 0.7555555555555555 0.12222222222222222 0.7722222222222223 0.11666666666666667 0.7777777777777778 0.11666666666666667 0.7888888888888889 0.1111111111111111 0.7944444444444444 0.10555555555555556 0.7944444444444444 0.10555555555555556 0.8166666666666667 0.11666666666666667 0.8166666666666667 0.11666666666666667 0.8111111111111111 0.12222222222222222 0.8055555555555556 0.12777777777777777 0.8055555555555556 0.12777777777777777 0.7944444444444444 0.13333333333333333 0.7888888888888889 0.13333333333333333 0.7722222222222223 0.15 0.7555555555555555 0.15 0.7444444444444445 0.15555555555555556 0.7388888888888889 0.15555555555555556 0.7333333333333333 0.16111111111111112 0.7277777777777777 0.17777777777777778 0.7277777777777777 0.18333333333333332 0.7333333333333333 0.19444444444444445 0.7333333333333333 0.19444444444444445 0.7277777777777777 0.2 0.7222222222222222 0.2 0.6888888888888889 0.20555555555555555 0.6833333333333333
2 0 0.7333333333333333 0 0.7611111111111111 0.005555555555555556 0.7666666666666667 0 0.7722222222222223 0 0.8277777777777777 0.005555555555555556 0.8277777777777777 0.005555555555555556 0.8111111111111111 0 0.8055555555555556 0.005555555555555556 0.8 0.005555555555555556 0.7944444444444444 0.022222222222222223 0.7777777777777778 0.022222222222222223 0.7555555555555555 0.011111111111111112 0.7444444444444445 0.005555555555555556 0.7444444444444445 0 0.7388888888888889