0 0.9076433121019108 0.16878980891719744 0.8662420382165605 0.16878980891719744 0.8630573248407644 0.17197452229299362 0.8312101910828026 0.17197452229299362 0.8280254777070064 0.16878980891719744 0.8184713375796179 0.16878980891719744 0.8152866242038217 0.16560509554140126 0.7770700636942676 0.16560509554140126 0.7738853503184714 0.16878980891719744 0.767515923566879 0.16878980891719744 0.7643312101910829 0.17197452229299362 0.7133757961783439 0.17197452229299362 0.7101910828025477 0.16878980891719744 0.6910828025477707 0.16878980891719744 0.6878980891719745 0.17197452229299362 0.6751592356687898 0.17197452229299362 0.6719745222929936 0.16878980891719744 0.6624203821656051 0.16878980891719744 0.6592356687898089 0.16560509554140126 0.6496815286624203 0.16560509554140126 0.6464968152866242 0.1624203821656051 0.6401273885350318 0.1624203821656051 0.6369426751592356 0.1592356687898089 0.6273885350318471 0.1592356687898089 0.6242038216560509 0.15605095541401273 0.6210191082802548 0.1592356687898089 0.6146496815286624 0.1592356687898089 0.6114649681528662 0.1624203821656051 0.60828025477707 0.1624203821656051 0.6050955414012739 0.16560509554140126 0.5955414012738853 0.16560509554140126 0.5923566878980892 0.1624203821656051 0.5668789808917197 0.1624203821656051 0.5636942675159236 0.16560509554140126 0.554140127388535 0.16560509554140126 0.5509554140127388 0.16878980891719744 0.535031847133758 0.16878980891719744 0.5318471337579618 0.16560509554140126 0.5222929936305732 0.16560509554140126 0.5191082802547771 0.16878980891719744 0.5127388535031847 0.16878980891719744 0.5095541401273885 0.17197452229299362 0.5063694267515924 0.17197452229299362 0.5031847133757962 0.16878980891719744 0.4968152866242038 0.16878980891719744 0.49363057324840764 0.16560509554140126 0.46178343949044587 0.16560509554140126 0.4585987261146497 0.16878980891719744 0.445859872611465 0.16878980891719744 0.4426751592356688 0.17197452229299362 0.42356687898089174 0.17197452229299362 0.42038216560509556 0.16878980891719744 0.4012738853503185 0.16878980891719744 0.3980891719745223 0.16560509554140126 0.39490445859872614 0.16560509554140126 0.39171974522292996 0.16878980891719744 0.3630573248407643 0.16878980891719744 0.35987261146496813 0.17197452229299362 0.3057324840764331 0.17197452229299362 0.3057324840764331 0.1910828025477707 0.30254777070063693 0.1942675159235669 0.30254777070063693 0.20382165605095542 0.29936305732484075 0.2070063694267516 0.29936305732484075 0.21019108280254778 0.2961783439490446 0.21337579617834396 0.2961783439490446 0.21656050955414013 0.29936305732484075 0.2197452229299363 0.29936305732484075 0.2356687898089172 0.30254777070063693 0.23885350318471338 0.30254777070063693 0.24203821656050956 0.3057324840764331 0.24522292993630573 0.3057324840764331 0.2515923566878981 0.30254777070063693 0.25477707006369427 0.30254777070063693 0.2611464968152866 0.29936305732484075 0.2643312101910828 0.29936305732484075 0.267515923566879 0.2961783439490446 0.27070063694267515 0.2961783439490446 0.27388535031847133 0.29936305732484075 0.2770700636942675 0.29936305732484075 0.28343949044585987 0.30254777070063693 0.28662420382165604 0.30254777070063693 0.2961783439490446 0.3057324840764331 0.29936305732484075 0.3057324840764331 0.34076433121019106 0.29936305732484075 0.3471337579617834 0.29936305732484075 0.3503184713375796 0.3089171974522293 0.3503184713375796 0.31210191082802546 0.3535031847133758 0.3184713375796178 0.3535031847133758 0.321656050955414 0.3503184713375796 0.3248407643312102 0.3503184713375796 0.32802547770700635 0.3535031847133758 0.34394904458598724 0.3535031847133758 0.3471337579617834 0.3503184713375796 0.35668789808917195 0.3503184713375796 0.35987261146496813 0.3471337579617834 0.39171974522292996 0.3471337579617834 0.39490445859872614 0.34394904458598724 0.410828025477707 0.34394904458598724 0.4140127388535032 0.3471337579617834 0.44904458598726116 0.3471337579617834 0.45222929936305734 0.3503184713375796 0.4585987261146497 0.3503184713375796 0.46178343949044587 0.3535031847133758 0.4713375796178344 0.3535031847133758 0.4745222929936306 0.3503184713375796 0.47770700636942676 0.3503184713375796 0.48089171974522293 0.3471337579617834 0.4872611464968153 0.3471337579617834 0.49044585987261147 0.34394904458598724 0.4968152866242038 0.34394904458598724 0.5 0.3471337579617834 0.5254777070063694 0.3471337579617834 0.5286624203821656 0.3503184713375796 0.535031847133758 0.3503184713375796 0.5382165605095541 0.3535031847133758 0.554140127388535 0.3535031847133758 0.5573248407643312 0.3503184713375796 0.5668789808917197 0.3503184713375796 0.5700636942675159 0.3471337579617834 0.5796178343949044 0.3471337579617834 0.5828025477707006 0.34394904458598724 0.6050955414012739 0.34394904458598724 0.60828025477707 0.3471337579617834 0.6146496815286624 0.3471337579617834 0.6178343949044586 0.3503184713375796 0.6210191082802548 0.3503184713375796 0.6242038216560509 0.3535031847133758 0.6560509554140127 0.3535031847133758 0.6592356687898089 0.3503184713375796 0.6687898089171974 0.3503184713375796 0.6719745222929936 0.3471337579617834 0.678343949044586 0.3471337579617834 0.6815286624203821 0.34394904458598724 0.7038216560509554 0.34394904458598724 0.7070063694267515 0.3471337579617834 0.7165605095541401 0.3471337579617834 0.7197452229299363 0.3503184713375796 0.7356687898089171 0.3503184713375796 0.7388535031847133 0.3535031847133758 0.7484076433121019 0.3535031847133758 0.7515923566878981 0.3503184713375796 0.7611464968152867 0.3503184713375796 0.7643312101910829 0.3471337579617834 0.7866242038216561 0.3471337579617834 0.7898089171974523 0.3503184713375796 0.802547770700637 0.3503184713375796 0.8057324840764332 0.3471337579617834 0.8471337579617835 0.3471337579617834 0.8503184713375797 0.34394904458598724 0.8535031847133758 0.34394904458598724 0.856687898089172 0.3471337579617834 0.8821656050955414 0.3471337579617834 0.8853503184713376 0.3503184713375796 0.89171974522293 0.3503184713375796 0.8949044585987261 0.3471337579617834 0.9076433121019108 0.3471337579617834 0.9076433121019108 0.34076433121019106 0.910828025477707 0.3375796178343949 0.910828025477707 0.32802547770700635 0.9076433121019108 0.3248407643312102 0.9076433121019108 0.31528662420382164 0.9044585987261147 0.31210191082802546 0.9044585987261147 0.3057324840764331 0.9012738853503185 0.30254777070063693 0.9044585987261147 0.29936305732484075 0.9044585987261147 0.2929936305732484 0.9076433121019108 0.2898089171974522 0.9076433121019108 0.28343949044585987 0.9044585987261147 0.2802547770700637 0.9044585987261147 0.2643312101910828 0.9076433121019108 0.2611464968152866 0.9076433121019108 0.25796178343949044 0.910828025477707 0.25477707006369427 0.9076433121019108 0.2515923566878981 0.9076433121019108 0.2356687898089172 0.9044585987261147 0.23248407643312102 0.9044585987261147 0.22611464968152867 0.9076433121019108 0.2229299363057325 0.9076433121019108 0.21656050955414013 0.910828025477707 0.21337579617834396 0.910828025477707 0.19745222929936307 0.9076433121019108 0.1942675159235669
0 0.29936305732484075 0.6942675159235668 0.29936305732484075 0.7038216560509554 0.3057324840764331 0.7101910828025477 0.3057324840764331 0.7165605095541401 0.3089171974522293 0.7197452229299363 0.3089171974522293 0.7292993630573248 0.31210191082802546 0.732484076433121 0.3089171974522293 0.7356687898089171 0.3089171974522293 0.7515923566878981 0.30254777070063693 0.7579617834394905 0.30254777070063693 0.7611464968152867 0.31210191082802546 0.7707006369426752 0.31210191082802546 0.7770700636942676 0.3089171974522293 0.7802547770700637 0.3089171974522293 0.7866242038216561 0.3057324840764331 0.7898089171974523 0.3057324840764331 0.7961783439490446 0.3184713375796178 0.8089171974522293 0.34076433121019106 0.8089171974522293 0.34394904458598724 0.8121019108280255 0.3471337579617834 0.8121019108280255 0.3503184713375796 0.8152866242038217 0.35668789808917195 0.8152866242038217 0.3630573248407643 0.821656050955414 0.3662420382165605 0.821656050955414 0.36942675159235666 0.8248407643312102 0.3980891719745223 0.8248407643312102 0.4012738853503185 0.821656050955414 0.445859872611465 0.821656050955414 0.44904458598726116 0.8248407643312102 0.46178343949044587 0.8248407643312102 0.46496815286624205 0.8280254777070064 0.47770700636942676 0.8280254777070064 0.48089171974522293 0.8312101910828026 0.5031847133757962 0.8312101910828026 0.5063694267515924 0.8280254777070064 0.5191082802547771 0.8280254777070064 0.5222929936305732 0.8248407643312102 0.5605095541401274 0.8248407643312102 0.5636942675159236 0.8280254777070064 0.5764331210191083 0.8280254777070064 0.5796178343949044 0.8312101910828026 0.6210191082802548 0.8312101910828026 0.6242038216560509 0.8280254777070064 0.6305732484076433 0.8280254777070064 0.6337579617834395 0.8248407643312102 0.643312101910828 0.8248407643312102 0.6464968152866242 0.821656050955414 0.7038216560509554 0.821656050955414 0.7070063694267515 0.8248407643312102 0.7197452229299363 0.8248407643312102 0.7229299363057324 0.821656050955414 0.7579617834394905 0.821656050955414 0.7611464968152867 0.8248407643312102 0.7738853503184714 0.8248407643312102 0.7770700636942676 0.8280254777070064 0.7834394904458599 0.8280254777070064 0.7866242038216561 0.8312101910828026 0.7898089171974523 0.8312101910828026 0.7929936305732485 0.8280254777070064 0.7993630573248408 0.8280254777070064 0.802547770700637 0.8248407643312102 0.8184713375796179 0.8248407643312102 0.821656050955414 0.8280254777070064 0.8503184713375797 0.8280254777070064 0.8535031847133758 0.8248407643312102 0.8630573248407644 0.8248407643312102 0.8662420382165605 0.821656050955414 0.8694267515923567 0.8248407643312102 0.8789808917197452 0.8248407643312102 0.8821656050955414 0.8280254777070064 0.89171974522293 0.8280254777070064 0.8949044585987261 0.8312101910828026 0.9044585987261147 0.8312101910828026 0.9044585987261147 0.8280254777070064 0.9076433121019108 0.8248407643312102 0.9076433121019108 0.821656050955414 0.9044585987261147 0.8184713375796179 0.9044585987261147 0.8152866242038217 0.9012738853503185 0.8121019108280255 0.9012738853503185 0.802547770700637 0.9044585987261147 0.7993630573248408 0.9044585987261147 0.7961783439490446 0.9012738853503185 0.7929936305732485 0.9012738853503185 0.7834394904458599 0.9044585987261147 0.7802547770700637 0.9044585987261147 0.7770700636942676 0.9012738853503185 0.7738853503184714 0.9012738853503185 0.7579617834394905 0.9044585987261147 0.7547770700636943 0.9044585987261147 0.7484076433121019 0.9076433121019108 0.7452229299363057 0.9044585987261147 0.7420382165605095 0.9044585987261147 0.732484076433121 0.9012738853503185 0.7292993630573248 0.9012738853503185 0.7261146496815286 0.8980891719745223 0.7229299363057324 0.8980891719745223 0.7070063694267515 0.9012738853503185 0.7038216560509554 0.9012738853503185 0.6910828025477707 0.9044585987261147 0.6878980891719745 0.9044585987261147 0.678343949044586 0.9012738853503185 0.6751592356687898 0.9012738853503185 0.6719745222929936 0.8980891719745223 0.6687898089171974 0.8980891719745223 0.6656050955414012 0.8885350318471338 0.6560509554140127 0.8853503184713376 0.6560509554140127 0.8789808917197452 0.6624203821656051 0.8726114649681529 0.6624203821656051 0.8694267515923567 0.6656050955414012 0.856687898089172 0.6656050955414012 0.8535031847133758 0.6624203821656051 0.8439490445859873 0.6624203821656051 0.8407643312101911 0.6656050955414012 0.8312101910828026 0.6656050955414012 0.8280254777070064 0.6624203821656051 0.8248407643312102 0.6624203821656051 0.821656050955414 0.6656050955414012 0.8184713375796179 0.6656050955414012 0.8152866242038217 0.6687898089171974 0.8121019108280255 0.6687898089171974 0.8089171974522293 0.6719745222929936 0.7961783439490446 0.6719745222929936 0.7929936305732485 0.6687898089171974 0.7834394904458599 0.6687898089171974 0.7802547770700637 0.6656050955414012 0.7738853503184714 0.6656050955414012 0.767515923566879 0.6592356687898089 0.7643312101910829 0.6592356687898089 0.7611464968152867 0.6560509554140127 0.7579617834394905 0.6592356687898089 0.7515923566878981 0.6592356687898089 0.7547770700636943 0.6624203821656051 0.7484076433121019 0.6687898089171974 0.7452229299363057 0.6687898089171974 0.7420382165605095 0.6656050955414012 0.7420382165605095 0.6624203821656051 0.7356687898089171 0.6624203821656051 0.7356687898089171 0.6656050955414012 0.732484076433121 0.6687898089171974 0.7229299363057324 0.6687898089171974 0.7197452229299363 0.6656050955414012 0.7197452229299363 0.6624203821656051 0.7165605095541401 0.6624203821656051 0.7133757961783439 0.6592356687898089 0.7133757961783439 0.6560509554140127 0.7165605095541401 0.6528662420382165 0.7070063694267515 0.6528662420382165 0.7038216560509554 0.6496815286624203 0.7038216560509554 0.643312101910828 0.7006369426751592 0.6401273885350318 0.697452229299363 0.6401273885350318 0.6910828025477707 0.6464968152866242 0.6878980891719745 0.6464968152866242 0.678343949044586 0.6560509554140127 0.6687898089171974 0.6560509554140127 0.6656050955414012 0.6528662420382165 0.6624203821656051 0.6528662420382165 0.6592356687898089 0.6560509554140127 0.6305732484076433 0.6560509554140127 0.6273885350318471 0.6528662420382165 0.6273885350318471 0.6496815286624203 0.5859872611464968 0.6496815286624203 0.5828025477707006 0.6464968152866242 0.5732484076433121 0.6464968152866242 0.5700636942675159 0.643312101910828 0.5445859872611465 0.643312101910828 0.5414012738853503 0.6464968152866242 0.5318471337579618 0.6464968152866242 0.5286624203821656 0.6496815286624203 0.5095541401273885 0.6496815286624203 0.5063694267515924 0.6464968152866242 0.5031847133757962 0.6464968152866242 0.5 0.643312101910828 0.4968152866242038 0.643312101910828 0.49363057324840764 0.6401273885350318 0.46496815286624205 0.6401273885350318 0.46178343949044587 0.643312101910828 0.4585987261146497 0.643312101910828 0.4554140127388535 0.6464968152866242 0.4267515923566879 0.6464968152866242 0.42356687898089174 0.6496815286624203 0.39490445859872614 0.6496815286624203 0.39171974522292996 0.6528662420382165 0.35987261146496813 0.6528662420382165 0.35668789808917195 0.6560509554140127 0.3375796178343949 0.6560509554140127 0.3343949044585987 0.6528662420382165 0.32802547770700635 0.6592356687898089 0.321656050955414 0.6592356687898089 0.3184713375796178 0.6624203821656051 0.3184713375796178 0.6656050955414012 0.31528662420382164 0.6687898089171974 0.31528662420382164 0.6719745222929936 0.31210191082802546 0.6751592356687898 0.3089171974522293 0.6751592356687898 0.3057324840764331 0.678343949044586 0.3057324840764331 0.6847133757961783 0.30254777070063693 0.6878980891719745 0.30254777070063693 0.6910828025477707
0 0.6305732484076433 0.4554140127388535 0.6305732484076433 0.4681528662420382 0.6337579617834395 0.4713375796178344 0.6337579617834395 0.4968152866242038 0.6369426751592356 0.5 0.6369426751592356 0.5286624203821656 0.6337579617834395 0.5318471337579618 0.6337579617834395 0.535031847133758 0.6305732484076433 0.5382165605095541 0.6337579617834395 0.5414012738853503 0.6337579617834395 0.5477707006369427 0.6464968152866242 0.5605095541401274 0.6464968152866242 0.5668789808917197 0.6496815286624203 0.5668789808917197 0.6560509554140127 0.5732484076433121 0.6560509554140127 0.5764331210191083 0.6592356687898089 0.5764331210191083 0.6624203821656051 0.5796178343949044 0.678343949044586 0.5796178343949044 0.6847133757961783 0.5859872611464968 0.6878980891719745 0.5859872611464968 0.6910828025477707 0.589171974522293 0.697452229299363 0.589171974522293 0.7006369426751592 0.5923566878980892 0.7165605095541401 0.5923566878980892 0.7197452229299363 0.589171974522293 0.7261146496815286 0.589171974522293 0.7292993630573248 0.5859872611464968 0.732484076433121 0.5859872611464968 0.7356687898089171 0.5828025477707006 0.7388535031847133 0.5828025477707006 0.7420382165605095 0.5859872611464968 0.7770700636942676 0.5859872611464968 0.7802547770700637 0.589171974522293 0.7834394904458599 0.589171974522293 0.7866242038216561 0.5923566878980892 0.8312101910828026 0.5923566878980892 0.8343949044585988 0.589171974522293 0.8439490445859873 0.589171974522293 0.8439490445859873 0.5859872611464968 0.8407643312101911 0.589171974522293 0.8375796178343949 0.589171974522293 0.8343949044585988 0.5859872611464968 0.8280254777070064 0.5859872611464968 0.8248407643312102 0.5828025477707006 0.8152866242038217 0.5828025477707006 0.8121019108280255 0.5796178343949044 0.8057324840764332 0.5796178343949044 0.802547770700637 0.5764331210191083 0.7961783439490446 0.5764331210191083 0.7929936305732485 0.5796178343949044 0.7834394904458599 0.5796178343949044 0.7802547770700637 0.5764331210191083 0.732484076433121 0.5764331210191083 0.7292993630573248 0.5732484076433121 0.7292993630573248 0.5668789808917197 0.732484076433121 0.5636942675159236 0.7388535031847133 0.5636942675159236 0.7420382165605095 0.5605095541401274 0.7579617834394905 0.5605095541401274 0.7611464968152867 0.5636942675159236 0.8089171974522293 0.5636942675159236 0.8121019108280255 0.5668789808917197 0.821656050955414 0.5668789808917197 0.8248407643312102 0.5700636942675159 0.8343949044585988 0.5700636942675159 0.8375796178343949 0.5732484076433121 0.8407643312101911 0.5700636942675159 0.8439490445859873 0.5700636942675159 0.8471337579617835 0.5732484076433121 0.8503184713375797 0.5732484076433121 0.8535031847133758 0.5764331210191083 0.8598726114649682 0.5764331210191083 0.8630573248407644 0.5796178343949044 0.8694267515923567 0.5796178343949044 0.8757961783439491 0.5859872611464968 0.8789808917197452 0.5859872611464968 0.8853503184713376 0.5923566878980892 0.8853503184713376 0.5955414012738853 0.8949044585987261 0.5955414012738853 0.8980891719745223 0.5923566878980892 0.910828025477707 0.5923566878980892 0.9140127388535032 0.589171974522293 0.9203821656050956 0.589171974522293 0.9235668789808917 0.5859872611464968 0.9267515923566879 0.5859872611464968 0.9299363057324841 0.589171974522293 0.9363057324840764 0.589171974522293 0.9394904458598726 0.5923566878980892 0.9554140127388535 0.5923566878980892 0.9585987261146497 0.5955414012738853 0.964968152866242 0.5955414012738853 0.9681528662420382 0.5923566878980892 0.9968152866242038 0.5923566878980892 0.9968152866242038 0.4171974522292994 0.9808917197452229 0.4171974522292994 0.9777070063694268 0.42038216560509556 0.9713375796178344 0.42038216560509556 0.9681528662420382 0.42356687898089174 0.9617834394904459 0.42356687898089174 0.9522292993630573 0.4140127388535032 0.9394904458598726 0.4140127388535032 0.9363057324840764 0.4171974522292994 0.9203821656050956 0.4171974522292994 0.9171974522292994 0.4140127388535032 0.910828025477707 0.4140127388535032 0.9076433121019108 0.410828025477707 0.9012738853503185 0.410828025477707 0.8980891719745223 0.40764331210191085 0.8789808917197452 0.40764331210191085 0.8757961783439491 0.410828025477707 0.856687898089172 0.410828025477707 0.8535031847133758 0.4140127388535032 0.8471337579617835 0.4140127388535032 0.8439490445859873 0.410828025477707 0.821656050955414 0.410828025477707 0.8184713375796179 0.40764331210191085 0.7961783439490446 0.40764331210191085 0.7929936305732485 0.410828025477707 0.7898089171974523 0.40764331210191085 0.7611464968152867 0.40764331210191085 0.7579617834394905 0.410828025477707 0.7420382165605095 0.410828025477707 0.7388535031847133 0.4140127388535032 0.7261146496815286 0.4140127388535032 0.7229299363057324 0.4171974522292994 0.6687898089171974 0.4171974522292994 0.6656050955414012 0.42038216560509556 0.6560509554140127 0.42038216560509556 0.6496815286624203 0.4267515923566879 0.6496815286624203 0.4299363057324841 0.643312101910828 0.43630573248407645 0.643312101910828 0.4394904458598726 0.6401273885350318 0.4426751592356688 0.6401273885350318 0.445859872611465
0 0.6305732484076433 0 0.6337579617834395 0.0031847133757961785 0.6337579617834395 0.054140127388535034 0.6305732484076433 0.05732484076433121 0.6305732484076433 0.06687898089171974 0.6337579617834395 0.07006369426751592 0.6337579617834395 0.09872611464968153 0.6369426751592356 0.10191082802547771 0.6369426751592356 0.10509554140127389 0.6401273885350318 0.10828025477707007 0.6592356687898089 0.10828025477707007 0.6624203821656051 0.10509554140127389 0.6656050955414012 0.10509554140127389 0.6687898089171974 0.10828025477707007 0.7292993630573248 0.10828025477707007 0.732484076433121 0.11146496815286625 0.7802547770700637 0.11146496815286625 0.7834394904458599 0.11464968152866242 0.8184713375796179 0.11464968152866242 0.821656050955414 0.1178343949044586 0.8471337579617835 0.1178343949044586 0.8503184713375797 0.12101910828025478 0.8949044585987261 0.12101910828025478 0.8980891719745223 0.1178343949044586 0.9203821656050956 0.1178343949044586 0.9235668789808917 0.11464968152866242 0.9490445859872612 0.11464968152866242 0.9522292993630573 0.11146496815286625 0.9745222929936306 0.11146496815286625 0.9777070063694268 0.10828025477707007 0.9808917197452229 0.11146496815286625 0.9968152866242038 0.11146496815286625 0.9968152866242038 0
0 0.6242038216560509 0.89171974522293 0.6242038216560509 0.9203821656050956 0.6210191082802548 0.9235668789808917 0.6210191082802548 0.9267515923566879 0.6242038216560509 0.9299363057324841 0.6242038216560509 0.9968152866242038 0.9968152866242038 0.9968152866242038 0.9968152866242038 0.89171974522293 0.9554140127388535 0.89171974522293 0.9522292993630573 0.8949044585987261 0.9426751592356688 0.8949044585987261 0.9394904458598726 0.89171974522293 0.9299363057324841 0.89171974522293 0.9267515923566879 0.8949044585987261 0.9235668789808917 0.8949044585987261 0.9203821656050956 0.89171974522293 0.9171974522292994 0.8949044585987261 0.910828025477707 0.8949044585987261 0.9076433121019108 0.89171974522293 0.8503184713375797 0.89171974522293 0.8471337579617835 0.8949044585987261 0.8439490445859873 0.8949044585987261 0.8407643312101911 0.89171974522293 0.802547770700637 0.89171974522293 0.7993630573248408 0.8885350318471338 0.7770700636942676 0.8885350318471338 0.7738853503184714 0.89171974522293 0.7229299363057324 0.89171974522293 0.7197452229299363 0.8885350318471338 0.7165605095541401 0.89171974522293 0.7133757961783439 0.89171974522293 0.7101910828025477 0.8885350318471338 0.7070063694267515 0.8885350318471338 0.7038216560509554 0.89171974522293 0.6878980891719745 0.89171974522293 0.6847133757961783 0.8885350318471338 0.6464968152866242 0.8885350318471338 0.643312101910828 0.89171974522293 0.6337579617834395 0.89171974522293 0.6305732484076433 0.8885350318471338 0.6273885350318471 0.8885350318471338
0 0.9777070063694268 0.643312101910828 0.9745222929936306 0.6464968152866242 0.9713375796178344 0.6464968152866242 0.9713375796178344 0.6560509554140127 0.9745222929936306 0.6592356687898089 0.9745222929936306 0.6878980891719745 0.9713375796178344 0.6910828025477707 0.9713375796178344 0.7452229299363057 0.9681528662420382 0.7484076433121019 0.9681528662420382 0.7547770700636943 0.9713375796178344 0.7579617834394905 0.9713375796178344 0.7738853503184714 0.9777070063694268 0.7802547770700637 0.9777070063694268 0.7834394904458599 0.9808917197452229 0.7866242038216561 0.9808917197452229 0.7929936305732485 0.9840764331210191 0.7961783439490446 0.9840764331210191 0.802547770700637 0.9872611464968153 0.8057324840764332 0.9904458598726115 0.8057324840764332 0.9936305732484076 0.802547770700637 0.9968152866242038 0.802547770700637 0.9968152866242038 0.643312101910828 0.9936305732484076 0.6464968152866242 0.9840764331210191 0.6464968152866242 0.9808917197452229 0.643312101910828
0 0.9968152866242038 0.16878980891719744 0.9904458598726115 0.16878980891719744 0.9872611464968153 0.17197452229299362 0.9681528662420382 0.17197452229299362 0.9681528662420382 0.21337579617834396 0.964968152866242 0.21656050955414013 0.964968152866242 0.22929936305732485 0.9617834394904459 0.23248407643312102 0.9617834394904459 0.2484076433121019 0.9585987261146497 0.2515923566878981 0.9585987261146497 0.267515923566879 0.9617834394904459 0.267515923566879 0.964968152866242 0.27070063694267515 0.9681528662420382 0.267515923566879 0.9745222929936306 0.267515923566879 0.9777070063694268 0.2643312101910828 0.9808917197452229 0.2643312101910828 0.9808917197452229 0.25477707006369427 0.9840764331210191 0.2515923566878981 0.9840764331210191 0.24522292993630573 0.9872611464968153 0.24203821656050956 0.9777070063694268 0.23248407643312102 0.9777070063694268 0.22929936305732485 0.9745222929936306 0.22611464968152867 0.9745222929936306 0.2197452229299363 0.9777070063694268 0.21656050955414013 0.9840764331210191 0.21656050955414013 0.9904458598726115 0.2229299363057325 0.9904458598726115 0.22611464968152867 0.9968152866242038 0.23248407643312102
0 0.964968152866242 0.28662420382165604 0.964968152866242 0.2961783439490446 0.9713375796178344 0.30254777070063693 0.9713375796178344 0.31528662420382164 0.9745222929936306 0.3184713375796178 0.9745222929936306 0.3248407643312102 0.9713375796178344 0.32802547770700635 0.9713375796178344 0.3343949044585987 0.9745222929936306 0.3375796178343949 0.9745222929936306 0.34076433121019106 0.9872611464968153 0.34076433121019106 0.9904458598726115 0.3375796178343949 0.9968152866242038 0.3375796178343949 0.9968152866242038 0.321656050955414 0.9936305732484076 0.321656050955414 0.9872611464968153 0.31528662420382164 0.9872611464968153 0.2929936305732484 0.9745222929936306 0.2929936305732484 0.9713375796178344 0.2898089171974522 0.9681528662420382 0.2898089171974522
1 0.10828025477707007 0.42356687898089174 0.10828025477707007 0.43312101910828027 0.10509554140127389 0.43630573248407645 0.10509554140127389 0.44904458598726116 0.11146496815286625 0.4554140127388535 0.11146496815286625 0.4681528662420382 0.10509554140127389 0.4745222929936306 0.10509554140127389 0.49044585987261147 0.11146496815286625 0.4968152866242038 0.11146496815286625 0.5063694267515924 0.10509554140127389 0.5127388535031847 0.10509554140127389 0.5222929936305732 0.10191082802547771 0.5254777070063694 0.10191082802547771 0.5286624203821656 0.10509554140127389 0.5318471337579618 0.10509554140127389 0.535031847133758 0.10828025477707007 0.5382165605095541 0.10828025477707007 0.5636942675159236 0.10509554140127389 0.5668789808917197 0.10509554140127389 0.5796178343949044 0.10828025477707007 0.5828025477707006 0.10828025477707007 0.5859872611464968 0.11464968152866242 0.5923566878980892 0.11464968152866242 0.5955414012738853 0.13694267515923567 0.5955414012738853 0.14012738853503184 0.5923566878980892 0.15605095541401273 0.5923566878980892 0.1592356687898089 0.589171974522293 0.21337579617834396 0.589171974522293 0.21656050955414013 0.5923566878980892 0.3535031847133758 0.5923566878980892 0.35668789808917195 0.5955414012738853 0.4012738853503185 0.5955414012738853 0.40445859872611467 0.5923566878980892 0.40764331210191085 0.5955414012738853 0.4171974522292994 0.5955414012738853 0.42038216560509556 0.5987261146496815 0.4394904458598726 0.5987261146496815 0.4426751592356688 0.5955414012738853 0.46178343949044587 0.5955414012738853 0.46496815286624205 0.5987261146496815 0.47770700636942676 0.5987261146496815 0.48089171974522293 0.5955414012738853 0.4968152866242038 0.5955414012738853 0.5 0.5923566878980892 0.5159235668789809 0.5923566878980892 0.5191082802547771 0.589171974522293 0.5445859872611465 0.589171974522293 0.5477707006369427 0.5859872611464968 0.5573248407643312 0.5859872611464968 0.5573248407643312 0.5828025477707006 0.5605095541401274 0.5796178343949044 0.5668789808917197 0.5796178343949044 0.5700636942675159 0.5764331210191083 0.5700636942675159 0.5732484076433121 0.5732484076433121 0.5700636942675159 0.5732484076433121 0.5636942675159236 0.5700636942675159 0.5605095541401274 0.5732484076433121 0.5573248407643312 0.5764331210191083 0.5573248407643312 0.5764331210191083 0.5477707006369427 0.5732484076433121 0.5445859872611465 0.5732484076433121 0.4872611464968153 0.5700636942675159 0.4840764331210191 0.5700636942675159 0.445859872611465 0.5668789808917197 0.4426751592356688 0.5668789808917197 0.43312101910828027 0.5636942675159236 0.43312101910828027 0.5573248407643312 0.4267515923566879 0.554140127388535 0.4267515923566879 0.5477707006369427 0.42038216560509556 0.5318471337579618 0.42038216560509556 0.5286624203821656 0.4171974522292994 0.5159235668789809 0.4171974522292994 0.5127388535031847 0.4140127388535032 0.42356687898089174 0.4140127388535032 0.42038216560509556 0.4171974522292994 0.4140127388535032 0.4171974522292994 0.410828025477707 0.42038216560509556 0.40445859872611467 0.42038216560509556 0.4012738853503185 0.42356687898089174 0.3662420382165605 0.42356687898089174 0.3630573248407643 0.42038216560509556 0.3503184713375796 0.42038216560509556 0.3471337579617834 0.42356687898089174 0.34394904458598724 0.42038216560509556 0.321656050955414 0.42038216560509556 0.3184713375796178 0.4171974522292994 0.31210191082802546 0.4171974522292994 0.3089171974522293 0.4140127388535032 0.28343949044585987 0.4140127388535032 0.2802547770700637 0.410828025477707 0.25796178343949044 0.410828025477707 0.25477707006369427 0.4140127388535032 0.21656050955414013 0.4140127388535032 0.21337579617834396 0.4171974522292994 0.1624203821656051 0.4171974522292994 0.1592356687898089 0.4140127388535032 0.1305732484076433 0.4140127388535032 0.12738853503184713 0.4171974522292994 0.12101910828025478 0.4171974522292994 0.1178343949044586 0.4140127388535032 0.11464968152866242 0.4140127388535032 0.11464968152866242 0.42038216560509556 0.11146496815286625 0.42356687898089174
1 0 0 0 0.10828025477707007 0.0031847133757961785 0.10828025477707007 0.006369426751592357 0.11146496815286625 0.03821656050955414 0.11146496815286625 0.041401273885350316 0.11464968152866242 0.044585987261146494 0.11464968152866242 0.04777070063694268 0.1178343949044586 0.050955414012738856 0.1178343949044586 0.054140127388535034 0.12101910828025478 0.06050955414012739 0.12101910828025478 0.06369426751592357 0.1178343949044586 0.06687898089171974 0.1178343949044586 0.07006369426751592 0.11464968152866242 0.08598726114649681 0.11464968152866242 0.08598726114649681 0.11146496815286625 0.09235668789808917 0.10509554140127389 0.08917197452229299 0.10191082802547771 0.08917197452229299 0.08280254777070063 0.08598726114649681 0.07961783439490445 0.08598726114649681 0.0732484076433121 0.08280254777070063 0.07006369426751592 0.08280254777070063 0.05732484076433121 0.07643312101910828 0.050955414012738856 0.07643312101910828 0.03821656050955414 0.08280254777070063 0.03184713375796178 0.08280254777070063 0.028662420382165606 0.07961783439490445 0.025477707006369428 0.07961783439490445 0.006369426751592357 0.08280254777070063 0.0031847133757961785 0.09235668789808917 0.0031847133757961785 0.09554140127388536 0.006369426751592357 0.09554140127388536 0.009554140127388535 0.10191082802547771 0.01592356687898089 0.10191082802547771 0.022292993630573247 0.10509554140127389 0.025477707006369428 0.10509554140127389 0.03184713375796178 0.10191082802547771 0.03503184713375796 0.10191082802547771 0.06369426751592357 0.10509554140127389 0.06687898089171974 0.10509554140127389 0.07006369426751592 0.10828025477707007 0.0732484076433121 0.10828025477707007 0.08598726114649681 0.10191082802547771 0.09235668789808917 0.10191082802547771 0.09554140127388536 0.11146496815286625 0.10509554140127389 0.11146496815286625 0.10828025477707007 0.12420382165605096 0.10828025477707007 0.12738853503184713 0.11146496815286625 0.1337579617834395 0.11146496815286625 0.14012738853503184 0.1178343949044586 0.15605095541401273 0.1178343949044586 0.1592356687898089 0.12101910828025478 0.16878980891719744 0.12101910828025478 0.17197452229299362 0.1178343949044586 0.17834394904458598 0.1178343949044586 0.18152866242038215 0.11464968152866242 0.18789808917197454 0.11464968152866242 0.1942675159235669 0.10828025477707007 0.19745222929936307 0.10828025477707007 0.20063694267515925 0.10509554140127389 0.20382165605095542 0.10509554140127389 0.2070063694267516 0.10828025477707007 0.2229299363057325 0.10828025477707007 0.22611464968152867 0.11146496815286625 0.2611464968152866 0.11146496815286625 0.2643312101910828 0.10828025477707007 0.2929936305732484 0.10828025477707007 0.2961783439490446 0.10509554140127389 0.31210191082802546 0.10509554140127389 0.31528662420382164 0.10828025477707007 0.3535031847133758 0.10828025477707007 0.35668789808917195 0.10509554140127389 0.3821656050955414 0.10509554140127389 0.3853503184713376 0.10828025477707007 0.4012738853503185 0.10828025477707007 0.40445859872611467 0.11146496815286625 0.4171974522292994 0.11146496815286625 0.42038216560509556 0.11464968152866242 0.43312101910828027 0.11464968152866242 0.43630573248407645 0.1178343949044586 0.445859872611465 0.1178343949044586 0.44904458598726116 0.11464968152866242 0.46178343949044587 0.11464968152866242 0.46496815286624205 0.11146496815286625 0.4872611464968153 0.11146496815286625 0.49044585987261147 0.10828025477707007 0.5254777070063694 0.10828025477707007 0.5286624203821656 0.11146496815286625 0.5605095541401274 0.11146496815286625 0.5636942675159236 0.11464968152866242 0.5700636942675159 0.11464968152866242 0.5732484076433121 0.11146496815286625 0.5764331210191083 0.11146496815286625 0.5764331210191083 0.09872611464968153 0.5732484076433121 0.09554140127388536 0.5732484076433121 0.07961783439490445 0.5700636942675159 0.07643312101910828 0.5700636942675159 0.0031847133757961785 0.5668789808917197 0
1 0.31528662420382164 0.8949044585987261 0.31528662420382164 0.9044585987261147 0.31210191082802546 0.9076433121019108 0.31210191082802546 0.9267515923566879 0.3089171974522293 0.9299363057324841 0.3089171974522293 0.9394904458598726 0.3057324840764331 0.9426751592356688 0.3089171974522293 0.945859872611465 0.3089171974522293 0.9490445859872612 0.31210191082802546 0.9522292993630573 0.31210191082802546 0.9681528662420382 0.31528662420382164 0.9713375796178344 0.31528662420382164 0.9777070063694268 0.3184713375796178 0.9808917197452229 0.3184713375796178 0.9936305732484076 0.321656050955414 0.9968152866242038 0.5668789808917197 0.9968152866242038 0.5668789808917197 0.9936305732484076 0.5700636942675159 0.9904458598726115 0.5700636942675159 0.8853503184713376 0.5445859872611465 0.8853503184713376 0.5414012738853503 0.8885350318471338 0.45222929936305734 0.8885350318471338 0.44904458598726116 0.8853503184713376 0.4140127388535032 0.8853503184713376 0.410828025477707 0.8885350318471338 0.39490445859872614 0.8885350318471338 0.39171974522292996 0.8853503184713376 0.3248407643312102 0.8853503184713376 0.3248407643312102 0.89171974522293 0.321656050955414 0.8949044585987261
1 0 0.9968152866242038 0.24203821656050956 0.9968152866242038 0.24203821656050956 0.9936305732484076 0.24522292993630573 0.9904458598726115 0.24522292993630573 0.9872611464968153 0.2484076433121019 0.9840764331210191 0.2484076433121019 0.9808917197452229 0.25796178343949044 0.9713375796178344 0.2611464968152866 0.9713375796178344 0.2611464968152866 0.964968152866242 0.267515923566879 0.9585987261146497 0.267515923566879 0.9490445859872612 0.2770700636942675 0.9394904458598726 0.2802547770700637 0.9394904458598726 0.28343949044585987 0.9363057324840764 0.28343949044585987 0.9331210191082803 0.28662420382165604 0.9299363057324841 0.28662420382165604 0.9267515923566879 0.2898089171974522 0.9235668789808917 0.2898089171974522 0.9140127388535032 0.28662420382165604 0.910828025477707 0.28662420382165604 0.9044585987261147 0.2929936305732484 0.8980891719745223 0.2929936305732484 0.8949044585987261 0.29936305732484075 0.8885350318471338 0.30254777070063693 0.8885350318471338 0.3057324840764331 0.8853503184713376 0.3089171974522293 0.8853503184713376 0.30254777070063693 0.8853503184713376 0.29936305732484075 0.8885350318471338 0.2929936305732484 0.8885350318471338 0.2898089171974522 0.8853503184713376 0.2802547770700637 0.8853503184713376 0.2770700636942675 0.8885350318471338 0.27070063694267515 0.8885350318471338 0.267515923566879 0.8853503184713376 0.2229299363057325 0.8853503184713376 0.2197452229299363 0.8821656050955414 0.1751592356687898 0.8821656050955414 0.17197452229299362 0.8853503184713376 0.16878980891719744 0.8821656050955414 0.14331210191082802 0.8821656050955414 0.14012738853503184 0.8853503184713376 0.13694267515923567 0.8821656050955414 0.1305732484076433 0.8821656050955414 0.12738853503184713 0.8853503184713376 0.12738853503184713 0.8980891719745223 0.1305732484076433 0.8980891719745223 0.1337579617834395 0.9012738853503185 0.13694267515923567 0.9012738853503185 0.1464968152866242 0.910828025477707 0.1464968152866242 0.9140127388535032 0.14968152866242038 0.9171974522292994 0.14968152866242038 0.9203821656050956 0.1592356687898089 0.9203821656050956 0.1624203821656051 0.9235668789808917 0.16560509554140126 0.9235668789808917 0.16878980891719744 0.9267515923566879 0.1751592356687898 0.9267515923566879 0.18471337579617833 0.9363057324840764 0.18471337579617833 0.9394904458598726 0.1910828025477707 0.945859872611465 0.1910828025477707 0.9490445859872612 0.19745222929936307 0.9490445859872612 0.20063694267515925 0.9522292993630573 0.2070063694267516 0.9522292993630573 0.21019108280254778 0.9554140127388535 0.21337579617834396 0.9554140127388535 0.2197452229299363 0.9617834394904459 0.2229299363057325 0.9617834394904459 0.22929936305732485 0.9681528662420382 0.22929936305732485 0.9872611464968153 0.2229299363057325 0.9936305732484076 0.21019108280254778 0.9936305732484076 0.2070063694267516 0.9904458598726115 0.20382165605095542 0.9904458598726115 0.20063694267515925 0.9872611464968153 0.19745222929936307 0.9872611464968153 0.18789808917197454 0.9777070063694268 0.17834394904458598 0.9777070063694268 0.17197452229299362 0.9713375796178344 0.17197452229299362 0.9681528662420382 0.16878980891719744 0.964968152866242 0.16560509554140126 0.964968152866242 0.1624203821656051 0.9617834394904459 0.1624203821656051 0.9554140127388535 0.15605095541401273 0.9554140127388535 0.15286624203821655 0.9522292993630573 0.15286624203821655 0.9426751592356688 0.14968152866242038 0.9394904458598726 0.14968152866242038 0.9363057324840764 0.1464968152866242 0.9331210191082803 0.1464968152866242 0.9267515923566879 0.1337579617834395 0.9267515923566879 0.1305732484076433 0.9235668789808917 0.1305732484076433 0.9171974522292994 0.12738853503184713 0.9140127388535032 0.12738853503184713 0.9076433121019108 0.12420382165605096 0.9076433121019108 0.12101910828025478 0.9044585987261147 0.11464968152866242 0.9044585987261147 0.11146496815286625 0.9076433121019108 0.10828025477707007 0.9076433121019108 0.10509554140127389 0.910828025477707 0.10191082802547771 0.9076433121019108 0.09554140127388536 0.9076433121019108 0.09235668789808917 0.9044585987261147 0.09235668789808917 0.8980891719745223 0.09554140127388536 0.8949044585987261 0.10509554140127389 0.8949044585987261 0.10828025477707007 0.8980891719745223 0.10828025477707007 0.8949044585987261 0.10509554140127389 0.89171974522293 0.09872611464968153 0.89171974522293 0.09554140127388536 0.8885350318471338 0.09235668789808917 0.8885350318471338 0.08598726114649681 0.8821656050955414 0.08598726114649681 0.8757961783439491 0.08280254777070063 0.8757961783439491 0.07961783439490445 0.8726114649681529 0.07006369426751592 0.8726114649681529 0.06687898089171974 0.8757961783439491 0.06050955414012739 0.8757961783439491 0.054140127388535034 0.8821656050955414 0.050955414012738856 0.8821656050955414 0.04777070063694268 0.8853503184713376 0.025477707006369428 0.8853503184713376 0.022292993630573247 0.8821656050955414 0 0.8821656050955414
1 0.10828025477707007 0.1624203821656051 0.10828025477707007 0.1751592356687898 0.10191082802547771 0.18152866242038215 0.10509554140127389 0.18471337579617833 0.10509554140127389 0.18789808917197454 0.10828025477707007 0.1910828025477707 0.10828025477707007 0.20382165605095542 0.11146496815286625 0.2070063694267516 0.11146496815286625 0.21019108280254778 0.11464968152866242 0.21337579617834396 0.11464968152866242 0.23248407643312102 0.10828025477707007 0.23885350318471338 0.10509554140127389 0.23885350318471338 0.10509554140127389 0.24203821656050956 0.10191082802547771 0.24522292993630573 0.10191082802547771 0.2484076433121019 0.09872611464968153 0.2515923566878981 0.09554140127388536 0.2515923566878981 0.09554140127388536 0.25477707006369427 0.09235668789808917 0.25796178343949044 0.09235668789808917 0.27070063694267515 0.09554140127388536 0.27388535031847133 0.09554140127388536 0.28662420382165604 0.09872611464968153 0.2898089171974522 0.09872611464968153 0.31528662420382164 0.10191082802547771 0.3184713375796178 0.10191082802547771 0.321656050955414 0.09872611464968153 0.3248407643312102 0.09872611464968153 0.32802547770700635 0.10509554140127389 0.3343949044585987 0.12101910828025478 0.3343949044585987 0.12420382165605096 0.3375796178343949 0.1305732484076433 0.3375796178343949 0.1337579617834395 0.34076433121019106 0.1337579617834395 0.34394904458598724 0.16560509554140126 0.34394904458598724 0.16878980891719744 0.34076433121019106 0.20382165605095542 0.34076433121019106 0.2070063694267516 0.3375796178343949 0.22611464968152867 0.3375796178343949 0.22929936305732485 0.3343949044585987 0.23885350318471338 0.3343949044585987 0.23885350318471338 0.32802547770700635 0.2356687898089172 0.3248407643312102 0.2356687898089172 0.31528662420382164 0.23885350318471338 0.31210191082802546 0.23885350318471338 0.3057324840764331 0.24203821656050956 0.30254777070063693 0.24203821656050956 0.28662420382165604 0.24522292993630573 0.28343949044585987 0.24522292993630573 0.27388535031847133 0.2484076433121019 0.27070063694267515 0.2484076433121019 0.267515923566879 0.2515923566878981 0.2643312101910828 0.2515923566878981 0.2515923566878981 0.25477707006369427 0.2484076433121019 0.25477707006369427 0.23248407643312102 0.2515923566878981 0.22929936305732485 0.2515923566878981 0.21656050955414013 0.2484076433121019 0.21337579617834396 0.2484076433121019 0.21019108280254778 0.24522292993630573 0.2070063694267516 0.24522292993630573 0.20382165605095542 0.2484076433121019 0.20063694267515925 0.2484076433121019 0.18789808917197454 0.24522292993630573 0.18471337579617833 0.24522292993630573 0.16560509554140126 0.23885350318471338 0.16560509554140126 0.2356687898089172 0.16878980891719744 0.23248407643312102 0.16560509554140126 0.21656050955414013 0.16560509554140126 0.21337579617834396 0.1624203821656051 0.20382165605095542 0.1624203821656051 0.20063694267515925 0.16560509554140126 0.12738853503184713 0.16560509554140126 0.12420382165605096 0.1624203821656051
1 0.11464968152866242 0.6369426751592356 0.11464968152866242 0.643312101910828 0.11146496815286625 0.6464968152866242 0.10509554140127389 0.6464968152866242 0.10509554140127389 0.6560509554140127 0.10191082802547771 0.6592356687898089 0.10191082802547771 0.6656050955414012 0.10509554140127389 0.6687898089171974 0.10509554140127389 0.6751592356687898 0.10828025477707007 0.678343949044586 0.10828025477707007 0.7197452229299363 0.11146496815286625 0.7229299363057324 0.11146496815286625 0.7261146496815286 0.11464968152866242 0.7292993630573248 0.11464968152866242 0.732484076433121 0.1178343949044586 0.7356687898089171 0.1178343949044586 0.7388535031847133 0.12101910828025478 0.7388535031847133 0.12420382165605096 0.7420382165605095 0.12420382165605096 0.7452229299363057 0.12738853503184713 0.7484076433121019 0.1305732484076433 0.7484076433121019 0.1337579617834395 0.7515923566878981 0.13694267515923567 0.7515923566878981 0.14331210191082802 0.7579617834394905 0.14331210191082802 0.767515923566879 0.14012738853503184 0.7707006369426752 0.1337579617834395 0.7707006369426752 0.1305732484076433 0.767515923566879 0.12738853503184713 0.767515923566879 0.12420382165605096 0.7643312101910829 0.12101910828025478 0.7643312101910829 0.1178343949044586 0.7611464968152867 0.1178343949044586 0.7579617834394905 0.11464968152866242 0.7579617834394905 0.11464968152866242 0.7611464968152867 0.1178343949044586 0.7643312101910829 0.1178343949044586 0.767515923566879 0.12101910828025478 0.7707006369426752 0.12101910828025478 0.7770700636942676 0.12420382165605096 0.7738853503184714 0.1305732484076433 0.7738853503184714 0.1337579617834395 0.7770700636942676 0.1337579617834395 0.7866242038216561 0.12738853503184713 0.7929936305732485 0.12738853503184713 0.7993630573248408 0.1305732484076433 0.802547770700637 0.1305732484076433 0.8152866242038217 0.13694267515923567 0.821656050955414 0.13694267515923567 0.8280254777070064 0.14012738853503184 0.8280254777070064 0.14331210191082802 0.8248407643312102 0.1592356687898089 0.8248407643312102 0.1624203821656051 0.8280254777070064 0.1751592356687898 0.8280254777070064 0.17834394904458598 0.8312101910828026 0.18471337579617833 0.8312101910828026 0.18789808917197454 0.8280254777070064 0.20063694267515925 0.8280254777070064 0.21019108280254778 0.8184713375796179 0.2197452229299363 0.8184713375796179 0.2229299363057325 0.8152866242038217 0.23248407643312102 0.8152866242038217 0.2356687898089172 0.8121019108280255 0.23885350318471338 0.8121019108280255 0.24203821656050956 0.8089171974522293 0.24522292993630573 0.8089171974522293 0.24522292993630573 0.802547770700637 0.2484076433121019 0.7993630573248408 0.2484076433121019 0.7929936305732485 0.2515923566878981 0.7898089171974523 0.2515923566878981 0.767515923566879 0.25477707006369427 0.7643312101910829 0.25477707006369427 0.7484076433121019 0.2515923566878981 0.7452229299363057 0.2515923566878981 0.7261146496815286 0.2484076433121019 0.7229299363057324 0.2484076433121019 0.643312101910828 0.1305732484076433 0.643312101910828 0.12738853503184713 0.6401273885350318 0.1178343949044586 0.6401273885350318
1 0.09554140127388536 0.410828025477707 0.09235668789808917 0.4140127388535032 0.03184713375796178 0.4140127388535032 0.028662420382165606 0.4171974522292994 0.01910828025477707 0.4171974522292994 0.01592356687898089 0.42038216560509556 0.009554140127388535 0.42038216560509556 0.006369426751592357 0.42356687898089174 0.0031847133757961785 0.42356687898089174 0 0.4267515923566879 0 0.5987261146496815 0.01592356687898089 0.5987261146496815 0.01910828025477707 0.5955414012738853 0.07006369426751592 0.5955414012738853 0.0732484076433121 0.5923566878980892 0.08280254777070063 0.5923566878980892 0.07961783439490445 0.589171974522293 0.07961783439490445 0.5732484076433121 0.08598726114649681 0.5668789808917197 0.08598726114649681 0.5636942675159236 0.09235668789808917 0.5573248407643312 0.09235668789808917 0.535031847133758 0.08598726114649681 0.5286624203821656 0.08598726114649681 0.5191082802547771 0.08917197452229299 0.5159235668789809 0.08917197452229299 0.5063694267515924 0.08598726114649681 0.5031847133757962 0.08598726114649681 0.4681528662420382 0.09235668789808917 0.46178343949044587 0.09235668789808917 0.44904458598726116 0.08598726114649681 0.4426751592356688 0.08598726114649681 0.42356687898089174 0.09235668789808917 0.4171974522292994 0.09554140127388536 0.4171974522292994
1 0.08917197452229299 0.16560509554140126 0.08598726114649681 0.16560509554140126 0.08598726114649681 0.16878980891719744 0.07961783439490445 0.1751592356687898 0.06369426751592357 0.1751592356687898 0.06050955414012739 0.17197452229299362 0.022292993630573247 0.17197452229299362 0.01910828025477707 0.1751592356687898 0 0.1751592356687898 0 0.3503184713375796 0.01910828025477707 0.3503184713375796 0.022292993630573247 0.3471337579617834 0.08917197452229299 0.3471337579617834 0.08917197452229299 0.3343949044585987 0.08598726114649681 0.33121019108280253 0.08598726114649681 0.32802547770700635 0.08917197452229299 0.3248407643312102 0.08917197452229299 0.321656050955414 0.08598726114649681 0.321656050955414 0.0732484076433121 0.3089171974522293 0.0732484076433121 0.3057324840764331 0.07006369426751592 0.30254777070063693 0.07006369426751592 0.2643312101910828 0.0732484076433121 0.2611464968152866 0.0732484076433121 0.25796178343949044 0.07961783439490445 0.2515923566878981 0.08280254777070063 0.2515923566878981 0.08280254777070063 0.2484076433121019 0.08598726114649681 0.24522292993630573 0.08598726114649681 0.23248407643312102 0.08917197452229299 0.22929936305732485 0.08598726114649681 0.22611464968152867 0.08598726114649681 0.17197452229299362 0.08917197452229299 0.16878980891719744
1 0 0.7420382165605095 0 0.8184713375796179 0.022292993630573247 0.8184713375796179 0.025477707006369428 0.821656050955414 0.054140127388535034 0.821656050955414 0.06050955414012739 0.8280254777070064 0.09235668789808917 0.8280254777070064 0.09235668789808917 0.8248407643312102 0.09554140127388536 0.821656050955414 0.09554140127388536 0.8184713375796179 0.09872611464968153 0.8152866242038217 0.10509554140127389 0.8152866242038217 0.10509554140127389 0.8089171974522293 0.09872611464968153 0.802547770700637 0.09872611464968153 0.7866242038216561 0.09235668789808917 0.7802547770700637 0.09235668789808917 0.7770700636942676 0.08917197452229299 0.7738853503184714 0.08917197452229299 0.767515923566879 0.08598726114649681 0.7643312101910829 0.08598726114649681 0.7547770700636943 0.08280254777070063 0.7547770700636943 0.07961783439490445 0.7515923566878981 0.06050955414012739 0.7515923566878981 0.05732484076433121 0.7547770700636943 0.04777070063694268 0.7547770700636943 0.044585987261146494 0.7515923566878981 0.012738853503184714 0.7515923566878981 0.009554140127388535 0.7484076433121019 0.006369426751592357 0.7484076433121019
1 0.09554140127388536 0.6401273885350318 0.09235668789808917 0.6401273885350318 0.08917197452229299 0.643312101910828 0.06369426751592357 0.643312101910828 0.06050955414012739 0.6464968152866242 0.044585987261146494 0.6464968152866242 0.044585987261146494 0.6496815286624203 0.041401273885350316 0.6528662420382165 0.025477707006369428 0.6528662420382165 0.022292993630573247 0.6496815286624203 0.022292993630573247 0.6464968152866242 0.009554140127388535 0.6464968152866242 0.009554140127388535 0.6496815286624203 0.006369426751592357 0.6528662420382165 0 0.6528662420382165 0 0.7292993630573248 0.006369426751592357 0.7292993630573248 0.009554140127388535 0.732484076433121 0.01592356687898089 0.732484076433121 0.01910828025477707 0.7356687898089171 0.044585987261146494 0.7356687898089171 0.04777070063694268 0.7388535031847133 0.06050955414012739 0.7388535031847133 0.06369426751592357 0.7356687898089171 0.08598726114649681 0.7356687898089171 0.08280254777070063 0.7356687898089171 0.07961783439490445 0.732484076433121 0.07643312101910828 0.732484076433121 0.07006369426751592 0.7261146496815286 0.050955414012738856 0.7261146496815286 0.04777070063694268 0.7229299363057324 0.03503184713375796 0.7229299363057324 0.03184713375796178 0.7197452229299363 0.03184713375796178 0.7165605095541401 0.01910828025477707 0.7165605095541401 0.01592356687898089 0.7133757961783439 0.012738853503184714 0.7133757961783439 0.009554140127388535 0.7101910828025477 0.009554140127388535 0.697452229299363 0.012738853503184714 0.6942675159235668 0.028662420382165606 0.6942675159235668 0.03184713375796178 0.697452229299363 0.03503184713375796 0.697452229299363 0.044585987261146494 0.7070063694267515 0.0732484076433121 0.7070063694267515 0.07961783439490445 0.7133757961783439 0.08280254777070063 0.7133757961783439 0.08280254777070063 0.7006369426751592 0.07961783439490445 0.697452229299363 0.07961783439490445 0.6942675159235668 0.07643312101910828 0.6910828025477707 0.07643312101910828 0.678343949044586 0.07961783439490445 0.6751592356687898 0.07961783439490445 0.6719745222929936 0.08280254777070063 0.6687898089171974 0.08280254777070063 0.6624203821656051 0.08598726114649681 0.6592356687898089 0.08598726114649681 0.6528662420382165 0.08917197452229299 0.6496815286624203 0.09235668789808917 0.6496815286624203 0.09235668789808917 0.643312101910828
1 0.2929936305732484 0.9554140127388535 0.28343949044585987 0.9554140127388535 0.2802547770700637 0.9585987261146497 0.2802547770700637 0.9681528662420382 0.2770700636942675 0.9713375796178344 0.2770700636942675 0.9745222929936306 0.27388535031847133 0.9777070063694268 0.27388535031847133 0.9808917197452229 0.27070063694267515 0.9840764331210191 0.267515923566879 0.9840764331210191 0.2611464968152866 0.9904458598726115 0.25796178343949044 0.9904458598726115 0.25796178343949044 0.9936305732484076 0.25477707006369427 0.9968152866242038 0.3057324840764331 0.9968152866242038 0.3057324840764331 0.9936305732484076 0.30254777070063693 0.9904458598726115 0.30254777070063693 0.9808917197452229 0.29936305732484075 0.9777070063694268 0.29936305732484075 0.9745222929936306 0.2961783439490446 0.9713375796178344 0.2961783439490446 0.9617834394904459 0.2929936305732484 0.9585987261146497
2 0.08280254777070063 0.006369426751592357 0.08280254777070063 0.025477707006369428 0.08598726114649681 0.03184713375796178 0.07961783439490445 0.03821656050955414 0.07961783439490445 0.050955414012738856 0.08598726114649681 0.05732484076433121 0.08598726114649681 0.07006369426751592 0.09235668789808917 0.08280254777070063 0.09235668789808917 0.10191082802547771 0.09554140127388536 0.10509554140127389 0.08917197452229299 0.11146496815286625 0.08917197452229299 0.12420382165605096 0.09235668789808917 0.12738853503184713 0.08917197452229299 0.1305732484076433 0.08917197452229299 0.15286624203821655 0.09235668789808917 0.15605095541401273 0.09235668789808917 0.16878980891719744 0.08917197452229299 0.17197452229299362 0.08917197452229299 0.22611464968152867 0.09235668789808917 0.22929936305732485 0.08917197452229299 0.23248407643312102 0.08917197452229299 0.24522292993630573 0.08598726114649681 0.2515923566878981 0.07961783439490445 0.25477707006369427 0.0732484076433121 0.2643312101910828 0.0732484076433121 0.30254777070063693 0.07643312101910828 0.3089171974522293 0.08598726114649681 0.3184713375796178 0.09235668789808917 0.321656050955414 0.08917197452229299 0.32802547770700635 0.09235668789808917 0.3343949044585987 0.09235668789808917 0.35987261146496813 0.09872611464968153 0.3630573248407643 0.09872611464968153 0.36942675159235666 0.10191082802547771 0.37261146496815284 0.10191082802547771 0.3821656050955414 0.09554140127388536 0.3885350318471338 0.09554140127388536 0.40764331210191085 0.09872611464968153 0.410828025477707 0.09872611464968153 0.4171974522292994 0.08917197452229299 0.42356687898089174 0.08917197452229299 0.4426751592356688 0.09554140127388536 0.44904458598726116 0.09554140127388536 0.46178343949044587 0.08917197452229299 0.4681528662420382 0.08917197452229299 0.5031847133757962 0.09235668789808917 0.5063694267515924 0.08917197452229299 0.5286624203821656 0.09554140127388536 0.535031847133758 0.09554140127388536 0.5573248407643312 0.08280254777070063 0.5732484076433121 0.08280254777070063 0.589171974522293 0.09554140127388536 0.5955414012738853 0.09554140127388536 0.6210191082802548 0.10191082802547771 0.6337579617834395 0.09554140127388536 0.643312101910828 0.09554140127388536 0.6496815286624203 0.08917197452229299 0.6528662420382165 0.08598726114649681 0.6687898089171974 0.07961783439490445 0.678343949044586 0.07961783439490445 0.6910828025477707 0.08598726114649681 0.7006369426751592 0.08598726114649681 0.7133757961783439 0.08280254777070063 0.7165605095541401 0.07961783439490445 0.7165605095541401 0.0732484076433121 0.7101910828025477 0.044585987261146494 0.7101910828025477 0.03503184713375796 0.7006369426751592 0.028662420382165606 0.697452229299363 0.012738853503184714 0.697452229299363 0.012738853503184714 0.7101910828025477 0.01910828025477707 0.7133757961783439 0.03184713375796178 0.7133757961783439 0.03503184713375796 0.7197452229299363 0.04777070063694268 0.7197452229299363 0.050955414012738856 0.7229299363057324 0.07006369426751592 0.7229299363057324 0.07643312101910828 0.7292993630573248 0.08917197452229299 0.7356687898089171 0.08598726114649681 0.7388535031847133 0.06369426751592357 0.7388535031847133 0.06050955414012739 0.7420382165605095 0.04777070063694268 0.7420382165605095 0.044585987261146494 0.7388535031847133 0.01910828025477707 0.7388535031847133 0.01592356687898089 0.7356687898089171 0 0.732484076433121 0 0.7388535031847133 0.012738853503184714 0.7484076433121019 0.044585987261146494 0.7484076433121019 0.04777070063694268 0.7515923566878981 0.05732484076433121 0.7515923566878981 0.06050955414012739 0.7484076433121019 0.07961783439490445 0.7484076433121019 0.08917197452229299 0.7547770700636943 0.08917197452229299 0.7643312101910829 0.09235668789808917 0.767515923566879 0.09235668789808917 0.7738853503184714 0.10191082802547771 0.7866242038216561 0.10191082802547771 0.802547770700637 0.10828025477707007 0.8089171974522293 0.10828025477707007 0.8152866242038217 0.10509554140127389 0.8184713375796179 0.09872611464968153 0.8184713375796179 0.09235668789808917 0.8312101910828026 0.09235668789808917 0.8598726114649682 0.08917197452229299 0.8630573248407644 0.08917197452229299 0.8821656050955414 0.09872611464968153 0.8885350318471338 0.10509554140127389 0.8885350318471338 0.11146496815286625 0.8949044585987261 0.11146496815286625 0.8980891719745223 0.10828025477707007 0.9012738853503185 0.10509554140127389 0.8980891719745223 0.09554140127388536 0.8980891719745223 0.09554140127388536 0.9044585987261147 0.10191082802547771 0.9044585987261147 0.10509554140127389 0.9076433121019108 0.11464968152866242 0.9012738853503185 0.12101910828025478 0.9012738853503185 0.1305732484076433 0.9076433121019108 0.1337579617834395 0.9235668789808917 0.1464968152866242 0.9235668789808917 0.14968152866242038 0.9267515923566879 0.14968152866242038 0.9331210191082803 0.15605095541401273 0.9426751592356688 0.15605095541401273 0.9522292993630573 0.1624203821656051 0.9522292993630573 0.16560509554140126 0.9554140127388535 0.16560509554140126 0.9617834394904459 0.16878980891719744 0.9617834394904459 0.17834394904458598 0.9745222929936306 0.18789808917197454 0.9745222929936306 0.19745222929936307 0.9840764331210191 0.21019108280254778 0.9904458598726115 0.2229299363057325 0.9904458598726115 0.22611464968152867 0.9872611464968153 0.22611464968152867 0.9681528662420382 0.2070063694267516 0.9554140127388535 0.1910828025477707 0.9522292993630573 0.18152866242038215 0.9394904458598726 0.18152866242038215 0.9363057324840764 0.1751592356687898 0.9299363057324841 0.16878980891719744 0.9299363057324841 0.1592356687898089 0.9235668789808917 0.14968152866242038 0.9235668789808917 0.14331210191082802 0.910828025477707 0.13694267515923567 0.9044585987261147 0.12420382165605096 0.8980891719745223 0.12420382165605096 0.8821656050955414 0.12101910828025478 0.8821656050955414 0.10828025477707007 0.8726114649681529 0.11146496815286625 0.8662420382165605 0.11146496815286625 0.8503184713375797 0.10828025477707007 0.8471337579617835 0.10828025477707007 0.8375796178343949 0.11464968152866242 0.8312101910828026 0.1305732484076433 0.8312101910828026 0.1337579617834395 0.8280254777070064 0.1337579617834395 0.821656050955414 0.12738853503184713 0.8152866242038217 0.12738853503184713 0.802547770700637 0.12420382165605096 0.7993630573248408 0.12420382165605096 0.7929936305732485 0.1305732484076433 0.7866242038216561 0.1305732484076433 0.7770700636942676 0.12420382165605096 0.7770700636942676 0.12101910828025478 0.7802547770700637 0.1178343949044586 0.7770700636942676 0.1178343949044586 0.7707006369426752 0.11146496815286625 0.7579617834394905 0.1178343949044586 0.7547770700636943 0.12101910828025478 0.7611464968152867 0.1337579617834395 0.767515923566879 0.14012738853503184 0.767515923566879 0.14012738853503184 0.7579617834394905 0.12738853503184713 0.7515923566878981 0.12101910828025478 0.7452229299363057 0.12101910828025478 0.7420382165605095 0.11464968152866242 0.7388535031847133 0.10509554140127389 0.7197452229299363 0.10509554140127389 0.678343949044586 0.09872611464968153 0.6656050955414012 0.09872611464968153 0.6592356687898089 0.10191082802547771 0.6560509554140127 0.10191082802547771 0.6464968152866242 0.10509554140127389 0.643312101910828 0.11146496815286625 0.643312101910828 0.11146496815286625 0.6369426751592356 0.1178343949044586 0.6305732484076433 0.1178343949044586 0.6178343949044586 0.11146496815286625 0.60828025477707 0.11146496815286625 0.5923566878980892 0.10191082802547771 0.5796178343949044 0.10191082802547771 0.5668789808917197 0.10509554140127389 0.5636942675159236 0.10509554140127389 0.5382165605095541 0.09872611464968153 0.5254777070063694 0.10191082802547771 0.5222929936305732 0.10191082802547771 0.5127388535031847 0.10828025477707007 0.5063694267515924 0.10828025477707007 0.4968152866242038 0.10191082802547771 0.49044585987261147 0.10191082802547771 0.4745222929936306 0.10828025477707007 0.4681528662420382 0.10828025477707007 0.4554140127388535 0.10191082802547771 0.44904458598726116 0.10191082802547771 0.43630573248407645 0.10509554140127389 0.43312101910828027 0.10509554140127389 0.42356687898089174 0.11146496815286625 0.42038216560509556 0.11146496815286625 0.40445859872611467 0.1305732484076433 0.3885350318471338 0.1305732484076433 0.37579617834394907 0.12101910828025478 0.3662420382165605 0.1305732484076433 0.3535031847133758 0.1305732484076433 0.34076433121019106 0.12420382165605096 0.34076433121019106 0.12101910828025478 0.3375796178343949 0.10509554140127389 0.3375796178343949 0.09554140127388536 0.32802547770700635 0.09872611464968153 0.3184713375796178 0.09554140127388536 0.31528662420382164 0.09554140127388536 0.2898089171974522 0.09235668789808917 0.28662420382165604 0.08917197452229299 0.25796178343949044 0.09235668789808917 0.2515923566878981 0.09872611464968153 0.2484076433121019 0.10191082802547771 0.23885350318471338 0.11146496815286625 0.23248407643312102 0.11146496815286625 0.21337579617834396 0.10509554140127389 0.20382165605095542 0.10509554140127389 0.1910828025477707 0.09872611464968153 0.18152866242038215 0.10509554140127389 0.1751592356687898 0.10509554140127389 0.1592356687898089 0.10828025477707007 0.15605095541401273 0.10828025477707007 0.13694267515923567 0.11146496815286625 0.1337579617834395 0.1337579617834395 0.1337579617834395 0.13694267515923567 0.12738853503184713 0.13694267515923567 0.1178343949044586 0.12420382165605096 0.11146496815286625 0.11146496815286625 0.11146496815286625 0.10828025477707007 0.10509554140127389 0.09872611464968153 0.09554140127388536 0.09872611464968153 0.09235668789808917 0.10509554140127389 0.08598726114649681 0.10509554140127389 0.0732484076433121 0.09872611464968153 0.06369426751592357 0.09872611464968153 0.03503184713375796 0.10191082802547771 0.03184713375796178 0.10191082802547771 0.025477707006369428 0.09235668789808917 0.006369426751592357
2 0.321656050955414 0.8853503184713376 0.31210191082802546 0.8853503184713376 0.3089171974522293 0.8885350318471338 0.3057324840764331 0.8885350318471338 0.30254777070063693 0.89171974522293 0.29936305732484075 0.89171974522293 0.2961783439490446 0.8949044585987261 0.2961783439490446 0.8980891719745223 0.2898089171974522 0.9044585987261147 0.2898089171974522 0.910828025477707 0.2929936305732484 0.9140127388535032 0.2929936305732484 0.9235668789808917 0.2898089171974522 0.9267515923566879 0.2898089171974522 0.9299363057324841 0.28662420382165604 0.9331210191082803 0.28662420382165604 0.9363057324840764 0.2802547770700637 0.9426751592356688 0.2770700636942675 0.9426751592356688 0.27070063694267515 0.9490445859872612 0.27070063694267515 0.9585987261146497 0.2643312101910828 0.964968152866242 0.2643312101910828 0.9713375796178344 0.2611464968152866 0.9745222929936306 0.25796178343949044 0.9745222929936306 0.2515923566878981 0.9808917197452229 0.2515923566878981 0.9840764331210191 0.2484076433121019 0.9872611464968153 0.2484076433121019 0.9904458598726115 0.24522292993630573 0.9936305732484076 0.24522292993630573 0.9968152866242038 0.2515923566878981 0.9968152866242038 0.25477707006369427 0.9936305732484076 0.25477707006369427 0.9904458598726115 0.25796178343949044 0.9872611464968153 0.2611464968152866 0.9872611464968153 0.267515923566879 0.9808917197452229 0.27070063694267515 0.9808917197452229 0.27070063694267515 0.9777070063694268 0.27388535031847133 0.9745222929936306 0.27388535031847133 0.9713375796178344 0.2770700636942675 0.9681528662420382 0.2770700636942675 0.9585987261146497 0.28343949044585987 0.9522292993630573 0.2929936305732484 0.9522292993630573 0.2961783439490446 0.9554140127388535 0.2961783439490446 0.9585987261146497 0.29936305732484075 0.9617834394904459 0.29936305732484075 0.9713375796178344 0.30254777070063693 0.9745222929936306 0.30254777070063693 0.9777070063694268 0.3057324840764331 0.9808917197452229 0.3057324840764331 0.9904458598726115 0.3089171974522293 0.9936305732484076 0.3089171974522293 0.9968152866242038 0.3184713375796178 0.9968152866242038 0.31528662420382164 0.9936305732484076 0.31528662420382164 0.9808917197452229 0.31210191082802546 0.9777070063694268 0.31210191082802546 0.9713375796178344 0.3089171974522293 0.9681528662420382 0.3089171974522293 0.9522292993630573 0.3057324840764331 0.9490445859872612 0.3057324840764331 0.945859872611465 0.30254777070063693 0.9426751592356688 0.3057324840764331 0.9394904458598726 0.3057324840764331 0.9299363057324841 0.3089171974522293 0.9267515923566879 0.3089171974522293 0.9076433121019108 0.31210191082802546 0.9044585987261147 0.31210191082802546 0.8949044585987261 0.31528662420382164 0.89171974522293 0.321656050955414 0.89171974522293
2 0.732484076433121 0.5668789808917197 0.732484076433121 0.5732484076433121 0.7802547770700637 0.5732484076433121 0.7834394904458599 0.5764331210191083 0.7929936305732485 0.5764331210191083 0.7961783439490446 0.5732484076433121 0.802547770700637 0.5732484076433121 0.8057324840764332 0.5764331210191083 0.8121019108280255 0.5764331210191083 0.8152866242038217 0.5796178343949044 0.8248407643312102 0.5796178343949044 0.8280254777070064 0.5828025477707006 0.8343949044585988 0.5828025477707006 0.8375796178343949 0.5859872611464968 0.8407643312101911 0.5859872611464968 0.8439490445859873 0.5828025477707006 0.8471337579617835 0.5859872611464968 0.8503184713375797 0.5859872611464968 0.8535031847133758 0.589171974522293 0.8598726114649682 0.589171974522293 0.8630573248407644 0.5923566878980892 0.8662420382165605 0.5923566878980892 0.8694267515923567 0.5955414012738853 0.8726114649681529 0.5955414012738853 0.8757961783439491 0.5987261146496815 0.8821656050955414 0.5987261146496815 0.8821656050955414 0.5923566878980892 0.8789808917197452 0.589171974522293 0.8757961783439491 0.589171974522293 0.8694267515923567 0.5828025477707006 0.8630573248407644 0.5828025477707006 0.8598726114649682 0.5796178343949044 0.8535031847133758 0.5796178343949044 0.8503184713375797 0.5764331210191083 0.8471337579617835 0.5764331210191083 0.8439490445859873 0.5732484076433121 0.8407643312101911 0.5732484076433121 0.8375796178343949 0.5764331210191083 0.8343949044585988 0.5732484076433121 0.8248407643312102 0.5732484076433121 0.821656050955414 0.5700636942675159 0.8121019108280255 0.5700636942675159 0.8089171974522293 0.5668789808917197 0.7611464968152867 0.5668789808917197 0.7579617834394905 0.5636942675159236 0.7420382165605095 0.5636942675159236 0.7388535031847133 0.5668789808917197
2 0.9777070063694268 0.2197452229299363 0.9777070063694268 0.22611464968152867 0.9808917197452229 0.22929936305732485 0.9808917197452229 0.23248407643312102 0.9904458598726115 0.24203821656050956 0.9872611464968153 0.24522292993630573 0.9872611464968153 0.2515923566878981 0.9840764331210191 0.25477707006369427 0.9840764331210191 0.2643312101910828 0.9808917197452229 0.267515923566879 0.9777070063694268 0.267515923566879 0.9745222929936306 0.27070063694267515 0.9681528662420382 0.27070063694267515 0.964968152866242 0.27388535031847133 0.9617834394904459 0.27070063694267515 0.9554140127388535 0.27070063694267515 0.9554140127388535 0.2802547770700637 0.9585987261146497 0.28343949044585987 0.964968152866242 0.28343949044585987 0.9681528662420382 0.28662420382165604 0.9713375796178344 0.28662420382165604 0.9745222929936306 0.2898089171974522 0.9872611464968153 0.2898089171974522 0.9904458598726115 0.2929936305732484 0.9904458598726115 0.31528662420382164 0.9936305732484076 0.3184713375796178 0.9968152866242038 0.3184713375796178 0.9968152866242038 0.28662420382165604 0.9904458598726115 0.2802547770700637 0.9872611464968153 0.2802547770700637 0.9840764331210191 0.2770700636942675 0.9840764331210191 0.27388535031847133 0.9872611464968153 0.27070063694267515 0.9904458598726115 0.27070063694267515 0.9904458598726115 0.267515923566879 0.9936305732484076 0.2643312101910828 0.9936305732484076 0.25796178343949044 0.9968152866242038 0.25477707006369427 0.9968152866242038 0.2356687898089172 0.9872611464968153 0.22611464968152867 0.9872611464968153 0.2229299363057325 0.9840764331210191 0.2197452229299363