0 0.30564784053156147 0.4219269102990033 0.30564784053156147 0.42857142857142855 0.3089700996677741 0.4318936877076412 0.3089700996677741 0.43853820598006643 0.3122923588039867 0.4418604651162791 0.3122923588039867 0.5016611295681063 0.3089700996677741 0.5049833887043189 0.3089700996677741 0.521594684385382 0.30564784053156147 0.5249169435215947 0.30564784053156147 0.5348837209302325 0.3089700996677741 0.5382059800664452 0.3089700996677741 0.5448504983388704 0.3122923588039867 0.5481727574750831 0.3122923588039867 0.5548172757475083 0.3089700996677741 0.5581395348837209 0.3089700996677741 0.574750830564784 0.3122923588039867 0.5780730897009967 0.3122923588039867 0.6046511627906976 0.31561461794019935 0.6079734219269103 0.34219269102990035 0.6079734219269103 0.34551495016611294 0.6112956810631229 0.42524916943521596 0.6112956810631229 0.42857142857142855 0.6079734219269103 0.5348837209302325 0.6079734219269103 0.5382059800664452 0.6112956810631229 0.5448504983388704 0.6112956810631229 0.5481727574750831 0.6146179401993356 0.5681063122923588 0.6146179401993356 0.5714285714285714 0.6112956810631229 0.5780730897009967 0.6112956810631229 0.5813953488372093 0.6079734219269103 0.6179401993355482 0.6079734219269103 0.6212624584717608 0.6112956810631229 0.6312292358803987 0.6112956810631229 0.6345514950166113 0.6079734219269103 0.6511627906976745 0.6079734219269103 0.654485049833887 0.6046511627906976 0.7009966777408638 0.6046511627906976 0.7043189368770764 0.6079734219269103 0.7342192691029901 0.6079734219269103 0.7375415282392026 0.6112956810631229 0.7940199335548173 0.6112956810631229 0.7973421926910299 0.6146179401993356 0.8205980066445183 0.6146179401993356 0.8239202657807309 0.6179401993355482 0.8305647840531561 0.6179401993355482 0.8338870431893688 0.6146179401993356 0.840531561461794 0.6146179401993356 0.8438538205980066 0.6112956810631229 0.8504983388704319 0.6112956810631229 0.8538205980066446 0.6079734219269103 0.8604651162790697 0.6079734219269103 0.8637873754152824 0.6046511627906976 0.9136212624584718 0.6046511627906976 0.9169435215946844 0.6079734219269103 0.9235880398671097 0.6079734219269103 0.9269102990033222 0.6112956810631229 0.9435215946843853 0.6112956810631229 0.9435215946843853 0.5980066445182725 0.9401993355481728 0.5946843853820598 0.9401993355481728 0.5548172757475083 0.9435215946843853 0.5514950166112956 0.9435215946843853 0.5448504983388704 0.946843853820598 0.5415282392026578 0.946843853820598 0.5382059800664452 0.9435215946843853 0.5348837209302325 0.9435215946843853 0.5282392026578073 0.9401993355481728 0.5249169435215947 0.9401993355481728 0.5182724252491694 0.9368770764119602 0.5149501661129569 0.9368770764119602 0.5116279069767442 0.9401993355481728 0.5083056478405316 0.9401993355481728 0.4717607973421927 0.9368770764119602 0.4684385382059801 0.9368770764119602 0.46179401993355484 0.9401993355481728 0.4584717607973422 0.9401993355481728 0.45514950166112955 0.9368770764119602 0.45182724252491696 0.9368770764119602 0.42857142857142855 0.9401993355481728 0.42524916943521596 0.9401993355481728 0.4219269102990033 0.9368770764119602 0.4219269102990033 0.9335548172757475 0.4186046511627907 0.9102990033222591 0.4186046511627907 0.9069767441860465 0.4219269102990033 0.9036544850498339 0.4219269102990033 0.9003322259136213 0.4186046511627907 0.8803986710963455 0.4186046511627907 0.8770764119601329 0.4219269102990033 0.8737541528239202 0.4219269102990033 0.8704318936877077 0.4186046511627907 0.7973421926910299 0.4186046511627907 0.7940199335548173 0.4152823920265781 0.7906976744186046 0.4152823920265781 0.7873754152823921 0.4186046511627907 0.7441860465116279 0.4186046511627907 0.7408637873754153 0.4152823920265781 0.6378737541528239 0.4152823920265781 0.6345514950166113 0.4186046511627907 0.627906976744186 0.4186046511627907 0.6245847176079734 0.4219269102990033 0.6112956810631229 0.4219269102990033 0.6079734219269103 0.4186046511627907 0.5913621262458472 0.4186046511627907 0.5880398671096345 0.4152823920265781 0.574750830564784 0.4152823920265781 0.5714285714285714 0.4186046511627907 0.5647840531561462 0.4186046511627907 0.5614617940199336 0.4219269102990033 0.5182724252491694 0.4219269102990033 0.5149501661129569 0.4186046511627907 0.4950166112956811 0.4186046511627907 0.49169435215946844 0.4219269102990033 0.44518272425249167 0.4219269102990033 0.4418604651162791 0.4186046511627907 0.4318936877076412 0.4186046511627907 0.42857142857142855 0.4152823920265781 0.38205980066445183 0.4152823920265781 0.3787375415282392 0.4186046511627907 0.37209302325581395 0.4186046511627907 0.3687707641196013 0.4219269102990033 0.3222591362126246 0.4219269102990033 0.31893687707641194 0.4186046511627907 0.3089700996677741 0.4186046511627907
0 0.29900332225913623 0 0.29900332225913623 0.026578073089700997 0.2956810631229236 0.029900332225913623 0.2956810631229236 0.04318936877076412 0.292358803986711 0.046511627906976744 0.292358803986711 0.08305647840531562 0.2956810631229236 0.08637873754152824 0.2956810631229236 0.10963455149501661 0.29900332225913623 0.11295681063122924 0.3388704318936877 0.11295681063122924 0.34219269102990035 0.11627906976744186 0.3687707641196013 0.11627906976744186 0.37209302325581395 0.11960132890365449 0.3754152823920266 0.11960132890365449 0.3787375415282392 0.11627906976744186 0.4318936877076412 0.11627906976744186 0.43521594684385384 0.11960132890365449 0.45514950166112955 0.11960132890365449 0.4584717607973422 0.12292358803986711 0.5714285714285714 0.12292358803986711 0.574750830564784 0.12624584717607973 0.6046511627906976 0.12624584717607973 0.6079734219269103 0.12292358803986711 0.627906976744186 0.12292358803986711 0.6312292358803987 0.11960132890365449 0.654485049833887 0.11960132890365449 0.6578073089700996 0.11627906976744186 0.6910299003322259 0.11627906976744186 0.6943521594684385 0.11960132890365449 0.7009966777408638 0.11960132890365449 0.7043189368770764 0.12292358803986711 0.707641196013289 0.12292358803986711 0.7109634551495017 0.12624584717607973 0.7209302325581395 0.12624584717607973 0.7242524916943521 0.12956810631229235 0.7275747508305648 0.12956810631229235 0.7308970099667774 0.12624584717607973 0.7375415282392026 0.12624584717607973 0.7408637873754153 0.12292358803986711 0.7441860465116279 0.12624584717607973 0.7541528239202658 0.12624584717607973 0.7574750830564784 0.12292358803986711 0.7641196013289037 0.12292358803986711 0.7674418604651163 0.11960132890365449 0.7774086378737541 0.11960132890365449 0.7807308970099668 0.11627906976744186 0.7973421926910299 0.11627906976744186 0.8006644518272426 0.11295681063122924 0.8305647840531561 0.11295681063122924 0.8338870431893688 0.11627906976744186 0.8538205980066446 0.11627906976744186 0.8571428571428571 0.11960132890365449 0.8837209302325582 0.11960132890365449 0.8870431893687708 0.12292358803986711 0.9302325581395349 0.12292358803986711 0.9368770764119602 0.11627906976744186 0.9368770764119602 0.08970099667774087 0.9401993355481728 0.08637873754152824 0.9401993355481728 0.08305647840531562 0.9368770764119602 0.07973421926910298 0.9368770764119602 0.05647840531561462 0.9335548172757475 0.053156146179401995 0.9335548172757475 0.046511627906976744 0.9302325581395349 0.04318936877076412 0.9302325581395349 0.026578073089700997 0.9335548172757475 0.023255813953488372 0.9335548172757475 0.016611295681063124 0.9368770764119602 0.013289036544850499 0.9368770764119602 0.0033222591362126247 0.9401993355481728 0
0 0.4684385382059801 0.17940199335548174 0.4684385382059801 0.19269102990033224 0.4717607973421927 0.19601328903654486 0.4717607973421927 0.23920265780730898 0.4684385382059801 0.2425249169435216 0.4684385382059801 0.2558139534883721 0.46511627906976744 0.2591362126245847 0.46511627906976744 0.2691029900332226 0.46179401993355484 0.2724252491694352 0.46179401993355484 0.2857142857142857 0.46511627906976744 0.28903654485049834 0.46511627906976744 0.3023255813953488 0.4684385382059801 0.30564784053156147 0.4684385382059801 0.31561461794019935 0.4717607973421927 0.31893687707641194 0.4717607973421927 0.33222591362126247 0.4684385382059801 0.33554817275747506 0.4684385382059801 0.3388704318936877 0.46511627906976744 0.34219269102990035 0.46511627906976744 0.3521594684385382 0.4684385382059801 0.3554817275747508 0.4684385382059801 0.3588039867109635 0.4717607973421927 0.36212624584717606 0.4717607973421927 0.3687707641196013 0.4883720930232558 0.3687707641196013 0.49169435215946844 0.37209302325581395 0.5016611295681063 0.37209302325581395 0.5049833887043189 0.3754152823920266 0.5149501661129569 0.3754152823920266 0.5182724252491694 0.37209302325581395 0.5249169435215947 0.37209302325581395 0.5282392026578073 0.3687707641196013 0.5581395348837209 0.3687707641196013 0.5614617940199336 0.37209302325581395 0.5780730897009967 0.37209302325581395 0.5813953488372093 0.3687707641196013 0.5980066445182725 0.3687707641196013 0.6013289036544851 0.37209302325581395 0.6179401993355482 0.37209302325581395 0.6245847176079734 0.3654485049833887 0.6312292358803987 0.3654485049833887 0.6345514950166113 0.36212624584717606 0.6611295681063123 0.36212624584717606 0.6644518272425249 0.3654485049833887 0.6710963455149501 0.3654485049833887 0.6744186046511628 0.3687707641196013 0.6810631229235881 0.3687707641196013 0.6843853820598007 0.37209302325581395 0.6877076411960132 0.37209302325581395 0.6910299003322259 0.3754152823920266 0.7043189368770764 0.3754152823920266 0.707641196013289 0.37209302325581395 0.7142857142857143 0.37209302325581395 0.717607973421927 0.3687707641196013 0.7275747508305648 0.3687707641196013 0.7308970099667774 0.3654485049833887 0.7508305647840532 0.3654485049833887 0.7541528239202658 0.3687707641196013 0.7873754152823921 0.3687707641196013 0.7873754152823921 0.33554817275747506 0.7840531561461794 0.33222591362126247 0.7840531561461794 0.3222591362126246 0.7807308970099668 0.31893687707641194 0.7807308970099668 0.2857142857142857 0.7840531561461794 0.2823920265780731 0.7840531561461794 0.2558139534883721 0.7807308970099668 0.25249169435215946 0.7807308970099668 0.23588039867109634 0.7840531561461794 0.23255813953488372 0.7840531561461794 0.18604651162790697 0.7674418604651163 0.18604651162790697 0.7641196013289037 0.18272425249169436 0.760797342192691 0.18272425249169436 0.7574750830564784 0.17940199335548174 0.7508305647840532 0.17940199335548174 0.7475083056478405 0.1760797342192691 0.7109634551495017 0.1760797342192691 0.707641196013289 0.17940199335548174 0.6877076411960132 0.17940199335548174 0.6843853820598007 0.1760797342192691 0.654485049833887 0.1760797342192691 0.6511627906976745 0.17940199335548174 0.6378737541528239 0.17940199335548174 0.6345514950166113 0.18272425249169436 0.6312292358803987 0.17940199335548174 0.6112956810631229 0.17940199335548174 0.6079734219269103 0.1760797342192691 0.574750830564784 0.1760797342192691 0.5714285714285714 0.17940199335548174 0.5581395348837209 0.17940199335548174 0.5548172757475083 0.18272425249169436 0.53156146179402 0.18272425249169436 0.5282392026578073 0.17940199335548174 0.5116279069767442 0.17940199335548174 0.5083056478405316 0.18272425249169436 0.5016611295681063 0.18272425249169436 0.4983388704318937 0.17940199335548174 0.49169435215946844 0.17940199335548174 0.4883720930232558 0.1760797342192691 0.4850498338870432 0.1760797342192691 0.48172757475083056 0.17940199335548174
0 0.31561461794019935 0.9136212624584718 0.31561461794019935 0.9235880398671097 0.31893687707641194 0.9269102990033222 0.31893687707641194 0.9966777408637874 0.9501661129568106 0.9966777408637874 0.946843853820598 0.9933554817275747 0.946843853820598 0.9568106312292359 0.9501661129568106 0.9534883720930233 0.9501661129568106 0.946843853820598 0.9534883720930233 0.9435215946843853 0.9534883720930233 0.9368770764119602 0.9568106312292359 0.9335548172757475 0.9568106312292359 0.920265780730897 0.9534883720930233 0.9169435215946844 0.9534883720930233 0.9136212624584718 0.9435215946843853 0.9036544850498339 0.9368770764119602 0.9036544850498339 0.9335548172757475 0.9003322259136213 0.9302325581395349 0.9036544850498339 0.920265780730897 0.9036544850498339 0.9169435215946844 0.9069767441860465 0.9003322259136213 0.9069767441860465 0.8970099667774086 0.9036544850498339 0.8538205980066446 0.9036544850498339 0.8504983388704319 0.9069767441860465 0.717607973421927 0.9069767441860465 0.7142857142857143 0.9036544850498339 0.6312292358803987 0.9036544850498339 0.627906976744186 0.9003322259136213 0.6146179401993356 0.9003322259136213 0.6112956810631229 0.8970099667774086 0.5813953488372093 0.8970099667774086 0.5780730897009967 0.893687707641196 0.5249169435215947 0.893687707641196 0.521594684385382 0.8970099667774086 0.5083056478405316 0.8970099667774086 0.5049833887043189 0.9003322259136213 0.47840531561461797 0.9003322259136213 0.4750830564784053 0.9036544850498339 0.44518272425249167 0.9036544850498339 0.4418604651162791 0.9069767441860465 0.3687707641196013 0.9069767441860465 0.3654485049833887 0.9036544850498339 0.31893687707641194 0.9036544850498339 0.31893687707641194 0.9102990033222591
0 0.7840531561461794 0.654485049833887 0.7774086378737541 0.654485049833887 0.7740863787375415 0.6578073089700996 0.7375415282392026 0.6578073089700996 0.7342192691029901 0.654485049833887 0.7142857142857143 0.654485049833887 0.7109634551495017 0.6511627906976745 0.7043189368770764 0.6511627906976745 0.7009966777408638 0.654485049833887 0.6976744186046512 0.654485049833887 0.6877076411960132 0.6611295681063123 0.6810631229235881 0.6611295681063123 0.6777408637873754 0.6578073089700996 0.6511627906976745 0.6578073089700996 0.6478405315614618 0.6611295681063123 0.6212624584717608 0.6611295681063123 0.6179401993355482 0.6578073089700996 0.584717607973422 0.6578073089700996 0.5813953488372093 0.6611295681063123 0.5714285714285714 0.6611295681063123 0.5681063122923588 0.6644518272425249 0.5647840531561462 0.6611295681063123 0.5514950166112956 0.6611295681063123 0.5481727574750831 0.6578073089700996 0.5348837209302325 0.6578073089700996 0.53156146179402 0.654485049833887 0.5282392026578073 0.654485049833887 0.5249169435215947 0.6578073089700996 0.5182724252491694 0.6578073089700996 0.5149501661129569 0.6611295681063123 0.4950166112956811 0.6611295681063123 0.49169435215946844 0.6578073089700996 0.4883720930232558 0.6578073089700996 0.4850498338870432 0.6611295681063123 0.47840531561461797 0.6611295681063123 0.47840531561461797 0.6877076411960132 0.4750830564784053 0.6910299003322259 0.4750830564784053 0.6976744186046512 0.47840531561461797 0.7009966777408638 0.47840531561461797 0.7043189368770764 0.4750830564784053 0.707641196013289 0.4750830564784053 0.7308970099667774 0.47840531561461797 0.7342192691029901 0.47840531561461797 0.7574750830564784 0.4750830564784053 0.760797342192691 0.47840531561461797 0.7641196013289037 0.47840531561461797 0.7774086378737541 0.48172757475083056 0.7807308970099668 0.48172757475083056 0.7940199335548173 0.47840531561461797 0.7973421926910299 0.47840531561461797 0.8372093023255814 0.48172757475083056 0.840531561461794 0.48172757475083056 0.8471760797342193 0.4883720930232558 0.8538205980066446 0.49169435215946844 0.8538205980066446 0.4950166112956811 0.8504983388704319 0.5348837209302325 0.8504983388704319 0.5382059800664452 0.8471760797342193 0.5415282392026578 0.8504983388704319 0.5448504983388704 0.8504983388704319 0.5481727574750831 0.8538205980066446 0.5514950166112956 0.8538205980066446 0.5614617940199336 0.8604651162790697 0.5780730897009967 0.8604651162790697 0.5980066445182725 0.8471760797342193 0.6179401993355482 0.8471760797342193 0.6212624584717608 0.8504983388704319 0.6312292358803987 0.8504983388704319 0.6345514950166113 0.8538205980066446 0.6445182724252492 0.8538205980066446 0.654485049833887 0.8471760797342193 0.7408637873754153 0.8471760797342193 0.7441860465116279 0.8504983388704319 0.7508305647840532 0.8504983388704319 0.7541528239202658 0.8538205980066446 0.7740863787375415 0.8538205980066446 0.7774086378737541 0.8571428571428571 0.7807308970099668 0.8538205980066446 0.7940199335548173 0.8538205980066446 0.7973421926910299 0.8504983388704319 0.7973421926910299 0.840531561461794 0.8006644518272426 0.8372093023255814 0.8006644518272426 0.8172757475083057 0.7973421926910299 0.813953488372093 0.7973421926910299 0.8039867109634552 0.7940199335548173 0.8006644518272426 0.7940199335548173 0.7940199335548173 0.7906976744186046 0.7906976744186046 0.7906976744186046 0.7807308970099668 0.7840531561461794 0.7906976744186046 0.7840531561461794 0.7973421926910299 0.7774086378737541 0.8039867109634552 0.7774086378737541 0.8073089700996677 0.7740863787375415 0.8106312292358804 0.760797342192691 0.8106312292358804 0.7508305647840532 0.8172757475083057 0.7342192691029901 0.8172757475083057 0.7308970099667774 0.8205980066445183 0.7242524916943521 0.8205980066445183 0.7142857142857143 0.8305647840531561 0.7109634551495017 0.8305647840531561 0.7043189368770764 0.8372093023255814 0.6877076411960132 0.8372093023255814 0.6843853820598007 0.840531561461794 0.6578073089700996 0.840531561461794 0.654485049833887 0.8372093023255814 0.6511627906976745 0.8372093023255814 0.6478405315614618 0.840531561461794 0.6478405315614618 0.8438538205980066 0.6411960132890365 0.8504983388704319 0.6345514950166113 0.8504983388704319 0.6312292358803987 0.8471760797342193 0.6312292358803987 0.840531561461794 0.6345514950166113 0.8372093023255814 0.6345514950166113 0.8338870431893688 0.6411960132890365 0.8239202657807309 0.6445182724252492 0.8239202657807309 0.6478405315614618 0.8205980066445183 0.6611295681063123 0.8205980066445183 0.6644518272425249 0.8239202657807309 0.6810631229235881 0.8239202657807309 0.6877076411960132 0.8172757475083057 0.7009966777408638 0.8172757475083057 0.707641196013289 0.8106312292358804 0.7142857142857143 0.8106312292358804 0.7209302325581395 0.8039867109634552 0.7308970099667774 0.8039867109634552 0.7342192691029901 0.8006644518272426 0.7441860465116279 0.8006644518272426 0.7475083056478405 0.7973421926910299 0.760797342192691 0.7973421926910299 0.7740863787375415 0.7840531561461794 0.7740863787375415 0.7807308970099668 0.7574750830564784 0.7807308970099668 0.7541528239202658 0.7840531561461794 0.7441860465116279 0.7840531561461794 0.7408637873754153 0.7807308970099668 0.7308970099667774 0.7807308970099668 0.7242524916943521 0.7873754152823921 0.7109634551495017 0.7873754152823921 0.707641196013289 0.7840531561461794 0.6976744186046512 0.7840531561461794 0.6943521594684385 0.7807308970099668 0.6611295681063123 0.7807308970099668 0.6578073089700996 0.7840531561461794 0.6478405315614618 0.7840531561461794 0.6445182724252492 0.7873754152823921 0.6411960132890365 0.7873754152823921 0.6212624584717608 0.8073089700996677 0.6179401993355482 0.8073089700996677 0.6146179401993356 0.8106312292358804 0.6079734219269103 0.8106312292358804 0.6046511627906976 0.8073089700996677 0.6046511627906976 0.8006644518272426 0.6112956810631229 0.7940199335548173 0.6146179401993356 0.7940199335548173 0.6179401993355482 0.7906976744186046 0.6179401993355482 0.7873754152823921 0.6312292358803987 0.7740863787375415 0.6345514950166113 0.7740863787375415 0.6445182724252492 0.7674418604651163 0.654485049833887 0.7674418604651163 0.6578073089700996 0.7641196013289037 0.6677740863787376 0.7641196013289037 0.6710963455149501 0.7674418604651163 0.6744186046511628 0.7641196013289037 0.6910299003322259 0.7641196013289037 0.6943521594684385 0.7674418604651163 0.7043189368770764 0.7674418604651163 0.707641196013289 0.770764119601329 0.7242524916943521 0.770764119601329 0.7342192691029901 0.7641196013289037 0.7408637873754153 0.7641196013289037 0.7441860465116279 0.7674418604651163 0.770764119601329 0.7674418604651163 0.7740863787375415 0.7641196013289037 0.7807308970099668 0.7641196013289037 0.7840531561461794 0.7674418604651163 0.7840531561461794 0.7574750830564784 0.7906976744186046 0.7508305647840532 0.7940199335548173 0.7508305647840532 0.7973421926910299 0.7475083056478405 0.7973421926910299 0.7408637873754153 0.8006644518272426 0.7375415282392026 0.8006644518272426 0.7342192691029901 0.7973421926910299 0.7308970099667774 0.7973421926910299 0.7242524916943521 0.7906976744186046 0.7142857142857143 0.7906976744186046 0.6677740863787376 0.7873754152823921 0.6644518272425249 0.7873754152823921 0.6611295681063123 0.7840531561461794 0.6578073089700996
0 0.8272425249169435 0.18272425249169436 0.8272425249169435 0.2026578073089701 0.8239202657807309 0.2059800664451827 0.8239202657807309 0.21262458471760798 0.8272425249169435 0.2159468438538206 0.8239202657807309 0.21926910299003322 0.8239202657807309 0.2292358803986711 0.8205980066445183 0.23255813953488372 0.8205980066445183 0.23920265780730898 0.8239202657807309 0.2425249169435216 0.8239202657807309 0.26578073089701 0.8272425249169435 0.2691029900332226 0.8272425249169435 0.3289036544850498 0.8239202657807309 0.33222591362126247 0.8239202657807309 0.34219269102990035 0.8272425249169435 0.34551495016611294 0.8239202657807309 0.3488372093023256 0.8239202657807309 0.3588039867109635 0.8205980066445183 0.36212624584717606 0.8239202657807309 0.3654485049833887 0.840531561461794 0.3654485049833887 0.8438538205980066 0.3687707641196013 0.8803986710963455 0.3687707641196013 0.8837209302325582 0.3654485049833887 0.9036544850498339 0.3654485049833887 0.9069767441860465 0.3687707641196013 0.9335548172757475 0.3687707641196013 0.9368770764119602 0.37209302325581395 0.9534883720930233 0.37209302325581395 0.9568106312292359 0.3687707641196013 0.9634551495016611 0.3687707641196013 0.9667774086378738 0.3654485049833887 0.9767441860465116 0.3654485049833887 0.9800664451827242 0.3687707641196013 0.9966777408637874 0.3687707641196013 0.9966777408637874 0.18604651162790697 0.9800664451827242 0.18604651162790697 0.9767441860465116 0.18272425249169436 0.9634551495016611 0.18272425249169436 0.9601328903654485 0.17940199335548174 0.946843853820598 0.17940199335548174 0.9435215946843853 0.1760797342192691 0.9368770764119602 0.1760797342192691 0.9335548172757475 0.17940199335548174 0.9302325581395349 0.17940199335548174 0.9269102990033222 0.18272425249169436 0.9102990033222591 0.18272425249169436 0.9069767441860465 0.18604651162790697 0.9036544850498339 0.18272425249169436 0.893687707641196 0.18272425249169436 0.8903654485049833 0.17940199335548174 0.8770764119601329 0.17940199335548174 0.8737541528239202 0.1760797342192691 0.8471760797342193 0.1760797342192691 0.8438538205980066 0.17940199335548174 0.8338870431893688 0.17940199335548174 0.8305647840531561 0.18272425249169436
0 0.8571428571428571 0.6677740863787376 0.8571428571428571 0.6777408637873754 0.8538205980066446 0.6810631229235881 0.8538205980066446 0.6843853820598007 0.8372093023255814 0.7009966777408638 0.8272425249169435 0.7009966777408638 0.8272425249169435 0.717607973421927 0.8305647840531561 0.7209302325581395 0.8305647840531561 0.7342192691029901 0.8272425249169435 0.7375415282392026 0.8272425249169435 0.7508305647840532 0.8239202657807309 0.7541528239202658 0.8239202657807309 0.7740863787375415 0.8272425249169435 0.7774086378737541 0.8272425249169435 0.7906976744186046 0.8305647840531561 0.7940199335548173 0.8305647840531561 0.8239202657807309 0.8272425249169435 0.8272425249169435 0.8272425249169435 0.840531561461794 0.8239202657807309 0.8438538205980066 0.8239202657807309 0.8538205980066446 0.8372093023255814 0.867109634551495 0.840531561461794 0.867109634551495 0.8438538205980066 0.8704318936877077 0.8637873754152824 0.8704318936877077 0.867109634551495 0.867109634551495 0.8704318936877077 0.867109634551495 0.8737541528239202 0.8637873754152824 0.8870431893687708 0.8637873754152824 0.8903654485049833 0.8604651162790697 0.9036544850498339 0.8604651162790697 0.9069767441860465 0.8637873754152824 0.946843853820598 0.8637873754152824 0.9501661129568106 0.867109634551495 0.9601328903654485 0.867109634551495 0.9634551495016611 0.8704318936877077 0.9700996677740864 0.8704318936877077 0.973421926910299 0.8737541528239202 0.9966777408637874 0.8737541528239202 0.9966777408637874 0.6744186046511628 0.9933554817275747 0.6710963455149501 0.9867109634551495 0.6710963455149501 0.9833887043189369 0.6744186046511628 0.9435215946843853 0.6744186046511628 0.9401993355481728 0.6710963455149501 0.9368770764119602 0.6710963455149501 0.9335548172757475 0.6744186046511628 0.8837209302325582 0.6744186046511628 0.8803986710963455 0.6710963455149501 0.8737541528239202 0.6710963455149501 0.8704318936877077 0.6677740863787376
0 0.9800664451827242 0.42524916943521596 0.9833887043189369 0.42857142857142855 0.9833887043189369 0.43853820598006643 0.9800664451827242 0.4418604651162791 0.9833887043189369 0.44518272425249167 0.9800664451827242 0.4485049833887043 0.9833887043189369 0.45182724252491696 0.9833887043189369 0.45514950166112955 0.9800664451827242 0.4584717607973422 0.9800664451827242 0.46179401993355484 0.9767441860465116 0.46511627906976744 0.9767441860465116 0.4684385382059801 0.973421926910299 0.4717607973421927 0.973421926910299 0.4750830564784053 0.9700996677740864 0.47840531561461797 0.9700996677740864 0.4950166112956811 0.9667774086378738 0.4983388704318937 0.9667774086378738 0.5116279069767442 0.973421926910299 0.5182724252491694 0.973421926910299 0.521594684385382 0.9767441860465116 0.5249169435215947 0.9767441860465116 0.53156146179402 0.973421926910299 0.5348837209302325 0.9767441860465116 0.5382059800664452 0.9767441860465116 0.5481727574750831 0.9800664451827242 0.5514950166112956 0.9800664451827242 0.5813953488372093 0.9767441860465116 0.584717607973422 0.9767441860465116 0.6046511627906976 0.9833887043189369 0.6112956810631229 0.9867109634551495 0.6112956810631229 0.9900332225913622 0.6146179401993356 0.9966777408637874 0.6146179401993356 0.9966777408637874 0.42524916943521596
0 0.9966777408637874 0 0.973421926910299 0 0.973421926910299 0.009966777408637873 0.9700996677740864 0.013289036544850499 0.9700996677740864 0.059800664451827246 0.973421926910299 0.06312292358803986 0.973421926910299 0.07308970099667775 0.9767441860465116 0.07641196013289037 0.973421926910299 0.07973421926910298 0.973421926910299 0.08305647840531562 0.9667774086378738 0.08970099667774087 0.9667774086378738 0.09634551495016612 0.9700996677740864 0.09966777408637874 0.9700996677740864 0.11960132890365449 0.973421926910299 0.11960132890365449 0.9767441860465116 0.12292358803986711 0.9800664451827242 0.11960132890365449 0.9833887043189369 0.11960132890365449 0.9867109634551495 0.11627906976744186 0.9900332225913622 0.11960132890365449 0.9966777408637874 0.11960132890365449
0 0.9966777408637874 0.9003322259136213 0.9867109634551495 0.9102990033222591 0.9867109634551495 0.9169435215946844 0.9833887043189369 0.920265780730897 0.9867109634551495 0.9235880398671097 0.9867109634551495 0.9302325581395349 0.9900332225913622 0.9335548172757475 0.9867109634551495 0.9368770764119602 0.9867109634551495 0.9401993355481728 0.9833887043189369 0.9435215946843853 0.9833887043189369 0.9568106312292359 0.9867109634551495 0.9601328903654485 0.9867109634551495 0.9634551495016611 0.9900332225913622 0.9667774086378738 0.9900332225913622 0.9833887043189369 0.9867109634551495 0.9867109634551495 0.9867109634551495 0.9966777408637874 0.9966777408637874 0.9966777408637874
0 0.8438538205980066 0.6677740863787376 0.8272425249169435 0.6677740863787376 0.8239202657807309 0.6710963455149501 0.8239202657807309 0.6744186046511628 0.8272425249169435 0.6777408637873754 0.8272425249169435 0.6843853820598007 0.8305647840531561 0.6843853820598007 0.840531561461794 0.6744186046511628 0.840531561461794 0.6710963455149501
1 0.026578073089700997 0.6677740863787376 0.026578073089700997 0.6810631229235881 0.029900332225913623 0.6810631229235881 0.046511627906976744 0.6976744186046512 0.046511627906976744 0.7009966777408638 0.04983388704318937 0.7043189368770764 0.04983388704318937 0.707641196013289 0.053156146179401995 0.7109634551495017 0.053156146179401995 0.7142857142857143 0.05647840531561462 0.717607973421927 0.05647840531561462 0.7209302325581395 0.059800664451827246 0.7242524916943521 0.059800664451827246 0.7308970099667774 0.06312292358803986 0.7342192691029901 0.06312292358803986 0.760797342192691 0.059800664451827246 0.7641196013289037 0.059800664451827246 0.8006644518272426 0.05647840531561462 0.8039867109634552 0.05647840531561462 0.813953488372093 0.053156146179401995 0.8172757475083057 0.053156146179401995 0.8272425249169435 0.04983388704318937 0.8305647840531561 0.04983388704318937 0.840531561461794 0.053156146179401995 0.8438538205980066 0.053156146179401995 0.8471760797342193 0.06312292358803986 0.8571428571428571 0.06312292358803986 0.8604651162790697 0.07641196013289037 0.8604651162790697 0.07973421926910298 0.8571428571428571 0.08305647840531562 0.8571428571428571 0.08637873754152824 0.8604651162790697 0.292358803986711 0.8604651162790697 0.2956810631229236 0.8637873754152824 0.32558139534883723 0.8637873754152824 0.3289036544850498 0.8604651162790697 0.3488372093023256 0.8604651162790697 0.3521594684385382 0.8571428571428571 0.38205980066445183 0.8571428571428571 0.3853820598006645 0.8538205980066446 0.43853820598006643 0.8538205980066446 0.43853820598006643 0.7807308970099668 0.4418604651162791 0.7774086378737541 0.4418604651162791 0.6744186046511628 0.42524916943521596 0.6578073089700996 0.34219269102990035 0.6578073089700996 0.3388704318936877 0.654485049833887 0.3289036544850498 0.654485049833887 0.32558139534883723 0.6511627906976745 0.2558139534883721 0.6511627906976745 0.25249169435215946 0.654485049833887 0.24584717607973422 0.654485049833887 0.2425249169435216 0.6578073089700996 0.23255813953488372 0.6578073089700996 0.2292358803986711 0.6611295681063123 0.1893687707641196 0.6611295681063123 0.18604651162790697 0.6578073089700996 0.1760797342192691 0.6578073089700996 0.17275747508305647 0.654485049833887 0.15282392026578073 0.654485049833887 0.14950166112956811 0.6511627906976745 0.12956810631229235 0.6511627906976745 0.12624584717607973 0.654485049833887 0.12292358803986711 0.6511627906976745 0.08637873754152824 0.6511627906976745 0.08305647840531562 0.654485049833887 0.06976744186046512 0.654485049833887 0.059800664451827246 0.6644518272425249 0.05647840531561462 0.6644518272425249 0.053156146179401995 0.6677740863787376 0.04318936877076412 0.6677740863787376 0.03986710963455149 0.6644518272425249 0.03322259136212625 0.6644518272425249 0.029900332225913623 0.6677740863787376
1 0.42524916943521596 0.19269102990033224 0.4152823920265781 0.18272425249169436 0.4119601328903654 0.18272425249169436 0.4053156146179402 0.1760797342192691 0.4019933554817276 0.1760797342192691 0.39867109634551495 0.17275747508305647 0.3953488372093023 0.17275747508305647 0.38870431893687707 0.16611295681063123 0.3521594684385382 0.16611295681063123 0.3488372093023256 0.16943521594684385 0.292358803986711 0.16943521594684385 0.28903654485049834 0.17275747508305647 0.23588039867109634 0.17275747508305647 0.23255813953488372 0.16943521594684385 0.20930232558139536 0.16943521594684385 0.2059800664451827 0.17275747508305647 0.16279069767441862 0.17275747508305647 0.15946843853820597 0.1760797342192691 0.1461794019933555 0.1760797342192691 0.14285714285714285 0.17275747508305647 0.1362126245847176 0.17275747508305647 0.132890365448505 0.1760797342192691 0.12956810631229235 0.1760797342192691 0.12624584717607973 0.17275747508305647 0.0664451827242525 0.17275747508305647 0.0664451827242525 0.1760797342192691 0.059800664451827246 0.18272425249169436 0.059800664451827246 0.1893687707641196 0.05647840531561462 0.19269102990033224 0.05647840531561462 0.19601328903654486 0.053156146179401995 0.19933554817275748 0.05647840531561462 0.2026578073089701 0.05647840531561462 0.2591362126245847 0.06312292358803986 0.26578073089701 0.06312292358803986 0.2691029900332226 0.0664451827242525 0.2724252491694352 0.0664451827242525 0.29900332225913623 0.06312292358803986 0.3023255813953488 0.06312292358803986 0.3089700996677741 0.05647840531561462 0.31561461794019935 0.05647840531561462 0.3222591362126246 0.059800664451827246 0.32558139534883723 0.059800664451827246 0.3289036544850498 0.0664451827242525 0.33554817275747506 0.0664451827242525 0.34551495016611294 0.06976744186046512 0.3488372093023256 0.06976744186046512 0.36212624584717606 0.0664451827242525 0.3654485049833887 0.13953488372093023 0.3654485049833887 0.14285714285714285 0.36212624584717606 0.16611295681063123 0.36212624584717606 0.16943521594684385 0.3654485049833887 0.18272425249169436 0.3654485049833887 0.18604651162790697 0.3687707641196013 0.2059800664451827 0.3687707641196013 0.20930232558139536 0.37209302325581395 0.21926910299003322 0.37209302325581395 0.22259136212624583 0.3687707641196013 0.23588039867109634 0.3687707641196013 0.23920265780730898 0.3654485049833887 0.24916943521594684 0.3654485049833887 0.25249169435215946 0.36212624584717606 0.30564784053156147 0.36212624584717606 0.3089700996677741 0.3654485049833887 0.33222591362126247 0.3654485049833887 0.33554817275747506 0.3687707641196013 0.3488372093023256 0.3687707641196013 0.3521594684385382 0.3654485049833887 0.37209302325581395 0.3654485049833887 0.3754152823920266 0.36212624584717606 0.39867109634551495 0.36212624584717606 0.4019933554817276 0.3654485049833887 0.42857142857142855 0.3654485049833887 0.42857142857142855 0.33554817275747506 0.42524916943521596 0.33222591362126247
1 0.2591362126245847 0.4219269102990033 0.2558139534883721 0.4219269102990033 0.25249169435215946 0.4186046511627907 0.24916943521594684 0.4186046511627907 0.24584717607973422 0.4152823920265781 0.22591362126245848 0.4152823920265781 0.22259136212624583 0.4186046511627907 0.09634551495016612 0.4186046511627907 0.08970099667774087 0.42524916943521596 0.06976744186046512 0.42524916943521596 0.06976744186046512 0.42857142857142855 0.0664451827242525 0.4318936877076412 0.06976744186046512 0.43521594684385384 0.06976744186046512 0.44518272425249167 0.07308970099667775 0.4485049833887043 0.07308970099667775 0.4717607973421927 0.06976744186046512 0.4750830564784053 0.06976744186046512 0.47840531561461797 0.0664451827242525 0.48172757475083056 0.0664451827242525 0.4850498338870432 0.059800664451827246 0.49169435215946844 0.059800664451827246 0.4950166112956811 0.05647840531561462 0.4983388704318937 0.05647840531561462 0.5116279069767442 0.059800664451827246 0.5149501661129569 0.059800664451827246 0.5249169435215947 0.05647840531561462 0.5282392026578073 0.05647840531561462 0.5581395348837209 0.053156146179401995 0.5614617940199336 0.053156146179401995 0.5647840531561462 0.04983388704318937 0.5681063122923588 0.053156146179401995 0.5714285714285714 0.053156146179401995 0.574750830564784 0.06312292358803986 0.584717607973422 0.06312292358803986 0.6046511627906976 0.059800664451827246 0.6079734219269103 0.06976744186046512 0.6079734219269103 0.07308970099667775 0.6112956810631229 0.23588039867109634 0.6112956810631229 0.23920265780730898 0.6146179401993356 0.2591362126245847 0.6146179401993356 0.2591362126245847 0.53156146179402 0.26245847176079734 0.5282392026578073 0.26245847176079734 0.4584717607973422 0.26578073089701 0.45514950166112955 0.26578073089701 0.44518272425249167 0.26245847176079734 0.4418604651162791 0.26245847176079734 0.4318936877076412 0.2591362126245847 0.42857142857142855
1 0 0 0 0.12956810631229235 0.04318936877076412 0.12956810631229235 0.03986710963455149 0.12624584717607973 0.03986710963455149 0.11960132890365449 0.036544850498338874 0.11627906976744186 0.036544850498338874 0.11295681063122924 0.03986710963455149 0.10963455149501661 0.036544850498338874 0.10631229235880399 0.036544850498338874 0.09966777408637874 0.029900332225913623 0.09302325581395349 0.029900332225913623 0.08970099667774087 0.026578073089700997 0.08637873754152824 0.026578073089700997 0.0664451827242525 0.036544850498338874 0.05647840531561462 0.036544850498338874 0.053156146179401995 0.03986710963455149 0.04983388704318937 0.03986710963455149 0.03986710963455149 0.036544850498338874 0.036544850498338874 0.036544850498338874 0.026578073089700997 0.04318936877076412 0.019933554817275746 0.04318936877076412 0.016611295681063124 0.05647840531561462 0.0033222591362126247 0.06312292358803986 0.0033222591362126247 0.0664451827242525 0.006644518272425249 0.0664451827242525 0.019933554817275746 0.06312292358803986 0.023255813953488372 0.06312292358803986 0.026578073089700997 0.059800664451827246 0.029900332225913623 0.059800664451827246 0.04983388704318937 0.053156146179401995 0.05647840531561462 0.04983388704318937 0.05647840531561462 0.046511627906976744 0.059800664451827246 0.046511627906976744 0.06312292358803986 0.04318936877076412 0.0664451827242525 0.04318936877076412 0.08970099667774087 0.046511627906976744 0.09302325581395349 0.046511627906976744 0.09966777408637874 0.04983388704318937 0.10299003322259136 0.053156146179401995 0.10299003322259136 0.05647840531561462 0.10631229235880399 0.05647840531561462 0.11295681063122924 0.053156146179401995 0.11627906976744186 0.04983388704318937 0.11627906976744186 0.04983388704318937 0.11960132890365449 0.053156146179401995 0.12292358803986711 0.05647840531561462 0.12292358803986711 0.059800664451827246 0.12624584717607973 0.06312292358803986 0.12624584717607973 0.0664451827242525 0.12956810631229235 0.0664451827242525 0.132890365448505 0.07641196013289037 0.132890365448505 0.07973421926910298 0.12956810631229235 0.10631229235880399 0.12956810631229235 0.10963455149501661 0.12624584717607973 0.12956810631229235 0.12624584717607973 0.132890365448505 0.12956810631229235 0.15946843853820597 0.12956810631229235 0.16279069767441862 0.132890365448505 0.17275747508305647 0.132890365448505 0.1760797342192691 0.12956810631229235 0.2059800664451827 0.12956810631229235 0.20930232558139536 0.12624584717607973 0.2425249169435216 0.12624584717607973 0.24584717607973422 0.12292358803986711 0.24916943521594684 0.12292358803986711 0.24916943521594684 0.09634551495016612 0.25249169435215946 0.09302325581395349 0.25249169435215946 0.026578073089700997 0.24916943521594684 0.023255813953488372 0.24916943521594684 0.009966777408637873 0.2425249169435216 0.009966777408637873 0.23920265780730898 0.006644518272425249 0.23920265780730898 0
1 0.2757475083056478 0.893687707641196 0.2724252491694352 0.8903654485049833 0.2691029900332226 0.8903654485049833 0.26578073089701 0.8870431893687708 0.23588039867109634 0.8870431893687708 0.23255813953488372 0.8903654485049833 0.2059800664451827 0.8903654485049833 0.2026578073089701 0.893687707641196 0.18604651162790697 0.893687707641196 0.18272425249169436 0.8970099667774086 0.07641196013289037 0.8970099667774086 0.07641196013289037 0.9036544850498339 0.07308970099667775 0.9069767441860465 0.07973421926910298 0.9136212624584718 0.07973421926910298 0.9368770764119602 0.07641196013289037 0.9401993355481728 0.07308970099667775 0.9401993355481728 0.0664451827242525 0.946843853820598 0.06312292358803986 0.946843853820598 0.06312292358803986 0.9501661129568106 0.059800664451827246 0.9534883720930233 0.059800664451827246 0.9601328903654485 0.06312292358803986 0.9634551495016611 0.06312292358803986 0.9700996677740864 0.0664451827242525 0.973421926910299 0.0664451827242525 0.9767441860465116 0.06976744186046512 0.9800664451827242 0.06976744186046512 0.9867109634551495 0.06312292358803986 0.9933554817275747 0.05647840531561462 0.9933554817275747 0.053156146179401995 0.9900332225913622 0.053156146179401995 0.9867109634551495 0.04983388704318937 0.9833887043189369 0.04983388704318937 0.9800664451827242 0.046511627906976744 0.9767441860465116 0.046511627906976744 0.9667774086378738 0.04318936877076412 0.9634551495016611 0.04318936877076412 0.9534883720930233 0.03986710963455149 0.9501661129568106 0.03986710963455149 0.9368770764119602 0.04318936877076412 0.9335548172757475 0.04318936877076412 0.9269102990033222 0.046511627906976744 0.9235880398671097 0.04983388704318937 0.9235880398671097 0.046511627906976744 0.920265780730897 0.046511627906976744 0.9136212624584718 0.04318936877076412 0.9102990033222591 0.04318936877076412 0.9003322259136213 0.046511627906976744 0.8970099667774086 0.046511627906976744 0.893687707641196 0.026578073089700997 0.893687707641196 0.023255813953488372 0.8903654485049833 0 0.8903654485049833 0 0.9966777408637874 0.2757475083056478 0.9966777408637874
1 0 0.4186046511627907 0 0.6112956810631229 0.03322259136212625 0.6112956810631229 0.03322259136212625 0.6079734219269103 0.036544850498338874 0.6046511627906976 0.03986710963455149 0.6046511627906976 0.029900332225913623 0.5946843853820598 0.029900332225913623 0.5913621262458472 0.026578073089700997 0.5880398671096345 0.026578073089700997 0.584717607973422 0.023255813953488372 0.5813953488372093 0.023255813953488372 0.5647840531561462 0.026578073089700997 0.5614617940199336 0.026578073089700997 0.5481727574750831 0.029900332225913623 0.5448504983388704 0.029900332225913623 0.5382059800664452 0.03322259136212625 0.5348837209302325 0.03322259136212625 0.53156146179402 0.036544850498338874 0.5282392026578073 0.036544850498338874 0.5249169435215947 0.03986710963455149 0.521594684385382 0.03986710963455149 0.4983388704318937 0.036544850498338874 0.4950166112956811 0.036544850498338874 0.48172757475083056 0.03986710963455149 0.47840531561461797 0.03986710963455149 0.4750830564784053 0.046511627906976744 0.4684385382059801 0.046511627906976744 0.4584717607973422 0.04318936877076412 0.45514950166112955 0.04318936877076412 0.4485049833887043 0.03986710963455149 0.44518272425249167 0.03986710963455149 0.43853820598006643 0.036544850498338874 0.43521594684385384 0.03322259136212625 0.43521594684385384 0.029900332225913623 0.4318936877076412 0.029900332225913623 0.42524916943521596 0.03322259136212625 0.4219269102990033 0.036544850498338874 0.4219269102990033 0.03986710963455149 0.4186046511627907
1 0 0.16943521594684385 0 0.3687707641196013 0.006644518272425249 0.3687707641196013 0.009966777408637873 0.37209302325581395 0.03986710963455149 0.37209302325581395 0.04318936877076412 0.3687707641196013 0.04318936877076412 0.3588039867109635 0.03986710963455149 0.3554817275747508 0.03986710963455149 0.3521594684385382 0.036544850498338874 0.3488372093023256 0.036544850498338874 0.34551495016611294 0.03322259136212625 0.34219269102990035 0.03322259136212625 0.3388704318936877 0.029900332225913623 0.33554817275747506 0.029900332225913623 0.33222591362126247 0.026578073089700997 0.3289036544850498 0.026578073089700997 0.3122923588039867 0.029900332225913623 0.3089700996677741 0.029900332225913623 0.30564784053156147 0.036544850498338874 0.29900332225913623 0.036544850498338874 0.2823920265780731 0.03986710963455149 0.27906976744186046 0.03986710963455149 0.26578073089701 0.036544850498338874 0.26245847176079734 0.036544850498338874 0.2591362126245847 0.03322259136212625 0.2558139534883721 0.03322259136212625 0.24916943521594684 0.029900332225913623 0.24584717607973422 0.029900332225913623 0.2425249169435216 0.026578073089700997 0.23920265780730898 0.026578073089700997 0.19601328903654486 0.029900332225913623 0.19269102990033224 0.029900332225913623 0.1760797342192691 0.023255813953488372 0.1760797342192691 0.019933554817275746 0.17275747508305647 0.016611295681063124 0.17275747508305647 0.013289036544850499 0.16943521594684385
1 0 0.6810631229235881 0 0.8538205980066446 0.026578073089700997 0.8538205980066446 0.029900332225913623 0.8571428571428571 0.03986710963455149 0.8571428571428571 0.036544850498338874 0.8571428571428571 0.03322259136212625 0.8538205980066446 0.03322259136212625 0.840531561461794 0.029900332225913623 0.8372093023255814 0.029900332225913623 0.8172757475083057 0.03322259136212625 0.813953488372093 0.03322259136212625 0.8106312292358804 0.036544850498338874 0.8073089700996677 0.036544850498338874 0.7973421926910299 0.03322259136212625 0.7940199335548173 0.03322259136212625 0.7408637873754153 0.029900332225913623 0.7375415282392026 0.029900332225913623 0.7308970099667774 0.026578073089700997 0.7275747508305648 0.026578073089700997 0.7209302325581395 0.019933554817275746 0.7142857142857143 0.019933554817275746 0.7109634551495017 0.016611295681063124 0.707641196013289 0.013289036544850499 0.707641196013289 0.006644518272425249 0.7009966777408638 0.006644518272425249 0.6976744186046512 0.0033222591362126247 0.6943521594684385 0.0033222591362126247 0.6910299003322259 0 0.6877076411960132
2 0.05647840531561462 0.006644518272425249 0.046511627906976744 0.016611295681063124 0.046511627906976744 0.019933554817275746 0.03986710963455149 0.026578073089700997 0.03986710963455149 0.036544850498338874 0.04318936877076412 0.03986710963455149 0.04318936877076412 0.04983388704318937 0.03986710963455149 0.053156146179401995 0.03986710963455149 0.05647840531561462 0.029900332225913623 0.0664451827242525 0.029900332225913623 0.08637873754152824 0.03322259136212625 0.08970099667774087 0.03322259136212625 0.09302325581395349 0.03986710963455149 0.09966777408637874 0.03986710963455149 0.10631229235880399 0.04318936877076412 0.10963455149501661 0.03986710963455149 0.11295681063122924 0.03986710963455149 0.11627906976744186 0.04318936877076412 0.11960132890365449 0.04318936877076412 0.12624584717607973 0.046511627906976744 0.12956810631229235 0.04318936877076412 0.132890365448505 0.04318936877076412 0.14950166112956811 0.036544850498338874 0.15614617940199335 0.03322259136212625 0.15614617940199335 0.03322259136212625 0.19269102990033224 0.029900332225913623 0.19601328903654486 0.029900332225913623 0.23920265780730898 0.03322259136212625 0.2425249169435216 0.03322259136212625 0.24584717607973422 0.036544850498338874 0.24916943521594684 0.036544850498338874 0.2558139534883721 0.04318936877076412 0.26578073089701 0.04318936877076412 0.27906976744186046 0.03986710963455149 0.2823920265780731 0.03986710963455149 0.29900332225913623 0.03322259136212625 0.30564784053156147 0.03322259136212625 0.3089700996677741 0.029900332225913623 0.3122923588039867 0.029900332225913623 0.3289036544850498 0.03322259136212625 0.33222591362126247 0.03322259136212625 0.33554817275747506 0.036544850498338874 0.3388704318936877 0.036544850498338874 0.34219269102990035 0.046511627906976744 0.3588039867109635 0.046511627906976744 0.3687707641196013 0.04983388704318937 0.37209302325581395 0.04983388704318937 0.4019933554817276 0.046511627906976744 0.4053156146179402 0.046511627906976744 0.4152823920265781 0.036544850498338874 0.42524916943521596 0.03322259136212625 0.42524916943521596 0.03322259136212625 0.4318936877076412 0.036544850498338874 0.4318936877076412 0.04318936877076412 0.43853820598006643 0.04318936877076412 0.44518272425249167 0.046511627906976744 0.4485049833887043 0.046511627906976744 0.45514950166112955 0.04983388704318937 0.4584717607973422 0.04983388704318937 0.4684385382059801 0.04318936877076412 0.4750830564784053 0.04318936877076412 0.47840531561461797 0.03986710963455149 0.48172757475083056 0.03986710963455149 0.4950166112956811 0.04318936877076412 0.4983388704318937 0.04318936877076412 0.521594684385382 0.03986710963455149 0.5249169435215947 0.03986710963455149 0.5282392026578073 0.03322259136212625 0.5382059800664452 0.03322259136212625 0.5448504983388704 0.029900332225913623 0.5481727574750831 0.029900332225913623 0.5614617940199336 0.026578073089700997 0.5647840531561462 0.026578073089700997 0.5813953488372093 0.029900332225913623 0.584717607973422 0.03322259136212625 0.5946843853820598 0.04318936877076412 0.6046511627906976 0.03986710963455149 0.6079734219269103 0.036544850498338874 0.6079734219269103 0.036544850498338874 0.6112956810631229 0.03322259136212625 0.6146179401993356 0.03322259136212625 0.6378737541528239 0.029900332225913623 0.6411960132890365 0.023255813953488372 0.6411960132890365 0.006644518272425249 0.6511627906976745 0.006644518272425249 0.654485049833887 0 0.6644518272425249 0 0.6777408637873754 0.0033222591362126247 0.6810631229235881 0.0033222591362126247 0.6877076411960132 0.006644518272425249 0.6910299003322259 0.009966777408637873 0.7009966777408638 0.013289036544850499 0.7043189368770764 0.016611295681063124 0.7043189368770764 0.029900332225913623 0.7209302325581395 0.029900332225913623 0.7275747508305648 0.03322259136212625 0.7308970099667774 0.03322259136212625 0.7375415282392026 0.036544850498338874 0.7408637873754153 0.036544850498338874 0.7940199335548173 0.03986710963455149 0.7973421926910299 0.03986710963455149 0.8073089700996677 0.03322259136212625 0.8172757475083057 0.03322259136212625 0.8372093023255814 0.036544850498338874 0.840531561461794 0.036544850498338874 0.8538205980066446 0.03986710963455149 0.8538205980066446 0.04318936877076412 0.8571428571428571 0.04318936877076412 0.8837209302325582 0.04983388704318937 0.893687707641196 0.04983388704318937 0.8970099667774086 0.046511627906976744 0.9003322259136213 0.046511627906976744 0.9102990033222591 0.04983388704318937 0.9136212624584718 0.04983388704318937 0.920265780730897 0.053156146179401995 0.9235880398671097 0.04983388704318937 0.9269102990033222 0.046511627906976744 0.9269102990033222 0.046511627906976744 0.9335548172757475 0.04318936877076412 0.9368770764119602 0.04318936877076412 0.9501661129568106 0.046511627906976744 0.9534883720930233 0.046511627906976744 0.9634551495016611 0.04983388704318937 0.9667774086378738 0.04983388704318937 0.9767441860465116 0.053156146179401995 0.9800664451827242 0.05647840531561462 0.9900332225913622 0.06312292358803986 0.9900332225913622 0.0664451827242525 0.9867109634551495 0.0664451827242525 0.9800664451827242 0.059800664451827246 0.9700996677740864 0.059800664451827246 0.9634551495016611 0.05647840531561462 0.9601328903654485 0.05647840531561462 0.9534883720930233 0.06312292358803986 0.9435215946843853 0.0664451827242525 0.9435215946843853 0.07308970099667775 0.9368770764119602 0.07641196013289037 0.9368770764119602 0.07641196013289037 0.9136212624584718 0.06976744186046512 0.9069767441860465 0.07308970099667775 0.9036544850498339 0.07308970099667775 0.8970099667774086 0.06312292358803986 0.8903654485049833 0.06312292358803986 0.8704318936877077 0.059800664451827246 0.867109634551495 0.059800664451827246 0.8571428571428571 0.04983388704318937 0.8471760797342193 0.04983388704318937 0.8438538205980066 0.046511627906976744 0.840531561461794 0.046511627906976744 0.8305647840531561 0.04983388704318937 0.8272425249169435 0.04983388704318937 0.8172757475083057 0.053156146179401995 0.813953488372093 0.053156146179401995 0.8039867109634552 0.05647840531561462 0.8006644518272426 0.05647840531561462 0.7641196013289037 0.059800664451827246 0.760797342192691 0.059800664451827246 0.7342192691029901 0.05647840531561462 0.7308970099667774 0.05647840531561462 0.7242524916943521 0.053156146179401995 0.7209302325581395 0.053156146179401995 0.717607973421927 0.04983388704318937 0.7142857142857143 0.04983388704318937 0.7109634551495017 0.046511627906976744 0.707641196013289 0.04318936877076412 0.6976744186046512 0.029900332225913623 0.6843853820598007 0.026578073089700997 0.6843853820598007 0.023255813953488372 0.6810631229235881 0.023255813953488372 0.6677740863787376 0.026578073089700997 0.6644518272425249 0.029900332225913623 0.6644518272425249 0.03322259136212625 0.6611295681063123 0.03986710963455149 0.6611295681063123 0.04318936877076412 0.6644518272425249 0.053156146179401995 0.6644518272425249 0.05647840531561462 0.6611295681063123 0.059800664451827246 0.6611295681063123 0.0664451827242525 0.654485049833887 0.0664451827242525 0.6478405315614618 0.06976744186046512 0.6445182724252492 0.06976744186046512 0.6345514950166113 0.0664451827242525 0.6312292358803987 0.0664451827242525 0.627906976744186 0.06312292358803986 0.6245847176079734 0.059800664451827246 0.6245847176079734 0.053156146179401995 0.6179401993355482 0.053156146179401995 0.6146179401993356 0.059800664451827246 0.6046511627906976 0.059800664451827246 0.584717607973422 0.04983388704318937 0.574750830564784 0.04983388704318937 0.5714285714285714 0.046511627906976744 0.5681063122923588 0.053156146179401995 0.5581395348837209 0.053156146179401995 0.5282392026578073 0.05647840531561462 0.5249169435215947 0.05647840531561462 0.5149501661129569 0.053156146179401995 0.5116279069767442 0.053156146179401995 0.4983388704318937 0.05647840531561462 0.4950166112956811 0.05647840531561462 0.49169435215946844 0.06312292358803986 0.4850498338870432 0.06312292358803986 0.48172757475083056 0.06976744186046512 0.4717607973421927 0.06976744186046512 0.4485049833887043 0.0664451827242525 0.44518272425249167 0.0664451827242525 0.43521594684385384 0.06312292358803986 0.4318936877076412 0.0664451827242525 0.42857142857142855 0.0664451827242525 0.42524916943521596 0.06976744186046512 0.4219269102990033 0.08970099667774087 0.4219269102990033 0.09634551495016612 0.4152823920265781 0.09634551495016612 0.39867109634551495 0.08970099667774087 0.3920265780730897 0.08637873754152824 0.3920265780730897 0.08305647840531562 0.38870431893687707 0.07308970099667775 0.3853820598006645 0.0664451827242525 0.3787375415282392 0.0664451827242525 0.3754152823920266 0.06312292358803986 0.37209302325581395 0.06312292358803986 0.3654485049833887 0.0664451827242525 0.36212624584717606 0.0664451827242525 0.3488372093023256 0.06312292358803986 0.34551495016611294 0.06312292358803986 0.33554817275747506 0.05647840531561462 0.3289036544850498 0.05647840531561462 0.32558139534883723 0.053156146179401995 0.3222591362126246 0.053156146179401995 0.31561461794019935 0.059800664451827246 0.3089700996677741 0.059800664451827246 0.3023255813953488 0.06312292358803986 0.29900332225913623 0.06312292358803986 0.2724252491694352 0.059800664451827246 0.2691029900332226 0.059800664451827246 0.26578073089701 0.053156146179401995 0.2591362126245847 0.053156146179401995 0.2026578073089701 0.04983388704318937 0.19933554817275748 0.05647840531561462 0.1893687707641196 0.05647840531561462 0.18272425249169436 0.06312292358803986 0.1760797342192691 0.06312292358803986 0.15946843853820597 0.0664451827242525 0.15614617940199335 0.0664451827242525 0.1461794019933555 0.06312292358803986 0.14285714285714285 0.06312292358803986 0.12956810631229235 0.053156146179401995 0.12624584717607973 0.046511627906976744 0.11960132890365449 0.046511627906976744 0.11627906976744186 0.04983388704318937 0.11295681063122924 0.053156146179401995 0.11295681063122924 0.053156146179401995 0.10631229235880399 0.04983388704318937 0.10631229235880399 0.04318936877076412 0.09966777408637874 0.04318936877076412 0.09302325581395349 0.03986710963455149 0.08970099667774087 0.03986710963455149 0.0664451827242525 0.04318936877076412 0.06312292358803986 0.04318936877076412 0.059800664451827246 0.04983388704318937 0.053156146179401995 0.053156146179401995 0.053156146179401995 0.05647840531561462 0.04983388704318937 0.05647840531561462 0.029900332225913623 0.06312292358803986 0.019933554817275746 0.06312292358803986 0.006644518272425249
2 0.7973421926910299 0.7541528239202658 0.7906976744186046 0.7541528239202658 0.7873754152823921 0.7574750830564784 0.7873754152823921 0.7674418604651163 0.7840531561461794 0.770764119601329 0.7807308970099668 0.7674418604651163 0.7740863787375415 0.7674418604651163 0.770764119601329 0.770764119601329 0.7441860465116279 0.770764119601329 0.7408637873754153 0.7674418604651163 0.7342192691029901 0.7674418604651163 0.7308970099667774 0.770764119601329 0.7275747508305648 0.770764119601329 0.7242524916943521 0.7740863787375415 0.707641196013289 0.7740863787375415 0.7043189368770764 0.770764119601329 0.6943521594684385 0.770764119601329 0.6910299003322259 0.7674418604651163 0.6744186046511628 0.7674418604651163 0.6710963455149501 0.770764119601329 0.6677740863787376 0.7674418604651163 0.6578073089700996 0.7674418604651163 0.654485049833887 0.770764119601329 0.6445182724252492 0.770764119601329 0.6411960132890365 0.7740863787375415 0.6378737541528239 0.7740863787375415 0.6345514950166113 0.7774086378737541 0.6312292358803987 0.7774086378737541 0.6212624584717608 0.7873754152823921 0.6212624584717608 0.7906976744186046 0.6146179401993356 0.7973421926910299 0.6112956810631229 0.7973421926910299 0.6079734219269103 0.8006644518272426 0.6079734219269103 0.8073089700996677 0.6146179401993356 0.8073089700996677 0.6179401993355482 0.8039867109634552 0.6212624584717608 0.8039867109634552 0.6411960132890365 0.7840531561461794 0.6445182724252492 0.7840531561461794 0.6478405315614618 0.7807308970099668 0.6578073089700996 0.7807308970099668 0.6611295681063123 0.7774086378737541 0.6943521594684385 0.7774086378737541 0.6976744186046512 0.7807308970099668 0.707641196013289 0.7807308970099668 0.7109634551495017 0.7840531561461794 0.7242524916943521 0.7840531561461794 0.7308970099667774 0.7774086378737541 0.7408637873754153 0.7774086378737541 0.7441860465116279 0.7807308970099668 0.7541528239202658 0.7807308970099668 0.7574750830564784 0.7774086378737541 0.7740863787375415 0.7774086378737541 0.7774086378737541 0.7807308970099668 0.7774086378737541 0.7840531561461794 0.760797342192691 0.8006644518272426 0.7475083056478405 0.8006644518272426 0.7441860465116279 0.8039867109634552 0.7342192691029901 0.8039867109634552 0.7308970099667774 0.8073089700996677 0.7209302325581395 0.8073089700996677 0.7142857142857143 0.813953488372093 0.707641196013289 0.813953488372093 0.7009966777408638 0.8205980066445183 0.6877076411960132 0.8205980066445183 0.6810631229235881 0.8272425249169435 0.6644518272425249 0.8272425249169435 0.6611295681063123 0.8239202657807309 0.6478405315614618 0.8239202657807309 0.6445182724252492 0.8272425249169435 0.6411960132890365 0.8272425249169435 0.6411960132890365 0.8305647840531561 0.6378737541528239 0.8338870431893688 0.6378737541528239 0.8372093023255814 0.6345514950166113 0.840531561461794 0.6345514950166113 0.8471760797342193 0.6411960132890365 0.8471760797342193 0.6445182724252492 0.8438538205980066 0.6445182724252492 0.840531561461794 0.6511627906976745 0.8338870431893688 0.654485049833887 0.8338870431893688 0.6578073089700996 0.8372093023255814 0.6843853820598007 0.8372093023255814 0.6877076411960132 0.8338870431893688 0.7043189368770764 0.8338870431893688 0.7109634551495017 0.8272425249169435 0.7142857142857143 0.8272425249169435 0.7242524916943521 0.8172757475083057 0.7308970099667774 0.8172757475083057 0.7342192691029901 0.813953488372093 0.7508305647840532 0.813953488372093 0.7541528239202658 0.8106312292358804 0.7574750830564784 0.8106312292358804 0.760797342192691 0.8073089700996677 0.7740863787375415 0.8073089700996677 0.7740863787375415 0.8039867109634552 0.7807308970099668 0.7973421926910299 0.7807308970099668 0.7906976744186046 0.7840531561461794 0.7873754152823921 0.7840531561461794 0.7840531561461794 0.7906976744186046 0.7774086378737541 0.7940199335548173 0.7774086378737541 0.7940199335548173 0.770764119601329 0.7973421926910299 0.7674418604651163
2 0.8538205980066446 0.6677740863787376 0.8471760797342193 0.6677740863787376 0.8438538205980066 0.6710963455149501 0.8438538205980066 0.6744186046511628 0.8305647840531561 0.6877076411960132 0.8272425249169435 0.6877076411960132 0.8272425249169435 0.6976744186046512 0.8372093023255814 0.6976744186046512 0.8504983388704319 0.6843853820598007 0.8504983388704319 0.6810631229235881 0.8538205980066446 0.6777408637873754