0 0 0.23529411764705882 0 0.4730392156862745 0.007352941176470588 0.4730392156862745 0.007352941176470588 0.47058823529411764 0.012254901960784314 0.46568627450980393 0.012254901960784314 0.46078431372549017 0.00980392156862745 0.4583333333333333 0.00980392156862745 0.4534313725490196 0.012254901960784314 0.45098039215686275 0.012254901960784314 0.4485294117647059 0.014705882352941176 0.44607843137254904 0.014705882352941176 0.4411764705882353 0.0196078431372549 0.4362745098039216 0.024509803921568627 0.4362745098039216 0.02696078431372549 0.4387254901960784 0.029411764705882353 0.4387254901960784 0.029411764705882353 0.4362745098039216 0.024509803921568627 0.4362745098039216 0.022058823529411766 0.4338235294117647 0.0196078431372549 0.4338235294117647 0.01715686274509804 0.43137254901960786 0.01715686274509804 0.42892156862745096 0.014705882352941176 0.4264705882352941 0.014705882352941176 0.4166666666666667 0.01715686274509804 0.41421568627450983 0.022058823529411766 0.41421568627450983 0.022058823529411766 0.4019607843137255 0.0196078431372549 0.39950980392156865 0.0196078431372549 0.39705882352941174 0.022058823529411766 0.3946078431372549 0.022058823529411766 0.39215686274509803 0.02696078431372549 0.3872549019607843 0.031862745098039214 0.3872549019607843 0.03431372549019608 0.3897058823529412 0.03676470588235294 0.3872549019607843 0.03676470588235294 0.38480392156862747 0.0392156862745098 0.38235294117647056 0.04411764705882353 0.38235294117647056 0.04656862745098039 0.38480392156862747 0.049019607843137254 0.38480392156862747 0.05392156862745098 0.3799019607843137 0.05392156862745098 0.37745098039215685 0.06372549019607843 0.36764705882352944 0.0661764705882353 0.36764705882352944 0.06862745098039216 0.36519607843137253 0.07352941176470588 0.36519607843137253 0.07352941176470588 0.35294117647058826 0.07598039215686274 0.35049019607843135 0.07598039215686274 0.3480392156862745 0.0857843137254902 0.3382352941176471 0.0857843137254902 0.33578431372549017 0.08823529411764706 0.3333333333333333 0.08823529411764706 0.3284313725490196 0.09068627450980392 0.32598039215686275 0.09068627450980392 0.31862745098039214 0.08823529411764706 0.3161764705882353 0.08823529411764706 0.3112745098039216 0.0857843137254902 0.3088235294117647 0.0857843137254902 0.30637254901960786 0.09313725490196079 0.29901960784313725 0.09313725490196079 0.2965686274509804 0.09558823529411764 0.29411764705882354 0.09313725490196079 0.2916666666666667 0.09313725490196079 0.2867647058823529 0.09558823529411764 0.28431372549019607 0.09558823529411764 0.27941176470588236 0.09313725490196079 0.2769607843137255 0.09313725490196079 0.27450980392156865 0.09068627450980392 0.27205882352941174 0.09068627450980392 0.2647058823529412 0.0857843137254902 0.25980392156862747 0.08333333333333333 0.25980392156862747 0.08088235294117647 0.25735294117647056 0.0784313725490196 0.25735294117647056 0.07598039215686274 0.2549019607843137 0.07352941176470588 0.2549019607843137 0.06862745098039216 0.25 0.0392156862745098 0.25 0.03676470588235294 0.24754901960784315 0.029411764705882353 0.24754901960784315 0.02696078431372549 0.24509803921568626 0.022058823529411766 0.24509803921568626 0.0196078431372549 0.2426470588235294 0.01715686274509804 0.2426470588235294 0.014705882352941176 0.24019607843137256 0.012254901960784314 0.24019607843137256 0.007352941176470588 0.23529411764705882
0 0.1715686274509804 0.01715686274509804 0.16666666666666666 0.01715686274509804 0.1642156862745098 0.014705882352941176 0.16176470588235295 0.014705882352941176 0.1568627450980392 0.0196078431372549 0.15441176470588236 0.0196078431372549 0.15196078431372548 0.022058823529411766 0.15196078431372548 0.024509803921568627 0.14950980392156862 0.02696078431372549 0.14950980392156862 0.029411764705882353 0.14215686274509803 0.03676470588235294 0.14215686274509803 0.0392156862745098 0.13480392156862744 0.04656862745098039 0.1323529411764706 0.04656862745098039 0.125 0.05392156862745098 0.10049019607843138 0.05392156862745098 0.09803921568627451 0.051470588235294115 0.09068627450980392 0.051470588235294115 0.08823529411764706 0.05392156862745098 0.0784313725490196 0.05392156862745098 0.07598039215686274 0.056372549019607844 0.0661764705882353 0.056372549019607844 0.06372549019607843 0.05392156862745098 0.061274509803921566 0.05392156862745098 0.058823529411764705 0.051470588235294115 0.04656862745098039 0.051470588235294115 0.04411764705882353 0.049019607843137254 0.031862745098039214 0.049019607843137254 0.022058823529411766 0.058823529411764705 0.012254901960784314 0.058823529411764705 0.00980392156862745 0.056372549019607844 0.00980392156862745 0.058823529411764705 0.007352941176470588 0.061274509803921566 0.004901960784313725 0.061274509803921566 0.0024509803921568627 0.06372549019607843 0 0.06372549019607843 0 0.09803921568627451 0.0024509803921568627 0.10049019607843138 0.007352941176470588 0.10049019607843138 0.00980392156862745 0.10294117647058823 0.01715686274509804 0.10294117647058823 0.0196078431372549 0.1053921568627451 0.024509803921568627 0.1053921568627451 0.02696078431372549 0.10784313725490197 0.031862745098039214 0.10784313725490197 0.03431372549019608 0.11029411764705882 0.0392156862745098 0.11029411764705882 0.041666666666666664 0.11274509803921569 0.04656862745098039 0.11274509803921569 0.049019607843137254 0.11519607843137254 0.051470588235294115 0.11519607843137254 0.056372549019607844 0.12009803921568628 0.058823529411764705 0.12009803921568628 0.06372549019607843 0.125 0.0661764705882353 0.125 0.06862745098039216 0.12745098039215685 0.07107843137254902 0.12745098039215685 0.07352941176470588 0.12990196078431374 0.07598039215686274 0.12990196078431374 0.0784313725490196 0.1323529411764706 0.08088235294117647 0.1323529411764706 0.08333333333333333 0.13480392156862744 0.0857843137254902 0.13480392156862744 0.08823529411764706 0.13725490196078433 0.09068627450980392 0.13725490196078433 0.09313725490196079 0.13970588235294118 0.09558823529411764 0.13970588235294118 0.09803921568627451 0.14215686274509803 0.10049019607843138 0.14215686274509803 0.10294117647058823 0.14460784313725492 0.12254901960784313 0.14460784313725492 0.125 0.14705882352941177 0.13480392156862744 0.14705882352941177 0.14215686274509803 0.13970588235294118 0.14215686274509803 0.13480392156862744 0.14460784313725492 0.1323529411764706 0.14460784313725492 0.12745098039215685 0.14705882352941177 0.125 0.14705882352941177 0.12254901960784313 0.15196078431372548 0.11764705882352941 0.15196078431372548 0.11519607843137254 0.15441176470588236 0.11274509803921569 0.15441176470588236 0.11029411764705882 0.1568627450980392 0.10784313725490197 0.1568627450980392 0.1053921568627451 0.16666666666666666 0.09558823529411764 0.16666666666666666 0.061274509803921566 0.1642156862745098 0.058823529411764705 0.1642156862745098 0.051470588235294115 0.16666666666666666 0.049019607843137254 0.16666666666666666 0.031862745098039214 0.16911764705882354 0.029411764705882353 0.16911764705882354 0.022058823529411766 0.1715686274509804 0.0196078431372549
0 0 0.04411764705882353 0.004901960784313725 0.0392156862745098 0.024509803921568627 0.0392156862745098 0.02696078431372549 0.03676470588235294 0.0661764705882353 0.03676470588235294 0.07107843137254902 0.041666666666666664 0.07352941176470588 0.0392156862745098 0.08088235294117647 0.0392156862745098 0.08333333333333333 0.03676470588235294 0.10294117647058823 0.03676470588235294 0.1053921568627451 0.0392156862745098 0.12009803921568628 0.0392156862745098 0.125 0.03431372549019608 0.12745098039215685 0.03431372549019608 0.12745098039215685 0.031862745098039214 0.13970588235294118 0.0196078431372549 0.13970588235294118 0.01715686274509804 0.14215686274509803 0.014705882352941176 0.14215686274509803 0.012254901960784314 0.14950980392156862 0.004901960784313725 0.15196078431372548 0.004901960784313725 0.15441176470588236 0.0024509803921568627 0.15931372549019607 0.0024509803921568627 0.15931372549019607 0 0 0
0 0.0024509803921568627 0.6299019607843137 0 0.6299019607843137 0 0.6666666666666666 0 0.6642156862745098 0.0024509803921568627 0.6617647058823529 0.0024509803921568627 0.6593137254901961 0.004901960784313725 0.6568627450980392 0.004901960784313725 0.6495098039215687 0.007352941176470588 0.6470588235294118 0.007352941176470588 0.6348039215686274
0 0.012254901960784314 0.5171568627450981 0.00980392156862745 0.5147058823529411 0.00980392156862745 0.5122549019607843 0.007352941176470588 0.5098039215686274 0.004901960784313725 0.5122549019607843 0.0024509803921568627 0.5122549019607843 0 0.5147058823529411 0 0.5196078431372549 0.00980392156862745 0.5196078431372549
1 0.19362745098039216 0.25980392156862747 0.19117647058823528 0.27941176470588236 0.18872549019607843 0.2818627450980392 0.18872549019607843 0.30637254901960786 0.18137254901960784 0.3137254901960784 0.18137254901960784 0.3235294117647059 0.18627450980392157 0.3284313725490196 0.18627450980392157 0.34558823529411764 0.17892156862745098 0.35049019607843135 0.17647058823529413 0.3627450980392157 0.18382352941176472 0.37745098039215685 0.18872549019607843 0.3799019607843137 0.17647058823529413 0.38480392156862747 0.17647058823529413 0.39215686274509803 0.18137254901960784 0.39705882352941174 0.18137254901960784 0.4019607843137255 0.17647058823529413 0.4068627450980392 0.17647058823529413 0.4166666666666667 0.17892156862745098 0.41911764705882354 0.1715686274509804 0.42401960784313725 0.1715686274509804 0.44362745098039214 0.16666666666666666 0.4485294117647059 0.16176470588235295 0.4485294117647059 0.16176470588235295 0.4583333333333333 0.15931372549019607 0.46078431372549017 0.15441176470588236 0.4877450980392157 0.14215686274509803 0.5024509803921569 0.1323529411764706 0.5220588235294118 0.1323529411764706 0.5318627450980392 0.13480392156862744 0.5343137254901961 0.1323529411764706 0.5612745098039216 0.14950980392156862 0.5808823529411765 0.1642156862745098 0.5857843137254902 0.18137254901960784 0.5857843137254902 0.18627450980392157 0.5906862745098039 0.22058823529411764 0.5906862745098039 0.2549019607843137 0.6029411764705882 0.26715686274509803 0.6151960784313726 0.27205882352941174 0.6151960784313726 0.27941176470588236 0.6200980392156863 0.3235294117647059 0.625 0.33088235294117646 0.6299019607843137 0.33088235294117646 0.6348039215686274 0.33578431372549017 0.6397058823529411 0.35784313725490197 0.6470588235294118 0.36519607843137253 0.6519607843137255 0.37745098039215685 0.6519607843137255 0.39950980392156865 0.6666666666666666 0.4215686274509804 0.6862745098039216 0.4852941176470588 0.6911764705882353 0.4877450980392157 0.6887254901960784 0.49754901960784315 0.6887254901960784 0.5024509803921569 0.6813725490196079 0.5049019607843137 0.6838235294117647 0.5122549019607843 0.6838235294117647 0.5171568627450981 0.678921568627451 0.5343137254901961 0.678921568627451 0.5416666666666666 0.6862745098039216 0.5612745098039216 0.6911764705882353 0.5686274509803921 0.696078431372549 0.5784313725490197 0.696078431372549 0.5882352941176471 0.7009803921568627 0.5955882352941176 0.7132352941176471 0.6151960784313726 0.7352941176470589 0.6372549019607843 0.7426470588235294 0.6446078431372549 0.7426470588235294 0.6544117647058824 0.7475490196078431 0.6691176470588235 0.7475490196078431 0.6715686274509803 0.75 0.6838235294117647 0.75 0.6838235294117647 0.7450980392156863 0.6887254901960784 0.7401960784313726 0.7034313725490197 0.7377450980392157 0.7058823529411765 0.7401960784313726 0.7058823529411765 0.7573529411764706 0.7034313725490197 0.7647058823529411 0.7083333333333334 0.7696078431372549 0.7083333333333334 0.7769607843137255 0.7254901960784313 0.7794117647058824 0.7573529411764706 0.7941176470588235 0.7941176470588235 0.7990196078431373 0.7965686274509803 0.8014705882352942 0.8259803921568627 0.803921568627451 0.8799019607843137 0.8235294117647058 0.8872549019607843 0.8235294117647058 0.9191176470588235 0.8382352941176471 0.9509803921568627 0.8480392156862745 0.9705882352941176 0.8578431372549019 0.9852941176470589 0.8700980392156863 0.9975490196078431 0.8725490196078431 0.9975490196078431 0.5392156862745098 0.9852941176470589 0.5367647058823529 0.9730392156862745 0.5294117647058824 0.9607843137254902 0.5294117647058824 0.9509803921568627 0.5220588235294118 0.9313725490196079 0.5171568627450981 0.9166666666666666 0.5 0.9142156862745098 0.4877450980392157 0.9044117647058824 0.47549019607843135 0.8774509803921569 0.4632352941176471 0.8627450980392157 0.4534313725490196 0.8480392156862745 0.4534313725490196 0.8455882352941176 0.45098039215686275 0.8406862745098039 0.4583333333333333 0.8259803921568627 0.45588235294117646 0.8186274509803921 0.47058823529411764 0.8088235294117647 0.47794117647058826 0.8063725490196079 0.5245098039215687 0.7941176470588235 0.5514705882352942 0.7941176470588235 0.5686274509803921 0.7867647058823529 0.5857843137254902 0.7843137254901961 0.6446078431372549 0.7745098039215687 0.6593137254901961 0.7671568627450981 0.6593137254901961 0.7573529411764706 0.6642156862745098 0.7475490196078431 0.696078431372549 0.7328431372549019 0.7181372549019608 0.7328431372549019 0.7230392156862745 0.7230392156862745 0.7328431372549019 0.7156862745098039 0.7352941176470589 0.7107843137254902 0.7401960784313726 0.7058823529411765 0.7401960784313726 0.7034313725490197 0.7377450980392157 0.7034313725490197 0.6887254901960784 0.7058823529411765 0.6813725490196079 0.7181372549019608 0.6666666666666666 0.7426470588235294 0.6470588235294118 0.7475490196078431 0.6274509803921569 0.7524509803921569 0.6225490196078431 0.75 0.6176470588235294 0.75 0.5857843137254902 0.7573529411764706 0.5686274509803921 0.7647058823529411 0.5588235294117647 0.7647058823529411 0.5514705882352942 0.7843137254901961 0.5171568627450981 0.7843137254901961 0.5073529411764706 0.7892156862745098 0.4950980392156863 0.7892156862745098 0.45588235294117646 0.7867647058823529 0.4485294117647059 0.7916666666666666 0.44607843137254904 0.7916666666666666 0.44362745098039214 0.7696078431372549 0.4362745098039216 0.7622549019607843 0.4362745098039216 0.7303921568627451 0.42401960784313725 0.7230392156862745 0.42401960784313725 0.6911764705882353 0.4117647058823529 0.6838235294117647 0.4117647058823529 0.6764705882352942 0.4068627450980392 0.6642156862745098 0.40441176470588236 0.6176470588235294 0.38480392156862747 0.5514705882352942 0.3700980392156863 0.47058823529411764 0.34068627450980393 0.4534313725490196 0.3382352941176471 0.44362745098039214 0.3333333333333333 0.4362745098039216 0.3333333333333333 0.39950980392156865 0.32107843137254904 0.39215686274509803 0.32107843137254904 0.3602941176470588 0.3088235294117647 0.35294117647058826 0.3088235294117647 0.25980392156862747 0.27205882352941174 0.25245098039215685 0.27205882352941174 0.20833333333333334 0.25735294117647056 0.19607843137254902 0.25735294117647056
1 0.24509803921568626 0.12254901960784313 0.25 0.12254901960784313 0.2647058823529412 0.13725490196078433 0.26715686274509803 0.13725490196078433 0.27205882352941174 0.14215686274509803 0.27941176470588236 0.14460784313725492 0.3014705882352941 0.16176470588235295 0.30637254901960786 0.16176470588235295 0.3088235294117647 0.1642156862745098 0.3161764705882353 0.16666666666666666 0.3235294117647059 0.17401960784313725 0.32598039215686275 0.17401960784313725 0.3431372549019608 0.18872549019607843 0.34558823529411764 0.18872549019607843 0.3480392156862745 0.19117647058823528 0.3553921568627451 0.19117647058823528 0.35784313725490197 0.19362745098039216 0.3602941176470588 0.19362745098039216 0.3627450980392157 0.19607843137254902 0.3799019607843137 0.2034313725490196 0.3897058823529412 0.21323529411764705 0.39215686274509803 0.21323529411764705 0.39950980392156865 0.2181372549019608 0.40441176470588236 0.2181372549019608 0.4117647058823529 0.22303921568627452 0.42401960784313725 0.22303921568627452 0.4264705882352941 0.22549019607843138 0.4338235294117647 0.22549019607843138 0.4362745098039216 0.22794117647058823 0.4411764705882353 0.22794117647058823 0.44362745098039214 0.23039215686274508 0.46078431372549017 0.23039215686274508 0.4632352941176471 0.23284313725490197 0.4681372549019608 0.23284313725490197 0.47058823529411764 0.23039215686274508 0.4730392156862745 0.23284313725490197 0.47549019607843135 0.23284313725490197 0.47794117647058826 0.23529411764705882 0.4950980392156863 0.2426470588235294 0.5147058823529411 0.25980392156862747 0.5392156862745098 0.25980392156862747 0.5416666666666666 0.25735294117647056 0.5441176470588235 0.25735294117647056 0.571078431372549 0.27205882352941174 0.5759803921568627 0.27205882352941174 0.5784313725490197 0.27450980392156865 0.5833333333333334 0.27450980392156865 0.5857843137254902 0.2769607843137255 0.5906862745098039 0.2769607843137255 0.5931372549019608 0.27941176470588236 0.5980392156862745 0.27941176470588236 0.6004901960784313 0.2818627450980392 0.6127450980392157 0.28431372549019607 0.6151960784313726 0.2867647058823529 0.6176470588235294 0.2867647058823529 0.625 0.29411764705882354 0.6372549019607843 0.29411764705882354 0.6397058823529411 0.2965686274509804 0.6446078431372549 0.2965686274509804 0.6544117647058824 0.30392156862745096 0.6666666666666666 0.30392156862745096 0.6691176470588235 0.30637254901960786 0.6985294117647058 0.30637254901960786 0.6985294117647058 0.30392156862745096 0.7034313725490197 0.29901960784313725 0.7083333333333334 0.29901960784313725 0.7107843137254902 0.2965686274509804 0.7181372549019608 0.30392156862745096 0.7230392156862745 0.30392156862745096 0.7254901960784313 0.3014705882352941 0.7328431372549019 0.3014705882352941 0.7352941176470589 0.30392156862745096 0.7450980392156863 0.30392156862745096 0.75 0.29901960784313725 0.7573529411764706 0.29901960784313725 0.7598039215686274 0.3014705882352941 0.7671568627450981 0.3014705882352941 0.7745098039215687 0.30637254901960786 0.7843137254901961 0.30637254901960786 0.7941176470588235 0.3161764705882353 0.7941176470588235 0.31862745098039214 0.7916666666666666 0.32107843137254904 0.7916666666666666 0.3284313725490196 0.8014705882352942 0.3382352941176471 0.8063725490196079 0.3382352941176471 0.8088235294117647 0.34068627450980393 0.8284313725490197 0.34068627450980393 0.8357843137254902 0.34558823529411764 0.8357843137254902 0.34068627450980393 0.8333333333333334 0.3382352941176471 0.8333333333333334 0.33088235294117646 0.8308823529411765 0.3284313725490196 0.8308823529411765 0.3235294117647059 0.8284313725490197 0.3235294117647059 0.8259803921568627 0.32107843137254904 0.8259803921568627 0.3137254901960784 0.8284313725490197 0.3112745098039216 0.8333333333333334 0.3112745098039216 0.8333333333333334 0.30392156862745096 0.8308823529411765 0.3014705882352941 0.8308823529411765 0.28921568627450983 0.8333333333333334 0.2867647058823529 0.8357843137254902 0.27941176470588236 0.8406862745098039 0.27450980392156865 0.8431372549019608 0.27450980392156865 0.8431372549019608 0.2647058823529412 0.8480392156862745 0.25980392156862747 0.8455882352941176 0.25735294117647056 0.8455882352941176 0.25245098039215685 0.8529411764705882 0.24509803921568626 0.8553921568627451 0.24509803921568626 0.8578431372549019 0.2426470588235294 0.8602941176470589 0.23529411764705882 0.8627450980392157 0.23284313725490197 0.8651960784313726 0.23284313725490197 0.8725490196078431 0.22549019607843138 0.875 0.22549019607843138 0.8799019607843137 0.2181372549019608 0.8799019607843137 0.20833333333333334 0.8774509803921569 0.20588235294117646 0.8774509803921569 0.18382352941176472 0.8799019607843137 0.18137254901960784 0.8823529411764706 0.16911764705882354 0.8872549019607843 0.1642156862745098 0.8872549019607843 0.16176470588235295 0.8946078431372549 0.15196078431372548 0.8946078431372549 0.14460784313725492 0.8921568627450981 0.14215686274509803 0.8921568627450981 0.1323529411764706 0.8897058823529411 0.12990196078431374 0.8897058823529411 0.125 0.8872549019607843 0.12254901960784313 0.8872549019607843 0.11274509803921569 0.8946078431372549 0.10294117647058823 0.9019607843137255 0.10049019607843138 0.9044117647058824 0.09803921568627451 0.9044117647058824 0.09558823529411764 0.9142156862745098 0.0857843137254902 0.9166666666666666 0.0857843137254902 0.9215686274509803 0.08088235294117647 0.928921568627451 0.0784313725490196 0.946078431372549 0.061274509803921566 0.9583333333333334 0.058823529411764705 0.9632352941176471 0.05392156862745098 0.9632352941176471 0.04411764705882353 0.9607843137254902 0.041666666666666664 0.9607843137254902 0.0392156862745098 0.9583333333333334 0.0392156862745098 0.9534313725490197 0.03431372549019608 0.9362745098039216 0.03431372549019608 0.9338235294117647 0.03676470588235294 0.9191176470588235 0.03676470588235294 0.9166666666666666 0.03431372549019608 0.9142156862745098 0.03431372549019608 0.9117647058823529 0.03676470588235294 0.9019607843137255 0.03676470588235294 0.8995098039215687 0.03431372549019608 0.8921568627450981 0.031862745098039214 0.8848039215686274 0.024509803921568627 0.8848039215686274 0.01715686274509804 0.8823529411764706 0.014705882352941176 0.8799019607843137 0.014705882352941176 0.8578431372549019 0.0024509803921568627 0.8480392156862745 0.0024509803921568627 0.8455882352941176 0.004901960784313725 0.8382352941176471 0.004901960784313725 0.8308823529411765 0 0.26715686274509803 0 0.26715686274509803 0.03431372549019608 0.2647058823529412 0.03676470588235294 0.2647058823529412 0.041666666666666664 0.2622549019607843 0.04411764705882353 0.2622549019607843 0.058823529411764705 0.25980392156862747 0.061274509803921566 0.25735294117647056 0.07352941176470588 0.2549019607843137 0.07598039215686274 0.2549019607843137 0.0784313725490196 0.25 0.0857843137254902 0.25 0.09068627450980392 0.24754901960784315 0.09313725490196079 0.24754901960784315 0.10784313725490197 0.24509803921568626 0.11029411764705882
1 0.05392156862745098 0.9215686274509803 0.058823529411764705 0.9264705882352942 0.06862745098039216 0.9264705882352942 0.07107843137254902 0.928921568627451 0.07107843137254902 0.9387254901960784 0.06862745098039216 0.9411764705882353 0.0661764705882353 0.9387254901960784 0.061274509803921566 0.9387254901960784 0.061274509803921566 0.946078431372549 0.06372549019607843 0.946078431372549 0.06862745098039216 0.9534313725490197 0.07598039215686274 0.9534313725490197 0.07598039215686274 0.9509803921568627 0.0784313725490196 0.9485294117647058 0.0857843137254902 0.9485294117647058 0.08823529411764706 0.9509803921568627 0.08823529411764706 0.9607843137254902 0.09313725490196079 0.9681372549019608 0.10049019607843138 0.9705882352941176 0.11029411764705882 0.9803921568627451 0.11519607843137254 0.9803921568627451 0.125 0.9901960784313726 0.13970588235294118 0.9901960784313726 0.14460784313725492 0.9950980392156863 0.14705882352941177 0.9950980392156863 0.14950980392156862 0.9975490196078431 0.6078431372549019 0.9975490196078431 0.6078431372549019 0.9852941176470589 0.6102941176470589 0.9828431372549019 0.6102941176470589 0.9779411764705882 0.6127450980392157 0.9754901960784313 0.6127450980392157 0.9656862745098039 0.6102941176470589 0.9632352941176471 0.6102941176470589 0.9583333333333334 0.6078431372549019 0.9558823529411765 0.6078431372549019 0.9485294117647058 0.6127450980392157 0.9436274509803921 0.6151960784313726 0.9362745098039216 0.6176470588235294 0.9338235294117647 0.6225490196078431 0.9338235294117647 0.6299019607843137 0.9264705882352942 0.6372549019607843 0.9240196078431373 0.6372549019607843 0.9215686274509803 0.6470588235294118 0.9093137254901961 0.6470588235294118 0.9068627450980392 0.6446078431372549 0.9044117647058824 0.6446078431372549 0.8995098039215687 0.6470588235294118 0.8970588235294118 0.6470588235294118 0.8921568627450981 0.6544117647058824 0.8799019607843137 0.6544117647058824 0.875 0.6568627450980392 0.8725490196078431 0.6568627450980392 0.8700980392156863 0.6642156862745098 0.8627450980392157 0.6617647058823529 0.8602941176470589 0.6617647058823529 0.8529411764705882 0.6593137254901961 0.8504901960784313 0.6544117647058824 0.8504901960784313 0.6519607843137255 0.8480392156862745 0.6446078431372549 0.8480392156862745 0.6421568627450981 0.8455882352941176 0.6372549019607843 0.8455882352941176 0.6348039215686274 0.8431372549019608 0.6274509803921569 0.8431372549019608 0.625 0.8406862745098039 0.6225490196078431 0.8406862745098039 0.6200980392156863 0.8382352941176471 0.6151960784313726 0.8382352941176471 0.6127450980392157 0.8357843137254902 0.6102941176470589 0.8382352941176471 0.6029411764705882 0.8333333333333334 0.6029411764705882 0.8284313725490197 0.6053921568627451 0.8259803921568627 0.6102941176470589 0.8259803921568627 0.6127450980392157 0.8284313725490197 0.6151960784313726 0.8259803921568627 0.6176470588235294 0.8284313725490197 0.6200980392156863 0.8284313725490197 0.6225490196078431 0.8308823529411765 0.6274509803921569 0.8308823529411765 0.6299019607843137 0.8333333333333334 0.6372549019607843 0.8333333333333334 0.6397058823529411 0.8357843137254902 0.6495098039215687 0.8357843137254902 0.6519607843137255 0.8382352941176471 0.6593137254901961 0.8382352941176471 0.6617647058823529 0.8406862745098039 0.6666666666666666 0.8406862745098039 0.6691176470588235 0.8431372549019608 0.6691176470588235 0.8480392156862745 0.6715686274509803 0.8504901960784313 0.6715686274509803 0.8553921568627451 0.6740196078431373 0.8553921568627451 0.678921568627451 0.8504901960784313 0.6838235294117647 0.8504901960784313 0.6862745098039216 0.8480392156862745 0.6911764705882353 0.8480392156862745 0.696078431372549 0.8431372549019608 0.696078431372549 0.8382352941176471 0.6715686274509803 0.8382352941176471 0.6691176470588235 0.8357843137254902 0.6642156862745098 0.8357843137254902 0.6617647058823529 0.8333333333333334 0.6568627450980392 0.8333333333333334 0.6544117647058824 0.8308823529411765 0.6495098039215687 0.8308823529411765 0.6372549019607843 0.8235294117647058 0.6299019607843137 0.8235294117647058 0.6274509803921569 0.821078431372549 0.6225490196078431 0.821078431372549 0.6200980392156863 0.8186274509803921 0.6102941176470589 0.8186274509803921 0.6078431372549019 0.8161764705882353 0.6029411764705882 0.8161764705882353 0.6004901960784313 0.8137254901960784 0.5955882352941176 0.8137254901960784 0.5931372549019608 0.8112745098039216 0.5882352941176471 0.8112745098039216 0.5857843137254902 0.8088235294117647 0.5808823529411765 0.8088235294117647 0.5784313725490197 0.8063725490196079 0.5735294117647058 0.8063725490196079 0.571078431372549 0.803921568627451 0.5661764705882353 0.803921568627451 0.5637254901960784 0.8014705882352942 0.5588235294117647 0.8014705882352942 0.5563725490196079 0.7990196078431373 0.5490196078431373 0.7990196078431373 0.5465686274509803 0.7965686274509803 0.5416666666666666 0.7965686274509803 0.5392156862745098 0.7941176470588235 0.5318627450980392 0.7941176470588235 0.5294117647058824 0.7916666666666666 0.5245098039215687 0.7916666666666666 0.5171568627450981 0.7867647058823529 0.5122549019607843 0.7867647058823529 0.5098039215686274 0.7843137254901961 0.5049019607843137 0.7843137254901961 0.49754901960784315 0.7794117647058824 0.49264705882352944 0.7794117647058824 0.4852941176470588 0.7745098039215687 0.4803921568627451 0.7745098039215687 0.47794117647058826 0.7720588235294118 0.4730392156862745 0.7720588235294118 0.46568627450980393 0.7671568627450981 0.46078431372549017 0.7671568627450981 0.4583333333333333 0.7647058823529411 0.4534313725490196 0.7647058823529411 0.44607843137254904 0.7598039215686274 0.4411764705882353 0.7598039215686274 0.4387254901960784 0.7573529411764706 0.43137254901960786 0.7573529411764706 0.42892156862745096 0.7549019607843137 0.42401960784313725 0.7549019607843137 0.4215686274509804 0.7524509803921569 0.4166666666666667 0.7524509803921569 0.41421568627450983 0.75 0.4068627450980392 0.75 0.40441176470588236 0.7475490196078431 0.39705882352941174 0.7475490196078431 0.3946078431372549 0.7450980392156863 0.3897058823529412 0.7450980392156863 0.37254901960784315 0.7352941176470589 0.36519607843137253 0.7352941176470589 0.3627450980392157 0.7328431372549019 0.35784313725490197 0.7328431372549019 0.3553921568627451 0.7303921568627451 0.35049019607843135 0.7303921568627451 0.3431372549019608 0.7254901960784313 0.33088235294117646 0.7254901960784313 0.3284313725490196 0.7279411764705882 0.32598039215686275 0.7254901960784313 0.3014705882352941 0.7254901960784313 0.29901960784313725 0.7230392156862745 0.2867647058823529 0.7230392156862745 0.28431372549019607 0.7254901960784313 0.2769607843137255 0.7181372549019608 0.27205882352941174 0.7181372549019608 0.26715686274509803 0.7230392156862745 0.2647058823529412 0.7205882352941176 0.2622549019607843 0.7205882352941176 0.25980392156862747 0.7181372549019608 0.2549019607843137 0.7181372549019608 0.25245098039215685 0.7156862745098039 0.24509803921568626 0.7156862745098039 0.2426470588235294 0.7181372549019608 0.24019607843137256 0.7181372549019608 0.23774509803921567 0.7156862745098039 0.21323529411764705 0.7156862745098039 0.2107843137254902 0.7132352941176471 0.2034313725490196 0.7132352941176471 0.20098039215686275 0.7156862745098039 0.19852941176470587 0.7156862745098039 0.19607843137254902 0.7132352941176471 0.19117647058823528 0.7132352941176471 0.18872549019607843 0.7107843137254902 0.17401960784313725 0.7107843137254902 0.1715686274509804 0.7083333333333334 0.1568627450980392 0.7083333333333334 0.15441176470588236 0.7107843137254902 0.14950980392156862 0.7107843137254902 0.14705882352941177 0.7132352941176471 0.13970588235294118 0.7156862745098039 0.13970588235294118 0.7181372549019608 0.1323529411764706 0.7254901960784313 0.12990196078431374 0.7328431372549019 0.12009803921568628 0.7426470588235294 0.12009803921568628 0.7450980392156863 0.11519607843137254 0.75 0.11519607843137254 0.7524509803921569 0.11274509803921569 0.7549019607843137 0.11274509803921569 0.7598039215686274 0.11029411764705882 0.7622549019607843 0.11029411764705882 0.7671568627450981 0.10784313725490197 0.7696078431372549 0.10784313725490197 0.7818627450980392 0.10049019607843138 0.7892156862745098 0.09803921568627451 0.7892156862745098 0.09803921568627451 0.8235294117647058 0.09558823529411764 0.8259803921568627 0.09558823529411764 0.8308823529411765 0.09068627450980392 0.8382352941176471 0.09068627450980392 0.8504901960784313 0.09313725490196079 0.8529411764705882 0.09313725490196079 0.8553921568627451 0.09068627450980392 0.8578431372549019 0.0857843137254902 0.8578431372549019 0.08333333333333333 0.8651960784313726 0.08088235294117647 0.8676470588235294 0.0784313725490196 0.8676470588235294 0.0784313725490196 0.8799019607843137 0.08088235294117647 0.8823529411764706 0.0784313725490196 0.8848039215686274 0.07598039215686274 0.8848039215686274 0.07598039215686274 0.8946078431372549 0.07107843137254902 0.8995098039215687 0.06862745098039216 0.8995098039215687 0.0661764705882353 0.9019607843137255 0.061274509803921566 0.9019607843137255 0.061274509803921566 0.9044117647058824 0.05392156862745098 0.9117647058823529
1 0.6176470588235294 0.9975490196078431 0.9975490196078431 0.9975490196078431 0.9975490196078431 0.9705882352941176 0.9950980392156863 0.9681372549019608 0.9926470588235294 0.9681372549019608 0.9852941176470589 0.9607843137254902 0.9852941176470589 0.9583333333333334 0.9828431372549019 0.9558823529411765 0.9828431372549019 0.9534313725490197 0.9803921568627451 0.9509803921568627 0.9803921568627451 0.9485294117647058 0.9779411764705882 0.9485294117647058 0.9607843137254902 0.9313725490196079 0.9607843137254902 0.928921568627451 0.9558823529411765 0.9240196078431373 0.9558823529411765 0.9215686274509803 0.9509803921568627 0.9166666666666666 0.9509803921568627 0.9142156862745098 0.9485294117647058 0.9117647058823529 0.9362745098039216 0.9117647058823529 0.9338235294117647 0.9093137254901961 0.9191176470588235 0.9093137254901961 0.9166666666666666 0.9068627450980392 0.9044117647058824 0.9068627450980392 0.8995098039215687 0.9019607843137255 0.8921568627450981 0.9019607843137255 0.8897058823529411 0.8995098039215687 0.8872549019607843 0.8995098039215687 0.8848039215686274 0.8970588235294118 0.8799019607843137 0.8970588235294118 0.8774509803921569 0.8946078431372549 0.8602941176470589 0.8946078431372549 0.8578431372549019 0.8921568627450981 0.8382352941176471 0.8921568627450981 0.8357843137254902 0.8897058823529411 0.8284313725490197 0.8897058823529411 0.8259803921568627 0.8872549019607843 0.8186274509803921 0.8872549019607843 0.8161764705882353 0.8848039215686274 0.8063725490196079 0.8848039215686274 0.803921568627451 0.8823529411764706 0.8014705882352942 0.8823529411764706 0.7990196078431373 0.8799019607843137 0.7965686274509803 0.8799019607843137 0.7941176470588235 0.8774509803921569 0.7916666666666666 0.8774509803921569 0.7892156862745098 0.875 0.7843137254901961 0.875 0.7818627450980392 0.8725490196078431 0.7794117647058824 0.8725490196078431 0.7769607843137255 0.8700980392156863 0.7745098039215687 0.8700980392156863 0.7720588235294118 0.8676470588235294 0.7696078431372549 0.8676470588235294 0.7622549019607843 0.8602941176470589 0.7598039215686274 0.8602941176470589 0.7549019607843137 0.8553921568627451 0.7475490196078431 0.8553921568627451 0.7450980392156863 0.8529411764705882 0.7401960784313726 0.8529411764705882 0.7377450980392157 0.8504901960784313 0.7254901960784313 0.8504901960784313 0.7254901960784313 0.8529411764705882 0.7156862745098039 0.8627450980392157 0.7156862745098039 0.8651960784313726 0.7083333333333334 0.8725490196078431 0.7083333333333334 0.875 0.7034313725490197 0.8799019607843137 0.7034313725490197 0.8823529411764706 0.6911764705882353 0.8946078431372549 0.6911764705882353 0.8970588235294118 0.6887254901960784 0.8995098039215687 0.6887254901960784 0.9019607843137255 0.6862745098039216 0.9044117647058824 0.6862745098039216 0.9068627450980392 0.6691176470588235 0.9240196078431373 0.6666666666666666 0.9240196078431373 0.6568627450980392 0.9338235294117647 0.6544117647058824 0.9338235294117647 0.6519607843137255 0.9362745098039216 0.6495098039215687 0.9362745098039216 0.6470588235294118 0.9387254901960784 0.6446078431372549 0.9387254901960784 0.6421568627450981 0.9411764705882353 0.6299019607843137 0.9411764705882353 0.6299019607843137 0.9436274509803921 0.6274509803921569 0.946078431372549 0.6274509803921569 0.9485294117647058 0.625 0.9509803921568627 0.625 0.9705882352941176 0.6274509803921569 0.9730392156862745 0.6274509803921569 0.9828431372549019 0.625 0.9852941176470589 0.625 0.9926470588235294 0.6200980392156863 0.9975490196078431
1 0.9975490196078431 0.0392156862745098 0.9828431372549019 0.05392156862745098 0.9828431372549019 0.061274509803921566 0.9803921568627451 0.06372549019607843 0.9803921568627451 0.0661764705882353 0.9779411764705882 0.06862745098039216 0.9779411764705882 0.07107843137254902 0.9705882352941176 0.0784313725490196 0.9705882352941176 0.08088235294117647 0.9632352941176471 0.08823529411764706 0.9632352941176471 0.09068627450980392 0.9583333333333334 0.09558823529411764 0.9485294117647058 0.09558823529411764 0.9411764705882353 0.10294117647058823 0.9387254901960784 0.10294117647058823 0.9362745098039216 0.1053921568627451 0.9362745098039216 0.11029411764705882 0.9338235294117647 0.11274509803921569 0.9338235294117647 0.12254901960784313 0.9362745098039216 0.125 0.9362745098039216 0.1323529411764706 0.9338235294117647 0.13480392156862744 0.9338235294117647 0.14950980392156862 0.9313725490196079 0.15196078431372548 0.9313725490196079 0.16176470588235295 0.928921568627451 0.1642156862745098 0.928921568627451 0.16911764705882354 0.9264705882352942 0.1715686274509804 0.9264705882352942 0.17401960784313725 0.9166666666666666 0.18382352941176472 0.9166666666666666 0.19362745098039216 0.9142156862745098 0.19607843137254902 0.9142156862745098 0.2107843137254902 0.9117647058823529 0.21323529411764705 0.9117647058823529 0.22058823529411764 0.9093137254901961 0.22303921568627452 0.9093137254901961 0.23284313725490197 0.9068627450980392 0.23529411764705882 0.9068627450980392 0.24019607843137256 0.9044117647058824 0.2426470588235294 0.9044117647058824 0.24509803921568626 0.8995098039215687 0.25 0.8995098039215687 0.25245098039215685 0.8946078431372549 0.25735294117647056 0.8946078431372549 0.25980392156862747 0.8872549019607843 0.26715686274509803 0.8872549019607843 0.2696078431372549 0.8848039215686274 0.27205882352941174 0.8848039215686274 0.27450980392156865 0.8823529411764706 0.2769607843137255 0.8823529411764706 0.27941176470588236 0.8799019607843137 0.2818627450980392 0.8799019607843137 0.2867647058823529 0.8774509803921569 0.28921568627450983 0.8774509803921569 0.29411764705882354 0.875 0.2965686274509804 0.875 0.29901960784313725 0.8725490196078431 0.3014705882352941 0.8725490196078431 0.3088235294117647 0.8700980392156863 0.3112745098039216 0.8700980392156863 0.3137254901960784 0.8725490196078431 0.3161764705882353 0.8725490196078431 0.3284313725490196 0.8700980392156863 0.33088235294117646 0.8700980392156863 0.3333333333333333 0.8651960784313726 0.3382352941176471 0.8627450980392157 0.3382352941176471 0.8627450980392157 0.34068627450980393 0.8602941176470589 0.3431372549019608 0.8602941176470589 0.35294117647058826 0.8627450980392157 0.35294117647058826 0.8651960784313726 0.3553921568627451 0.8700980392156863 0.3553921568627451 0.8725490196078431 0.35784313725490197 0.8774509803921569 0.35784313725490197 0.8774509803921569 0.3553921568627451 0.8848039215686274 0.3480392156862745 0.8872549019607843 0.35049019607843135 0.8872549019607843 0.35294117647058826 0.8921568627450981 0.35784313725490197 0.8921568627450981 0.3602941176470588 0.8946078431372549 0.3627450980392157 0.9093137254901961 0.3627450980392157 0.9117647058823529 0.3602941176470588 0.9191176470588235 0.3602941176470588 0.9215686274509803 0.35784313725490197 0.9362745098039216 0.35784313725490197 0.9387254901960784 0.3602941176470588 0.946078431372549 0.3602941176470588 0.9485294117647058 0.3627450980392157 0.9509803921568627 0.3627450980392157 0.9558823529411765 0.36764705882352944 0.9583333333333334 0.36764705882352944 0.9632352941176471 0.37254901960784315 0.9656862745098039 0.37254901960784315 0.9681372549019608 0.375 0.9754901960784313 0.375 0.9779411764705882 0.37745098039215685 0.9803921568627451 0.37745098039215685 0.9828431372549019 0.3799019607843137 0.9852941176470589 0.3799019607843137 0.9901960784313726 0.38480392156862747 0.9926470588235294 0.38480392156862747 0.9950980392156863 0.3872549019607843 0.9975490196078431 0.3872549019607843
2 0.9828431372549019 0 0.8970588235294118 0 0.8921568627450981 0.0024509803921568627 0.8872549019607843 0.00980392156862745 0.8872549019607843 0.024509803921568627 0.8921568627450981 0.029411764705882353 0.9019607843137255 0.03431372549019608 0.9117647058823529 0.03431372549019608 0.9142156862745098 0.031862745098039214 0.9191176470588235 0.03431372549019608 0.9534313725490197 0.031862745098039214 0.9632352941176471 0.0392156862745098 0.9656862745098039 0.04411764705882353 0.9656862745098039 0.05392156862745098 0.9583333333333334 0.061274509803921566 0.946078431372549 0.06372549019607843 0.928921568627451 0.08088235294117647 0.9142156862745098 0.08823529411764706 0.9068627450980392 0.09558823529411764 0.9068627450980392 0.09803921568627451 0.9019607843137255 0.10294117647058823 0.8946078431372549 0.1053921568627451 0.8897058823529411 0.11274509803921569 0.8897058823529411 0.12254901960784313 0.8946078431372549 0.1323529411764706 0.8970588235294118 0.15196078431372548 0.8848039215686274 0.16911764705882354 0.8848039215686274 0.17401960784313725 0.8799019607843137 0.18382352941176472 0.8799019607843137 0.20588235294117646 0.8823529411764706 0.20833333333333334 0.8823529411764706 0.2181372549019608 0.8799019607843137 0.22303921568627452 0.8651960784313726 0.23529411764705882 0.8627450980392157 0.23529411764705882 0.8602941176470589 0.2426470588235294 0.8480392156862745 0.25245098039215685 0.8480392156862745 0.25735294117647056 0.8529411764705882 0.2622549019607843 0.8529411764705882 0.2696078431372549 0.8455882352941176 0.2769607843137255 0.8406862745098039 0.2769607843137255 0.8333333333333334 0.28921568627450983 0.8357843137254902 0.3112745098039216 0.8333333333333334 0.3137254901960784 0.8284313725490197 0.3137254901960784 0.8284313725490197 0.32107843137254904 0.8333333333333334 0.3235294117647059 0.8382352941176471 0.34558823529411764 0.8333333333333334 0.35784313725490197 0.8284313725490197 0.3627450980392157 0.8186274509803921 0.38235294117647056 0.8186274509803921 0.40441176470588236 0.8235294117647058 0.4117647058823529 0.8161764705882353 0.4215686274509804 0.8112745098039216 0.4215686274509804 0.8063725490196079 0.42892156862745096 0.8014705882352942 0.44607843137254904 0.7965686274509803 0.45098039215686275 0.7941176470588235 0.4485294117647059 0.7892156862745098 0.4485294117647059 0.7892156862745098 0.4534313725490196 0.7916666666666666 0.45588235294117646 0.7916666666666666 0.4950980392156863 0.7892156862745098 0.49754901960784315 0.7843137254901961 0.5245098039215687 0.7769607843137255 0.5318627450980392 0.7671568627450981 0.5514705882352942 0.7671568627450981 0.5588235294117647 0.7598039215686274 0.5686274509803921 0.7524509803921569 0.5857843137254902 0.7524509803921569 0.6176470588235294 0.7549019607843137 0.6225490196078431 0.75 0.6274509803921569 0.7450980392156863 0.6470588235294118 0.7328431372549019 0.6593137254901961 0.7279411764705882 0.6593137254901961 0.7083333333333334 0.6813725490196079 0.7083333333333334 0.6862745098039216 0.7058823529411765 0.6887254901960784 0.7058823529411765 0.7377450980392157 0.7034313725490197 0.7401960784313726 0.6887254901960784 0.7426470588235294 0.6838235294117647 0.7524509803921569 0.6838235294117647 0.7647058823529411 0.6813725490196079 0.7671568627450981 0.6813725490196079 0.7745098039215687 0.6838235294117647 0.7769607843137255 0.6838235294117647 0.7965686274509803 0.6862745098039216 0.7990196078431373 0.6887254901960784 0.8186274509803921 0.6936274509803921 0.8235294117647058 0.6936274509803921 0.8284313725490197 0.6985294117647058 0.8357843137254902 0.6985294117647058 0.8431372549019608 0.6911764705882353 0.8504901960784313 0.678921568627451 0.8529411764705882 0.6715686274509803 0.8578431372549019 0.6691176470588235 0.8553921568627451 0.6666666666666666 0.8431372549019608 0.6519607843137255 0.8406862745098039 0.6495098039215687 0.8382352941176471 0.6299019607843137 0.8357843137254902 0.6151960784313726 0.8284313725490197 0.6127450980392157 0.8308823529411765 0.6102941176470589 0.8284313725490197 0.6053921568627451 0.8284313725490197 0.6053921568627451 0.8333333333333334 0.6102941176470589 0.8357843137254902 0.6127450980392157 0.8333333333333334 0.6274509803921569 0.8406862745098039 0.6348039215686274 0.8406862745098039 0.6446078431372549 0.8455882352941176 0.6593137254901961 0.8480392156862745 0.6642156862745098 0.8529411764705882 0.6642156862745098 0.8602941176470589 0.6666666666666666 0.8627450980392157 0.6593137254901961 0.8700980392156863 0.6568627450980392 0.8799019607843137 0.6495098039215687 0.8921568627450981 0.6495098039215687 0.8970588235294118 0.6470588235294118 0.8995098039215687 0.6495098039215687 0.9093137254901961 0.6397058823529411 0.9240196078431373 0.6299019607843137 0.928921568627451 0.6225490196078431 0.9362745098039216 0.6176470588235294 0.9362745098039216 0.6151960784313726 0.9436274509803921 0.6102941176470589 0.9485294117647058 0.6102941176470589 0.9558823529411765 0.6151960784313726 0.9656862745098039 0.6151960784313726 0.9754901960784313 0.6102941176470589 0.9852941176470589 0.6102941176470589 0.9975490196078431 0.6151960784313726 0.9975490196078431 0.6225490196078431 0.9926470588235294 0.6225490196078431 0.9852941176470589 0.625 0.9828431372549019 0.625 0.9730392156862745 0.6225490196078431 0.9705882352941176 0.6225490196078431 0.9509803921568627 0.6299019607843137 0.9387254901960784 0.6421568627450981 0.9387254901960784 0.6568627450980392 0.9313725490196079 0.6666666666666666 0.9215686274509803 0.6691176470588235 0.9215686274509803 0.6838235294117647 0.9068627450980392 0.6887254901960784 0.8946078431372549 0.7009803921568627 0.8823529411764706 0.7058823529411765 0.8725490196078431 0.7254901960784313 0.8480392156862745 0.7230392156862745 0.821078431372549 0.7181372549019608 0.8186274509803921 0.7181372549019608 0.8137254901960784 0.7107843137254902 0.803921568627451 0.7107843137254902 0.7965686274509803 0.7058823529411765 0.7892156862745098 0.7058823529411765 0.7696078431372549 0.7009803921568627 0.7647058823529411 0.7009803921568627 0.7598039215686274 0.7034313725490197 0.7573529411764706 0.7034313725490197 0.7401960784313726 0.7230392156862745 0.7303921568627451 0.7303921568627451 0.7230392156862745 0.7303921568627451 0.7181372549019608 0.7450980392156863 0.696078431372549 0.7450980392156863 0.6911764705882353 0.7475490196078431 0.6887254901960784 0.7549019607843137 0.6642156862745098 0.7598039215686274 0.6593137254901961 0.7745098039215687 0.6568627450980392 0.7818627450980392 0.6446078431372549 0.7818627450980392 0.6274509803921569 0.7843137254901961 0.625 0.7843137254901961 0.5857843137254902 0.7916666666666666 0.5686274509803921 0.7916666666666666 0.5514705882352942 0.7990196078431373 0.5392156862745098 0.7990196078431373 0.5343137254901961 0.803921568627451 0.5245098039215687 0.8063725490196079 0.47794117647058826 0.8161764705882353 0.47058823529411764 0.8186274509803921 0.4632352941176471 0.8259803921568627 0.4534313725490196 0.8406862745098039 0.45588235294117646 0.8480392156862745 0.44362745098039214 0.8602941176470589 0.4338235294117647 0.8602941176470589 0.4166666666666667 0.8553921568627451 0.40441176470588236 0.8504901960784313 0.39950980392156865 0.8504901960784313 0.3946078431372549 0.8455882352941176 0.3897058823529412 0.8455882352941176 0.38480392156862747 0.8529411764705882 0.375 0.8578431372549019 0.3431372549019608 0.8700980392156863 0.3284313725490196 0.8700980392156863 0.3161764705882353 0.8676470588235294 0.3112745098039216 0.8700980392156863 0.3088235294117647 0.8700980392156863 0.3014705882352941 0.875 0.29411764705882354 0.8774509803921569 0.2818627450980392 0.8848039215686274 0.26715686274509803 0.9019607843137255 0.24509803921568626 0.9068627450980392 0.23284313725490197 0.9068627450980392 0.22303921568627452 0.9117647058823529 0.2107843137254902 0.9142156862745098 0.18382352941176472 0.9240196078431373 0.17401960784313725 0.928921568627451 0.16176470588235295 0.9313725490196079 0.13480392156862744 0.9338235294117647 0.1323529411764706 0.9338235294117647 0.125 0.9313725490196079 0.12254901960784313 0.9338235294117647 0.1053921568627451 0.9485294117647058 0.09313725490196079 0.9583333333333334 0.09313725490196079 0.9607843137254902 0.09068627450980392 0.9607843137254902 0.08823529411764706 0.9754901960784313 0.07107843137254902 0.9803921568627451 0.061274509803921566 0.9803921568627451 0.05392156862745098 0.9975490196078431 0.03676470588235294 0.9975490196078431 0.029411764705882353 0.9852941176470589 0.014705882352941176 0.9852941176470589 0.0024509803921568627
2 0.17892156862745098 0 0.16176470588235295 0 0.16176470588235295 0.0024509803921568627 0.15931372549019607 0.004901960784313725 0.15441176470588236 0.004901960784313725 0.15196078431372548 0.007352941176470588 0.14950980392156862 0.007352941176470588 0.14460784313725492 0.012254901960784314 0.14460784313725492 0.014705882352941176 0.14215686274509803 0.01715686274509804 0.14215686274509803 0.0196078431372549 0.12990196078431374 0.031862745098039214 0.12990196078431374 0.03431372549019608 0.12745098039215685 0.03676470588235294 0.125 0.03676470588235294 0.12009803921568628 0.041666666666666664 0.1053921568627451 0.041666666666666664 0.10294117647058823 0.0392156862745098 0.08333333333333333 0.0392156862745098 0.08088235294117647 0.041666666666666664 0.07352941176470588 0.041666666666666664 0.07107843137254902 0.04411764705882353 0.0661764705882353 0.0392156862745098 0.02696078431372549 0.0392156862745098 0.024509803921568627 0.041666666666666664 0.004901960784313725 0.041666666666666664 0 0.04656862745098039 0 0.061274509803921566 0.0024509803921568627 0.061274509803921566 0.004901960784313725 0.058823529411764705 0.007352941176470588 0.058823529411764705 0.007352941176470588 0.056372549019607844 0.00980392156862745 0.05392156862745098 0.012254901960784314 0.056372549019607844 0.022058823529411766 0.056372549019607844 0.031862745098039214 0.04656862745098039 0.04411764705882353 0.04656862745098039 0.04656862745098039 0.049019607843137254 0.058823529411764705 0.049019607843137254 0.061274509803921566 0.051470588235294115 0.06372549019607843 0.051470588235294115 0.0661764705882353 0.05392156862745098 0.07598039215686274 0.05392156862745098 0.0784313725490196 0.051470588235294115 0.08823529411764706 0.051470588235294115 0.09068627450980392 0.049019607843137254 0.09803921568627451 0.049019607843137254 0.10049019607843138 0.051470588235294115 0.125 0.051470588235294115 0.1323529411764706 0.04411764705882353 0.13480392156862744 0.04411764705882353 0.13970588235294118 0.0392156862745098 0.13970588235294118 0.03676470588235294 0.14705882352941177 0.029411764705882353 0.14705882352941177 0.02696078431372549 0.14950980392156862 0.024509803921568627 0.14950980392156862 0.022058823529411766 0.15441176470588236 0.01715686274509804 0.1568627450980392 0.01715686274509804 0.16176470588235295 0.012254901960784314 0.1642156862745098 0.012254901960784314 0.16666666666666666 0.014705882352941176 0.1715686274509804 0.014705882352941176 0.17647058823529413 0.00980392156862745 0.17647058823529413 0.007352941176470588 0.17892156862745098 0.004901960784313725