0 0.9320652173913043 0.14402173913043478 0.9293478260869565 0.13858695652173914 0.875 0.13858695652173914 0.8722826086956522 0.14130434782608695 0.8125 0.14130434782608695 0.8097826086956522 0.14402173913043478 0.75 0.14402173913043478 0.7472826086956522 0.14673913043478262 0.6902173913043478 0.14673913043478262 0.6875 0.14945652173913043 0.625 0.14945652173913043 0.6222826086956522 0.15217391304347827 0.5978260869565217 0.15217391304347827 0.595108695652174 0.14945652173913043 0.5516304347826086 0.14673913043478262 0.5489130434782609 0.14402173913043478 0.5244565217391305 0.14402173913043478 0.5217391304347826 0.14130434782608695 0.483695652173913 0.14130434782608695 0.453804347826087 0.15760869565217392 0.43478260869565216 0.15760869565217392 0.4320652173913043 0.16032608695652173 0.38315217391304346 0.16032608695652173 0.3804347826086957 0.16304347826086957 0.37771739130434784 0.16032608695652173 0.36684782608695654 0.16032608695652173 0.3641304347826087 0.15760869565217392 0.35597826086956524 0.15760869565217392 0.3532608695652174 0.15489130434782608 0.29347826086956524 0.15489130434782608 0.2907608695652174 0.15760869565217392 0.22826086956521738 0.16032608695652173 0.21739130434782608 0.16576086956521738 0.20108695652173914 0.16847826086956522 0.1983695652173913 0.16576086956521738 0.19021739130434784 0.16576086956521738 0.1875 0.16304347826086957 0.15760869565217392 0.15489130434782608 0.15489130434782608 0.15760869565217392 0.12771739130434784 0.16032608695652173 0.125 0.16304347826086957 0.09782608695652174 0.16304347826086957 0.09510869565217392 0.16576086956521738 0.051630434782608696 0.16576086956521738 0.04891304347826087 0.16847826086956522 0.043478260869565216 0.16847826086956522 0.024456521739130436 0.1766304347826087 0.010869565217391304 0.1766304347826087 0.008152173913043478 0.1793478260869565 0 0.1793478260869565 0 0.49728260869565216 0.002717391304347826 0.4945652173913043 0.01358695652173913 0.4945652173913043 0.019021739130434784 0.49728260869565216 0.021739130434782608 0.5027173913043478 0.024456521739130436 0.5027173913043478 0.03260869565217391 0.5108695652173914 0.04076086956521739 0.5108695652173914 0.035326086956521736 0.5054347826086957 0.035326086956521736 0.5 0.043478260869565216 0.4891304347826087 0.043478260869565216 0.483695652173913 0.05434782608695652 0.47554347826086957 0.05434782608695652 0.4701086956521739 0.059782608695652176 0.46467391304347827 0.07065217391304347 0.46467391304347827 0.07336956521739131 0.46195652173913043 0.08152173913043478 0.46195652173913043 0.08695652173913043 0.4673913043478261 0.08695652173913043 0.47282608695652173 0.08423913043478261 0.47554347826086957 0.07065217391304347 0.48097826086956524 0.07608695652173914 0.48097826086956524 0.08152173913043478 0.48641304347826086 0.08152173913043478 0.49728260869565216 0.07608695652173914 0.5027173913043478 0.07065217391304347 0.5027173913043478 0.06521739130434782 0.49728260869565216 0.0625 0.49728260869565216 0.059782608695652176 0.49184782608695654 0.057065217391304345 0.49184782608695654 0.05434782608695652 0.49728260869565216 0.05434782608695652 0.5027173913043478 0.057065217391304345 0.5054347826086957 0.057065217391304345 0.5163043478260869 0.05434782608695652 0.5190217391304348 0.059782608695652176 0.5217391304347826 0.06521739130434782 0.5190217391304348 0.08423913043478261 0.5190217391304348 0.08695652173913043 0.5244565217391305 0.08967391304347826 0.5217391304347826 0.09782608695652174 0.5217391304347826 0.10054347826086957 0.5190217391304348 0.15217391304347827 0.5217391304347826 0.15489130434782608 0.5244565217391305 0.16032608695652173 0.5244565217391305 0.17119565217391305 0.529891304347826 0.1793478260869565 0.529891304347826 0.18206521739130435 0.532608695652174 0.21195652173913043 0.5190217391304348 0.22554347826086957 0.5190217391304348 0.22826086956521738 0.5163043478260869 0.2418478260869565 0.5163043478260869 0.24456521739130435 0.5135869565217391 0.25815217391304346 0.5135869565217391 0.2608695652173913 0.5108695652173914 0.296195652173913 0.5108695652173914 0.29891304347826086 0.5135869565217391 0.33967391304347827 0.5135869565217391 0.3423913043478261 0.5108695652173914 0.3532608695652174 0.5108695652173914 0.35597826086956524 0.5135869565217391 0.36684782608695654 0.5135869565217391 0.3695652173913043 0.5163043478260869 0.41304347826086957 0.5163043478260869 0.4157608695652174 0.5190217391304348 0.44565217391304346 0.5190217391304348 0.4483695652173913 0.5163043478260869 0.4673913043478261 0.5163043478260869 0.4701086956521739 0.5135869565217391 0.4782608695652174 0.5135869565217391 0.48097826086956524 0.5163043478260869 0.5163043478260869 0.5163043478260869 0.5190217391304348 0.5135869565217391 0.532608695652174 0.5135869565217391 0.5353260869565217 0.5108695652173914 0.5788043478260869 0.5108695652173914 0.5815217391304348 0.5135869565217391 0.5896739130434783 0.5135869565217391 0.592391304347826 0.5163043478260869 0.6005434782608695 0.5163043478260869 0.6032608695652174 0.5190217391304348 0.6168478260869565 0.5217391304347826 0.625 0.5163043478260869 0.6304347826086957 0.5163043478260869 0.6467391304347826 0.5081521739130435 0.6657608695652174 0.5081521739130435 0.6847826086956522 0.5 0.7010869565217391 0.5 0.7038043478260869 0.49728260869565216 0.7527173913043478 0.49728260869565216 0.7554347826086957 0.5 0.7663043478260869 0.5 0.7690217391304348 0.5027173913043478 0.7744565217391305 0.5 0.7853260869565217 0.5 0.7880434782608695 0.5027173913043478 0.8097826086956522 0.5027173913043478 0.8206521739130435 0.5081521739130435 0.8478260869565217 0.5081521739130435 0.8505434782608695 0.5108695652173914 0.8559782608695652 0.5108695652173914 0.8586956521739131 0.5081521739130435 0.8804347826086957 0.5081521739130435 0.8831521739130435 0.5054347826086957 0.8940217391304348 0.5054347826086957 0.8967391304347826 0.5027173913043478 0.9184782608695652 0.5 0.9211956521739131 0.49728260869565216 0.9375 0.49728260869565216 0.9429347826086957 0.4945652173913043 0.9510869565217391 0.483695652173913 0.9510869565217391 0.45108695652173914 0.9483695652173914 0.4483695652173913 0.9483695652173914 0.4375 0.9429347826086957 0.42934782608695654 0.9429347826086957 0.421195652173913 0.9402173913043478 0.41847826086956524 0.9402173913043478 0.3858695652173913 0.9375 0.38315217391304346 0.9375 0.3641304347826087 0.9402173913043478 0.36141304347826086 0.9402173913043478 0.3451086956521739 0.9375 0.3423913043478261 0.9402173913043478 0.33695652173913043 0.9402173913043478 0.33152173913043476 0.9375 0.328804347826087 0.9402173913043478 0.3233695652173913 0.9375 0.32065217391304346 0.9375 0.29891304347826086 0.9402173913043478 0.296195652173913 0.9375 0.2907608695652174 0.9402173913043478 0.28532608695652173 0.9375 0.2798913043478261 0.9375 0.24456521739130435 0.9402173913043478 0.2418478260869565 0.9402173913043478 0.23097826086956522 0.9429347826086957 0.22826086956521738 0.9429347826086957 0.22282608695652173 0.9402173913043478 0.22010869565217392 0.9402173913043478 0.20923913043478262 0.9375 0.20652173913043478 0.9375 0.1766304347826087 0.9347826086956522 0.17391304347826086 0.9347826086956522 0.16576086956521738 0.9320652173913043 0.16304347826086957
0 0.3342391304347826 0.625 0.328804347826087 0.625 0.32608695652173914 0.6222826086956522 0.32065217391304346 0.6222826086956522 0.3179347826086957 0.625 0.2717391304347826 0.625 0.26902173913043476 0.6277173913043478 0.21195652173913043 0.6277173913043478 0.20923913043478262 0.6304347826086957 0.20108695652173914 0.6304347826086957 0.1983695652173913 0.6331521739130435 0.18478260869565216 0.6331521739130435 0.18206521739130435 0.6358695652173914 0.17119565217391305 0.6358695652173914 0.16847826086956522 0.6385869565217391 0.14402173913043478 0.6385869565217391 0.1358695652173913 0.6331521739130435 0.12771739130434784 0.6331521739130435 0.125 0.6304347826086957 0.11684782608695653 0.6304347826086957 0.11413043478260869 0.6277173913043478 0.09782608695652174 0.6277173913043478 0.09510869565217392 0.6304347826086957 0.08967391304347826 0.6304347826086957 0.08695652173913043 0.6331521739130435 0.08152173913043478 0.6331521739130435 0.07880434782608696 0.6358695652173914 0.07065217391304347 0.6358695652173914 0.06793478260869565 0.6385869565217391 0.051630434782608696 0.6385869565217391 0.04891304347826087 0.6358695652173914 0.02717391304347826 0.6358695652173914 0.024456521739130436 0.6331521739130435 0.01358695652173913 0.6331521739130435 0.010869565217391304 0.6304347826086957 0 0.6304347826086957 0 0.9972826086956522 0.04619565217391304 0.9972826086956522 0.04891304347826087 0.9945652173913043 0.051630434782608696 0.9945652173913043 0.057065217391304345 0.9891304347826086 0.0625 0.9891304347826086 0.06521739130434782 0.9864130434782609 0.07065217391304347 0.9864130434782609 0.07336956521739131 0.9891304347826086 0.08152173913043478 0.9891304347826086 0.08423913043478261 0.9918478260869565 0.09239130434782608 0.9918478260869565 0.09510869565217392 0.9945652173913043 0.09782608695652174 0.9918478260869565 0.12771739130434784 0.9918478260869565 0.13043478260869565 0.9891304347826086 0.14402173913043478 0.9891304347826086 0.14673913043478262 0.9918478260869565 0.21467391304347827 0.9918478260869565 0.21739130434782608 0.9945652173913043 0.2391304347826087 0.9945652173913043 0.2418478260869565 0.9918478260869565 0.25271739130434784 0.9918478260869565 0.2554347826086957 0.9891304347826086 0.266304347826087 0.9891304347826086 0.26902173913043476 0.9864130434782609 0.29347826086956524 0.9864130434782609 0.296195652173913 0.9891304347826086 0.30434782608695654 0.9891304347826086 0.3070652173913043 0.9918478260869565 0.31521739130434784 0.9918478260869565 0.3179347826086957 0.9945652173913043 0.32608695652173914 0.9945652173913043 0.328804347826087 0.9972826086956522 0.35054347826086957 0.9972826086956522 0.3532608695652174 0.9945652173913043 0.3641304347826087 0.9945652173913043 0.3641304347826087 0.9918478260869565 0.36684782608695654 0.9891304347826086 0.36684782608695654 0.9809782608695652 0.3695652173913043 0.9782608695652174 0.3695652173913043 0.9755434782608695 0.36684782608695654 0.9728260869565217 0.36684782608695654 0.967391304347826 0.3641304347826087 0.9646739130434783 0.3641304347826087 0.9619565217391305 0.36684782608695654 0.9592391304347826 0.36684782608695654 0.9538043478260869 0.36141304347826086 0.9456521739130435 0.36141304347826086 0.9402173913043478 0.35597826086956524 0.9320652173913043 0.35597826086956524 0.9266304347826086 0.3532608695652174 0.9239130434782609 0.3532608695652174 0.9184782608695652 0.35054347826086957 0.9157608695652174 0.35054347826086957 0.907608695652174 0.3532608695652174 0.904891304347826 0.3532608695652174 0.8885869565217391 0.35597826086956524 0.8858695652173914 0.3532608695652174 0.8831521739130435 0.3532608695652174 0.8777173913043478 0.35597826086956524 0.875 0.35597826086956524 0.8695652173913043 0.358695652173913 0.8668478260869565 0.358695652173913 0.8614130434782609 0.36141304347826086 0.8586956521739131 0.36141304347826086 0.8396739130434783 0.358695652173913 0.8369565217391305 0.358695652173913 0.8315217391304348 0.35597826086956524 0.8288043478260869 0.35597826086956524 0.8233695652173914 0.3532608695652174 0.8206521739130435 0.3532608695652174 0.8179347826086957 0.34782608695652173 0.8097826086956522 0.34782608695652173 0.7907608695652174 0.35054347826086957 0.7880434782608695 0.35054347826086957 0.782608695652174 0.34782608695652173 0.779891304347826 0.34782608695652173 0.7744565217391305 0.3451086956521739 0.7717391304347826 0.3451086956521739 0.7554347826086957 0.34782608695652173 0.7527173913043478 0.34782608695652173 0.7391304347826086 0.35054347826086957 0.7364130434782609 0.35054347826086957 0.7228260869565217 0.35597826086956524 0.7146739130434783 0.35597826086956524 0.7065217391304348 0.358695652173913 0.7038043478260869 0.35597826086956524 0.7010869565217391 0.35597826086956524 0.6684782608695652 0.3532608695652174 0.6657608695652174 0.3532608695652174 0.6603260869565217 0.35054347826086957 0.657608695652174 0.35054347826086957 0.654891304347826 0.3451086956521739 0.6467391304347826 0.3451086956521739 0.6413043478260869 0.3423913043478261 0.6385869565217391 0.3423913043478261 0.6331521739130435 0.33967391304347827 0.6331521739130435
0 0 0.08967391304347826 0.008152173913043478 0.08967391304347826 0.010869565217391304 0.09239130434782608 0.016304347826086956 0.09239130434782608 0.019021739130434784 0.09510869565217392 0.021739130434782608 0.09510869565217392 0.024456521739130436 0.09239130434782608 0.02717391304347826 0.09239130434782608 0.029891304347826088 0.08967391304347826 0.07880434782608696 0.08967391304347826 0.08152173913043478 0.08695652173913043 0.08423913043478261 0.08695652173913043 0.08695652173913043 0.08423913043478261 0.10054347826086957 0.08423913043478261 0.10326086956521739 0.08152173913043478 0.13043478260869565 0.08152173913043478 0.1331521739130435 0.07880434782608696 0.14945652173913043 0.07880434782608696 0.15217391304347827 0.08152173913043478 0.1766304347826087 0.08152173913043478 0.1793478260869565 0.07880434782608696 0.19293478260869565 0.07880434782608696 0.1956521739130435 0.08152173913043478 0.21467391304347827 0.08152173913043478 0.21739130434782608 0.08423913043478261 0.22010869565217392 0.08423913043478261 0.22282608695652173 0.08152173913043478 0.23641304347826086 0.08152173913043478 0.2391304347826087 0.07880434782608696 0.2826086956521739 0.07880434782608696 0.28532608695652173 0.07608695652173914 0.296195652173913 0.07608695652173914 0.29891304347826086 0.07336956521739131 0.33152173913043476 0.07336956521739131 0.3342391304347826 0.07608695652173914 0.33695652173913043 0.07608695652173914 0.33695652173913043 0.07336956521739131 0.33967391304347827 0.07065217391304347 0.33967391304347827 0.06521739130434782 0.3423913043478261 0.0625 0.3423913043478261 0.05434782608695652 0.34782608695652173 0.04891304347826087 0.34782608695652173 0.04619565217391304 0.35054347826086957 0.043478260869565216 0.35054347826086957 0.016304347826086956 0.34782608695652173 0.01358695652173913 0.34782608695652173 0.010869565217391304 0.3423913043478261 0.005434782608695652 0.3423913043478261 0.002717391304347826 0.33967391304347827 0 0 0
0 0.008152173913043478 0.5163043478260869 0.010869565217391304 0.5190217391304348 0.010869565217391304 0.532608695652174 0.024456521739130436 0.532608695652174 0.019021739130434784 0.5271739130434783 0.019021739130434784 0.5217391304347826 0.016304347826086956 0.5190217391304348 0.016304347826086956 0.5163043478260869
1 0.8559782608695652 0.6195652173913043 0.6956521739130435 0.6195652173913043 0.6929347826086957 0.6222826086956522 0.5733695652173914 0.6222826086956522 0.5706521739130435 0.625 0.5489130434782609 0.625 0.5461956521739131 0.6277173913043478 0.5271739130434783 0.6277173913043478 0.5244565217391305 0.6304347826086957 0.5054347826086957 0.6304347826086957 0.5027173913043478 0.6331521739130435 0.4701086956521739 0.6331521739130435 0.4673913043478261 0.6358695652173914 0.4592391304347826 0.6358695652173914 0.45652173913043476 0.6385869565217391 0.4592391304347826 0.6385869565217391 0.46195652173913043 0.6413043478260869 0.46195652173913043 0.6467391304347826 0.4592391304347826 0.6494565217391305 0.453804347826087 0.6494565217391305 0.45108695652173914 0.6467391304347826 0.45108695652173914 0.6440217391304348 0.45108695652173914 0.6494565217391305 0.4483695652173913 0.6521739130434783 0.4483695652173913 0.6630434782608695 0.44565217391304346 0.6657608695652174 0.44565217391304346 0.6875 0.4429347826086957 0.6902173913043478 0.4429347826086957 0.6983695652173914 0.44021739130434784 0.7010869565217391 0.44021739130434784 0.7119565217391305 0.4375 0.7146739130434783 0.4375 0.7309782608695652 0.43478260869565216 0.7336956521739131 0.43478260869565216 0.7989130434782609 0.4375 0.8016304347826086 0.4375 0.8369565217391305 0.44021739130434784 0.8396739130434783 0.44021739130434784 0.845108695652174 0.4429347826086957 0.8478260869565217 0.4429347826086957 0.8559782608695652 0.44565217391304346 0.8586956521739131 0.44565217391304346 0.8668478260869565 0.4483695652173913 0.8695652173913043 0.4483695652173913 0.8777173913043478 0.45108695652173914 0.8804347826086957 0.45108695652173914 0.8885869565217391 0.453804347826087 0.8913043478260869 0.453804347826087 0.8967391304347826 0.45652173913043476 0.8994565217391305 0.45652173913043476 0.9103260869565217 0.4592391304347826 0.9130434782608695 0.4592391304347826 0.9429347826086957 0.46195652173913043 0.9456521739130435 0.4592391304347826 0.9483695652173914 0.4592391304347826 0.9565217391304348 0.45652173913043476 0.9592391304347826 0.45652173913043476 0.9836956521739131 0.4592391304347826 0.9864130434782609 0.4592391304347826 0.9891304347826086 0.46195652173913043 0.9918478260869565 0.46195652173913043 0.9945652173913043 0.49728260869565216 0.9945652173913043 0.5 0.9918478260869565 0.5271739130434783 0.9918478260869565 0.529891304347826 0.9891304347826086 0.5570652173913043 0.9891304347826086 0.5597826086956522 0.9864130434782609 0.5869565217391305 0.9864130434782609 0.5896739130434783 0.9836956521739131 0.6956521739130435 0.9836956521739131 0.6983695652173914 0.9864130434782609 0.7472826086956522 0.9864130434782609 0.75 0.9891304347826086 0.7690217391304348 0.9891304347826086 0.7717391304347826 0.9918478260869565 0.782608695652174 0.9918478260869565 0.7853260869565217 0.9945652173913043 0.8070652173913043 0.9945652173913043 0.8070652173913043 0.9891304347826086 0.8152173913043478 0.9809782608695652 0.8179347826086957 0.9809782608695652 0.8288043478260869 0.970108695652174 0.8342391304347826 0.970108695652174 0.8369565217391305 0.967391304347826 0.842391304347826 0.967391304347826 0.845108695652174 0.9646739130434783 0.8614130434782609 0.9646739130434783 0.8641304347826086 0.967391304347826 0.8722826086956522 0.967391304347826 0.875 0.9646739130434783 0.875 0.9456521739130435 0.8777173913043478 0.9429347826086957 0.8777173913043478 0.9211956521739131 0.8804347826086957 0.9184782608695652 0.8804347826086957 0.8940217391304348 0.8831521739130435 0.8913043478260869 0.8831521739130435 0.8858695652173914 0.8858695652173914 0.8831521739130435 0.8804347826086957 0.875 0.8804347826086957 0.8668478260869565 0.8777173913043478 0.8641304347826086 0.8777173913043478 0.8614130434782609 0.8695652173913043 0.8532608695652174 0.8695652173913043 0.8505434782608695 0.8668478260869565 0.8478260869565217 0.8668478260869565 0.845108695652174 0.8641304347826086 0.842391304347826 0.8614130434782609 0.842391304347826 0.8559782608695652 0.8369565217391305 0.8532608695652174 0.8369565217391305 0.8505434782608695 0.8342391304347826 0.8505434782608695 0.8315217391304348 0.8478260869565217 0.8315217391304348 0.8369565217391305 0.8206521739130435 0.8369565217391305 0.8179347826086957 0.8342391304347826 0.8152173913043478 0.8342391304347826 0.8125 0.8288043478260869 0.8070652173913043 0.8288043478260869 0.8043478260869565 0.8260869565217391 0.8016304347826086 0.8260869565217391 0.7989130434782609 0.8206521739130435 0.7907608695652174 0.8206521739130435 0.7853260869565217 0.8179347826086957 0.782608695652174 0.8179347826086957 0.7744565217391305 0.8152173913043478 0.7717391304347826 0.8152173913043478 0.75 0.8179347826086957 0.7472826086956522 0.8179347826086957 0.7418478260869565 0.8206521739130435 0.7391304347826086 0.8206521739130435 0.7282608695652174 0.8233695652173914 0.7255434782608695 0.8233695652173914 0.720108695652174 0.8288043478260869 0.7119565217391305 0.8288043478260869 0.7038043478260869 0.8233695652173914 0.6956521739130435 0.8233695652173914 0.6711956521739131 0.8260869565217391 0.6684782608695652 0.8260869565217391 0.6630434782608695 0.8288043478260869 0.6603260869565217 0.8288043478260869 0.657608695652174 0.8315217391304348 0.654891304347826 0.8342391304347826 0.654891304347826 0.8369565217391305 0.6521739130434783 0.8396739130434783 0.6521739130434783 0.8505434782608695 0.6413043478260869 0.8505434782608695 0.6304347826086957 0.8559782608695652 0.625
1 0.9972826086956522 0.6114130434782609 0.9836956521739131 0.6114130434782609 0.9809782608695652 0.6086956521739131 0.970108695652174 0.6086956521739131 0.967391304347826 0.6114130434782609 0.9510869565217391 0.6114130434782609 0.9483695652173914 0.6141304347826086 0.9320652173913043 0.6141304347826086 0.9293478260869565 0.6168478260869565 0.8913043478260869 0.6168478260869565 0.8831521739130435 0.625 0.8831521739130435 0.6467391304347826 0.8804347826086957 0.6494565217391305 0.8804347826086957 0.657608695652174 0.8777173913043478 0.6603260869565217 0.8777173913043478 0.6630434782608695 0.8695652173913043 0.6711956521739131 0.8668478260869565 0.6711956521739131 0.8668478260869565 0.6793478260869565 0.8695652173913043 0.6793478260869565 0.8722826086956522 0.6820652173913043 0.8722826086956522 0.6929347826086957 0.8695652173913043 0.6956521739130435 0.8668478260869565 0.6956521739130435 0.8668478260869565 0.7309782608695652 0.8641304347826086 0.7336956521739131 0.8641304347826086 0.7364130434782609 0.8614130434782609 0.7391304347826086 0.8614130434782609 0.7445652173913043 0.8586956521739131 0.7472826086956522 0.8586956521739131 0.7663043478260869 0.8559782608695652 0.7690217391304348 0.8559782608695652 0.7717391304347826 0.8586956521739131 0.7744565217391305 0.8586956521739131 0.7771739130434783 0.8614130434782609 0.779891304347826 0.8614130434782609 0.782608695652174 0.8641304347826086 0.7853260869565217 0.8641304347826086 0.7880434782608695 0.8668478260869565 0.7907608695652174 0.8668478260869565 0.7934782608695652 0.8695652173913043 0.7934782608695652 0.8858695652173914 0.8097826086956522 0.8885869565217391 0.8097826086956522 0.9021739130434783 0.8233695652173914 0.9021739130434783 0.8260869565217391 0.907608695652174 0.8315217391304348 0.907608695652174 0.8342391304347826 0.9103260869565217 0.8369565217391305 0.9103260869565217 0.8396739130434783 0.9130434782608695 0.842391304347826 0.9130434782608695 0.8505434782608695 0.9157608695652174 0.8532608695652174 0.9157608695652174 0.8559782608695652 0.9184782608695652 0.8586956521739131 0.9184782608695652 0.8641304347826086 0.9211956521739131 0.8668478260869565 0.9211956521739131 0.8831521739130435 0.9239130434782609 0.8858695652173914 0.9239130434782609 0.8885869565217391 0.9293478260869565 0.8940217391304348 0.9293478260869565 0.8994565217391305 0.9320652173913043 0.9021739130434783 0.9320652173913043 0.9130434782608695 0.9211956521739131 0.9239130434782609 0.9211956521739131 0.9293478260869565 0.9184782608695652 0.9320652173913043 0.9184782608695652 0.9375 0.9157608695652174 0.9402173913043478 0.9157608695652174 0.9456521739130435 0.9130434782608695 0.9483695652173914 0.9130434782608695 0.9538043478260869 0.9103260869565217 0.9565217391304348 0.9103260869565217 0.9619565217391305 0.907608695652174 0.9646739130434783 0.907608695652174 0.970108695652174 0.904891304347826 0.9728260869565217 0.904891304347826 0.9755434782608695 0.9021739130434783 0.9782608695652174 0.9021739130434783 0.9836956521739131 0.9130434782608695 0.9836956521739131 0.9157608695652174 0.9809782608695652 0.9293478260869565 0.9809782608695652 0.9293478260869565 0.9755434782608695 0.9320652173913043 0.9728260869565217 0.9619565217391305 0.9728260869565217 0.9646739130434783 0.9755434782608695 0.9646739130434783 0.9809782608695652 0.9972826086956522 0.9809782608695652
1 0.4320652173913043 0.05434782608695652 0.43478260869565216 0.057065217391304345 0.43478260869565216 0.059782608695652176 0.44565217391304346 0.059782608695652176 0.4483695652173913 0.0625 0.4592391304347826 0.0625 0.46195652173913043 0.06521739130434782 0.4673913043478261 0.06521739130434782 0.4701086956521739 0.06793478260869565 0.47282608695652173 0.06793478260869565 0.47554347826086957 0.07065217391304347 0.4782608695652174 0.07065217391304347 0.48097826086956524 0.07336956521739131 0.49728260869565216 0.07336956521739131 0.5 0.07065217391304347 0.5081521739130435 0.07065217391304347 0.5108695652173914 0.06793478260869565 0.5217391304347826 0.06793478260869565 0.5244565217391305 0.06521739130434782 0.532608695652174 0.06521739130434782 0.5353260869565217 0.0625 0.5625 0.0625 0.5652173913043478 0.059782608695652176 0.5842391304347826 0.059782608695652176 0.5869565217391305 0.057065217391304345 0.5978260869565217 0.057065217391304345 0.6005434782608695 0.05434782608695652 0.6630434782608695 0.05434782608695652 0.6657608695652174 0.051630434782608696 0.717391304347826 0.051630434782608696 0.720108695652174 0.04891304347826087 0.7228260869565217 0.051630434782608696 0.7690217391304348 0.051630434782608696 0.7717391304347826 0.05434782608695652 0.8016304347826086 0.05434782608695652 0.8016304347826086 0.051630434782608696 0.8070652173913043 0.04619565217391304 0.8070652173913043 0.043478260869565216 0.8152173913043478 0.035326086956521736 0.8152173913043478 0.03260869565217391 0.8179347826086957 0.029891304347826088 0.8152173913043478 0.02717391304347826 0.8152173913043478 0.021739130434782608 0.8179347826086957 0.019021739130434784 0.8179347826086957 0.005434782608695652 0.8206521739130435 0.002717391304347826 0.8206521739130435 0 0.4320652173913043 0
1 0.845108695652174 0.002717391304347826 0.845108695652174 0.005434782608695652 0.8532608695652174 0.01358695652173913 0.8559782608695652 0.01358695652173913 0.8586956521739131 0.016304347826086956 0.8586956521739131 0.019021739130434784 0.8668478260869565 0.02717391304347826 0.8695652173913043 0.02717391304347826 0.875 0.03260869565217391 0.8777173913043478 0.03260869565217391 0.8804347826086957 0.035326086956521736 0.8831521739130435 0.035326086956521736 0.8858695652173914 0.03804347826086957 0.9130434782608695 0.03804347826086957 0.9157608695652174 0.04076086956521739 0.9483695652173914 0.04076086956521739 0.9510869565217391 0.043478260869565216 0.9510869565217391 0.04619565217391304 0.9538043478260869 0.043478260869565216 0.9646739130434783 0.043478260869565216 0.967391304347826 0.04076086956521739 0.9728260869565217 0.04076086956521739 0.9755434782608695 0.03804347826086957 0.9782608695652174 0.03804347826086957 0.9809782608695652 0.04076086956521739 0.9972826086956522 0.04076086956521739 0.9972826086956522 0 0.8478260869565217 0
2 0.8233695652173914 0 0.8206521739130435 0.005434782608695652 0.8206521739130435 0.019021739130434784 0.8179347826086957 0.021739130434782608 0.8179347826086957 0.02717391304347826 0.8260869565217391 0.02717391304347826 0.8288043478260869 0.03260869565217391 0.8260869565217391 0.03804347826086957 0.8097826086956522 0.051630434782608696 0.8097826086956522 0.07065217391304347 0.8152173913043478 0.07608695652173914 0.8179347826086957 0.07608695652173914 0.8342391304347826 0.09510869565217392 0.8342391304347826 0.09782608695652174 0.8396739130434783 0.10326086956521739 0.8396739130434783 0.11413043478260869 0.845108695652174 0.125 0.8505434782608695 0.13043478260869565 0.8722826086956522 0.13043478260869565 0.8804347826086957 0.12228260869565218 0.8913043478260869 0.11684782608695653 0.9103260869565217 0.09782608695652174 0.9184782608695652 0.09782608695652174 0.9239130434782609 0.10326086956521739 0.9239130434782609 0.10597826086956522 0.9293478260869565 0.10869565217391304 0.9320652173913043 0.11413043478260869 0.9320652173913043 0.11956521739130435 0.9293478260869565 0.12228260869565218 0.9293478260869565 0.1358695652173913 0.9347826086956522 0.14402173913043478 0.9347826086956522 0.16304347826086957 0.9375 0.16576086956521738 0.9375 0.17391304347826086 0.9402173913043478 0.1766304347826087 0.9402173913043478 0.20652173913043478 0.9429347826086957 0.20923913043478262 0.9429347826086957 0.22010869565217392 0.9456521739130435 0.22282608695652173 0.9456521739130435 0.22826086956521738 0.9429347826086957 0.23097826086956522 0.9429347826086957 0.2418478260869565 0.9402173913043478 0.24456521739130435 0.9402173913043478 0.2798913043478261 0.9456521739130435 0.2907608695652174 0.9402173913043478 0.3016304347826087 0.9402173913043478 0.32065217391304346 0.9429347826086957 0.3233695652173913 0.9429347826086957 0.33152173913043476 0.9456521739130435 0.3342391304347826 0.9456521739130435 0.358695652173913 0.9402173913043478 0.3641304347826087 0.9402173913043478 0.38315217391304346 0.9429347826086957 0.3858695652173913 0.9429347826086957 0.41847826086956524 0.9510869565217391 0.42934782608695654 0.9510869565217391 0.4483695652173913 0.9538043478260869 0.45108695652173914 0.9538043478260869 0.483695652173913 0.9510869565217391 0.4891304347826087 0.9375 0.5 0.9211956521739131 0.5 0.9184782608695652 0.5027173913043478 0.907608695652174 0.5027173913043478 0.904891304347826 0.5054347826086957 0.8967391304347826 0.5054347826086957 0.8940217391304348 0.5081521739130435 0.8831521739130435 0.5081521739130435 0.8804347826086957 0.5108695652173914 0.8586956521739131 0.5108695652173914 0.8559782608695652 0.5135869565217391 0.8505434782608695 0.5135869565217391 0.8478260869565217 0.5108695652173914 0.8260869565217391 0.5108695652173914 0.8260869565217391 0.5163043478260869 0.8288043478260869 0.5190217391304348 0.8342391304347826 0.5190217391304348 0.845108695652174 0.529891304347826 0.845108695652174 0.532608695652174 0.8559782608695652 0.5434782608695652 0.8559782608695652 0.5516304347826086 0.8586956521739131 0.5570652173913043 0.8695652173913043 0.5652173913043478 0.8695652173913043 0.5815217391304348 0.8641304347826086 0.5869565217391305 0.8614130434782609 0.5869565217391305 0.8614130434782609 0.6114130434782609 0.8586956521739131 0.6141304347826086 0.8586956521739131 0.625 0.8532608695652174 0.6304347826086957 0.8532608695652174 0.6413043478260869 0.8396739130434783 0.654891304347826 0.8315217391304348 0.657608695652174 0.8288043478260869 0.6684782608695652 0.8260869565217391 0.6711956521739131 0.8260869565217391 0.6956521739130435 0.8315217391304348 0.7038043478260869 0.8315217391304348 0.7119565217391305 0.8260869565217391 0.720108695652174 0.8260869565217391 0.7255434782608695 0.8233695652173914 0.7282608695652174 0.8233695652173914 0.7391304347826086 0.8179347826086957 0.75 0.8179347826086957 0.7717391304347826 0.8206521739130435 0.7744565217391305 0.8233695652173914 0.7907608695652174 0.8315217391304348 0.8070652173913043 0.8369565217391305 0.8125 0.8396739130434783 0.8206521739130435 0.8478260869565217 0.8288043478260869 0.8505434782608695 0.8288043478260869 0.8532608695652174 0.8342391304347826 0.8559782608695652 0.8342391304347826 0.8695652173913043 0.845108695652174 0.8722826086956522 0.8532608695652174 0.8804347826086957 0.8614130434782609 0.8831521739130435 0.8668478260869565 0.8831521739130435 0.875 0.8885869565217391 0.8831521739130435 0.8831521739130435 0.8940217391304348 0.8831521739130435 0.9184782608695652 0.8804347826086957 0.9211956521739131 0.8777173913043478 0.9646739130434783 0.8722826086956522 0.970108695652174 0.8641304347826086 0.970108695652174 0.8614130434782609 0.967391304347826 0.845108695652174 0.967391304347826 0.842391304347826 0.970108695652174 0.8288043478260869 0.9728260869565217 0.8097826086956522 0.9891304347826086 0.8097826086956522 0.9972826086956522 0.8913043478260869 0.9972826086956522 0.8913043478260869 0.9945652173913043 0.8994565217391305 0.9864130434782609 0.8994565217391305 0.9782608695652174 0.904891304347826 0.970108695652174 0.904891304347826 0.9646739130434783 0.907608695652174 0.9619565217391305 0.907608695652174 0.9565217391304348 0.9103260869565217 0.9538043478260869 0.9184782608695652 0.9239130434782609 0.9293478260869565 0.9130434782608695 0.9293478260869565 0.9021739130434783 0.9266304347826086 0.8994565217391305 0.9266304347826086 0.8940217391304348 0.9184782608695652 0.8831521739130435 0.9184782608695652 0.8668478260869565 0.9103260869565217 0.8505434782608695 0.9103260869565217 0.842391304347826 0.904891304347826 0.8315217391304348 0.8885869565217391 0.8125 0.8858695652173914 0.8125 0.8695652173913043 0.7961956521739131 0.8641304347826086 0.7934782608695652 0.8532608695652174 0.7717391304347826 0.8559782608695652 0.7663043478260869 0.8559782608695652 0.7472826086956522 0.8641304347826086 0.7309782608695652 0.8641304347826086 0.6956521739130435 0.8695652173913043 0.6929347826086957 0.8695652173913043 0.6820652173913043 0.8641304347826086 0.6793478260869565 0.8641304347826086 0.6711956521739131 0.8695652173913043 0.6684782608695652 0.8777173913043478 0.657608695652174 0.8777173913043478 0.6494565217391305 0.8804347826086957 0.6467391304347826 0.8804347826086957 0.625 0.8885869565217391 0.6168478260869565 0.8885869565217391 0.6005434782608695 0.9021739130434783 0.5842391304347826 0.9021739130434783 0.5652173913043478 0.8994565217391305 0.5597826086956522 0.8940217391304348 0.5570652173913043 0.8940217391304348 0.5489130434782609 0.8885869565217391 0.5380434782608695 0.8831521739130435 0.532608695652174 0.8885869565217391 0.5271739130434783 0.8885869565217391 0.5190217391304348 0.8913043478260869 0.5163043478260869 0.9021739130434783 0.5217391304347826 0.9184782608695652 0.5217391304347826 0.9402173913043478 0.5108695652173914 0.9592391304347826 0.4891304347826087 0.9592391304347826 0.48097826086956524 0.9619565217391305 0.4782608695652174 0.9619565217391305 0.47282608695652173 0.970108695652174 0.46195652173913043 0.9728260869565217 0.4483695652173913 0.9836956521739131 0.4429347826086957 0.9836956521739131 0.4375 0.9864130434782609 0.43478260869565216 0.9864130434782609 0.42391304347826086 0.9836956521739131 0.42391304347826086 0.967391304347826 0.4048913043478261 0.9619565217391305 0.39402173913043476 0.9619565217391305 0.38315217391304346 0.967391304347826 0.37771739130434784 0.967391304347826 0.36141304347826086 0.970108695652174 0.358695652173913 0.970108695652174 0.3532608695652174 0.967391304347826 0.35054347826086957 0.967391304347826 0.33967391304347827 0.9782608695652174 0.32608695652173914 0.9864130434782609 0.3233695652173913 0.9918478260869565 0.3179347826086957 0.9918478260869565 0.3125 0.9945652173913043 0.30978260869565216 0.9945652173913043 0.28804347826086957 0.9891304347826086 0.28532608695652173 0.9782608695652174 0.28532608695652173 0.967391304347826 0.27717391304347827 0.9619565217391305 0.25271739130434784 0.9565217391304348 0.24728260869565216 0.9565217391304348 0.2391304347826087 0.9619565217391305 0.23369565217391305 0.9619565217391305 0.22826086956521738 0.9646739130434783 0.22554347826086957 0.9646739130434783 0.19021739130434784 0.9619565217391305 0.1875 0.9619565217391305 0.17119565217391305 0.9510869565217391 0.14945652173913043 0.9510869565217391 0.13043478260869565 0.9646739130434783 0.11413043478260869 0.9646739130434783 0.09510869565217392 0.9538043478260869 0.08152173913043478 0.9592391304347826 0.07065217391304347 0.9565217391304348 0.05434782608695652 0.9483695652173914 0.04619565217391304 0.9483695652173914 0.043478260869565216 0.8858695652173914 0.04076086956521739 0.8668478260869565 0.029891304347826088 0.8559782608695652 0.019021739130434784 0.8559782608695652 0.016304347826086956 0.8532608695652174 0.016304347826086956 0.842391304347826 0.005434782608695652 0.845108695652174 0
2 0.08423913043478261 0.4673913043478261 0.08152173913043478 0.46467391304347827 0.07336956521739131 0.46467391304347827 0.07065217391304347 0.4673913043478261 0.059782608695652176 0.4673913043478261 0.057065217391304345 0.4701086956521739 0.057065217391304345 0.47554347826086957 0.051630434782608696 0.48097826086956524 0.04891304347826087 0.48097826086956524 0.04619565217391304 0.483695652173913 0.04619565217391304 0.4891304347826087 0.04076086956521739 0.4945652173913043 0.04076086956521739 0.49728260869565216 0.03804347826086957 0.5 0.03804347826086957 0.5054347826086957 0.043478260869565216 0.5108695652173914 0.04076086956521739 0.5135869565217391 0.03260869565217391 0.5135869565217391 0.024456521739130436 0.5054347826086957 0.021739130434782608 0.5054347826086957 0.019021739130434784 0.5027173913043478 0.019021739130434784 0.5 0.016304347826086956 0.5 0.01358695652173913 0.49728260869565216 0.002717391304347826 0.49728260869565216 0 0.5 0 0.5353260869565217 0.008152173913043478 0.5353260869565217 0.008152173913043478 0.5190217391304348 0.005434782608695652 0.5163043478260869 0.008152173913043478 0.5135869565217391 0.016304347826086956 0.5135869565217391 0.019021739130434784 0.5163043478260869 0.019021739130434784 0.5190217391304348 0.021739130434782608 0.5217391304347826 0.021739130434782608 0.5271739130434783 0.029891304347826088 0.5353260869565217 0.04619565217391304 0.5353260869565217 0.04891304347826087 0.532608695652174 0.0625 0.532608695652174 0.06521739130434782 0.529891304347826 0.07065217391304347 0.529891304347826 0.07336956521739131 0.5271739130434783 0.08423913043478261 0.5271739130434783 0.08423913043478261 0.5217391304347826 0.06521739130434782 0.5217391304347826 0.0625 0.5244565217391305 0.059782608695652176 0.5244565217391305 0.057065217391304345 0.5217391304347826 0.05434782608695652 0.5217391304347826 0.051630434782608696 0.5190217391304348 0.05434782608695652 0.5163043478260869 0.05434782608695652 0.5054347826086957 0.051630434782608696 0.5027173913043478 0.051630434782608696 0.49728260869565216 0.05434782608695652 0.4945652173913043 0.05434782608695652 0.49184782608695654 0.057065217391304345 0.4891304347826087 0.059782608695652176 0.4891304347826087 0.0625 0.49184782608695654 0.0625 0.4945652173913043 0.06521739130434782 0.4945652173913043 0.07065217391304347 0.5 0.07608695652173914 0.5 0.07880434782608696 0.49728260869565216 0.07880434782608696 0.48641304347826086 0.07608695652173914 0.483695652173913 0.07065217391304347 0.483695652173913 0.06793478260869565 0.48097826086956524 0.07065217391304347 0.4782608695652174 0.07336956521739131 0.4782608695652174 0.07608695652173914 0.47554347826086957 0.07880434782608696 0.47554347826086957 0.08152173913043478 0.47282608695652173 0.08423913043478261 0.47282608695652173
2 0.9320652173913043 0.9755434782608695 0.9320652173913043 0.9809782608695652 0.9619565217391305 0.9809782608695652 0.9619565217391305 0.9755434782608695