0 0.996742671009772 0.5798045602605864 0.9674267100977199 0.5798045602605864 0.9641693811074918 0.5765472312703583 0.9478827361563518 0.5765472312703583 0.9446254071661238 0.5732899022801303 0.9348534201954397 0.5732899022801303 0.9315960912052117 0.5700325732899023 0.9218241042345277 0.5700325732899023 0.9185667752442996 0.5732899022801303 0.9022801302931596 0.5732899022801303 0.8990228013029316 0.5765472312703583 0.8827361563517915 0.5765472312703583 0.8794788273615635 0.5798045602605864 0.8338762214983714 0.5798045602605864 0.8306188925081434 0.5765472312703583 0.8143322475570033 0.5765472312703583 0.8110749185667753 0.5798045602605864 0.7915309446254072 0.5798045602605864 0.7882736156351792 0.5765472312703583 0.7817589576547231 0.5765472312703583 0.7687296416938111 0.5667752442996743 0.745928338762215 0.5667752442996743 0.742671009771987 0.5700325732899023 0.7296416938110749 0.5700325732899023 0.7263843648208469 0.5732899022801303 0.7133550488599348 0.5732899022801303 0.7100977198697068 0.5765472312703583 0.6970684039087948 0.5765472312703583 0.6938110749185668 0.5732899022801303 0.6807817589576547 0.5732899022801303 0.6579804560260586 0.5863192182410424 0.6482084690553745 0.5863192182410424 0.6449511400651465 0.5895765472312704 0.5993485342019544 0.5895765472312704 0.5960912052117264 0.5863192182410424 0.5863192182410424 0.5863192182410424 0.5830618892508144 0.5895765472312704 0.5407166123778502 0.5895765472312704 0.5374592833876222 0.5863192182410424 0.48859934853420195 0.5863192182410424 0.48534201954397393 0.5830618892508144 0.4820846905537459 0.5863192182410424 0.4723127035830619 0.5863192182410424 0.46905537459283386 0.5895765472312704 0.4592833876221498 0.5895765472312704 0.4560260586319218 0.5928338762214984 0.44299674267100975 0.5928338762214984 0.43973941368078173 0.5960912052117264 0.4169381107491857 0.5960912052117264 0.40716612377850164 0.5895765472312704 0.4006514657980456 0.5895765472312704 0.3973941368078176 0.5863192182410424 0.39087947882736157 0.5863192182410424 0.38762214983713356 0.5830618892508144 0.3778501628664495 0.5830618892508144 0.36807817589576547 0.5895765472312704 0.3583061889250814 0.5895765472312704 0.3550488599348534 0.5928338762214984 0.3289902280130293 0.5928338762214984 0.3257328990228013 0.5960912052117264 0.30293159609120524 0.5960912052117264 0.2996742671009772 0.5993485342019544 0.28013029315960913 0.5993485342019544 0.2768729641693811 0.5960912052117264 0.23452768729641693 0.5960912052117264 0.23127035830618892 0.5928338762214984 0.15960912052117263 0.5928338762214984 0.1498371335504886 0.5993485342019544 0.1270358306188925 0.5993485342019544 0.1237785016286645 0.6026058631921825 0.0781758957654723 0.6026058631921825 0.0749185667752443 0.6058631921824105 0.05863192182410423 0.6058631921824105 0.048859934853420196 0.6123778501628665 0.048859934853420196 0.6970684039087948 0.04560260586319218 0.7003257328990228 0.04560260586319218 0.7296416938110749 0.048859934853420196 0.7328990228013029 0.048859934853420196 0.8273615635179153 0.04560260586319218 0.8306188925081434 0.04560260586319218 0.8371335504885994 0.03908794788273615 0.8436482084690554 0.03908794788273615 0.8501628664495114 0.04234527687296417 0.8534201954397395 0.04234527687296417 0.8631921824104235 0.04560260586319218 0.8664495114006515 0.04560260586319218 0.8697068403908795 0.048859934853420196 0.8729641693811075 0.048859934853420196 0.8794788273615635 0.05211726384364821 0.8827361563517915 0.05211726384364821 0.8990228013029316 0.05537459283387622 0.9022801302931596 0.05537459283387622 0.9250814332247557 0.05863192182410423 0.9283387622149837 0.05863192182410423 0.9609120521172638 0.05537459283387622 0.9641693811074918 0.05537459283387622 0.9706840390879479 0.05211726384364821 0.9739413680781759 0.05211726384364821 0.990228013029316 0.048859934853420196 0.993485342019544 0.048859934853420196 0.996742671009772 0.8175895765472313 0.996742671009772 0.8208469055374593 0.993485342019544 0.8925081433224755 0.993485342019544 0.8957654723127035 0.996742671009772 0.9283387622149837 0.996742671009772 0.9315960912052117 0.993485342019544 0.9446254071661238 0.993485342019544 0.9478827361563518 0.990228013029316 0.996742671009772 0.990228013029316
0 0.7068403908794788 0.08143322475570032 0.7068403908794788 0.08469055374592833 0.7035830618892508 0.08794788273615635 0.7035830618892508 0.09120521172638436 0.7003257328990228 0.09446254071661238 0.7003257328990228 0.09771986970684039 0.7035830618892508 0.10097719869706841 0.7035830618892508 0.11074918566775244 0.7068403908794788 0.11400651465798045 0.7068403908794788 0.13355048859934854 0.7100977198697068 0.13680781758957655 0.7100977198697068 0.14006514657980457 0.7068403908794788 0.14332247557003258 0.7068403908794788 0.1498371335504886 0.7035830618892508 0.15309446254071662 0.7035830618892508 0.1563517915309446 0.7003257328990228 0.15960912052117263 0.7003257328990228 0.16286644951140064 0.6970684039087948 0.16612377850162866 0.6970684039087948 0.16938110749185667 0.7003257328990228 0.17263843648208468 0.7003257328990228 0.21172638436482086 0.7035830618892508 0.21498371335504887 0.7035830618892508 0.2247557003257329 0.7068403908794788 0.2280130293159609 0.7068403908794788 0.23127035830618892 0.7133550488599348 0.23778501628664495 0.7133550488599348 0.24104234527687296 0.7166123778501629 0.24429967426710097 0.7166123778501629 0.2671009771986971 0.7133550488599348 0.2703583061889251 0.7133550488599348 0.2736156351791531 0.7100977198697068 0.2768729641693811 0.7100977198697068 0.30944625407166126 0.7068403908794788 0.3127035830618892 0.7068403908794788 0.31921824104234525 0.7035830618892508 0.32247557003257327 0.7035830618892508 0.3289902280130293 0.7003257328990228 0.3322475570032573 0.7003257328990228 0.34201954397394135 0.6970684039087948 0.34527687296416937 0.6970684039087948 0.3517915309446254 0.6938110749185668 0.3550488599348534 0.6938110749185668 0.36156351791530944 0.6905537459283387 0.36482084690553745 0.6905537459283387 0.4006514657980456 0.6938110749185668 0.40390879478827363 0.6938110749185668 0.41042345276872966 0.6970684039087948 0.41368078175895767 0.6970684039087948 0.44625407166123776 0.7003257328990228 0.4495114006514658 0.7003257328990228 0.4527687296416938 0.7035830618892508 0.4560260586319218 0.7035830618892508 0.4592833876221498 0.7068403908794788 0.46254071661237783 0.7068403908794788 0.46579804560260585 0.7100977198697068 0.46905537459283386 0.7100977198697068 0.4723127035830619 0.7133550488599348 0.4755700325732899 0.7133550488599348 0.48534201954397393 0.7166123778501629 0.48859934853420195 0.7166123778501629 0.49185667752442996 0.7198697068403909 0.495114006514658 0.8013029315960912 0.495114006514658 0.8045602605863192 0.49185667752442996 0.8762214983713354 0.49185667752442996 0.8794788273615635 0.48859934853420195 0.9446254071661238 0.48859934853420195 0.9478827361563518 0.49185667752442996 0.9543973941368078 0.49185667752442996 0.9576547231270358 0.495114006514658 0.996742671009772 0.495114006514658 0.996742671009772 0.4495114006514658 0.9771986970684039 0.4495114006514658 0.9706840390879479 0.44299674267100975 0.9706840390879479 0.42671009771986973 0.9674267100977199 0.4234527687296417 0.9674267100977199 0.4006514657980456 0.9706840390879479 0.3973941368078176 0.9706840390879479 0.39087947882736157 0.9771986970684039 0.38436482084690554 0.9837133550488599 0.38436482084690554 0.9869706840390879 0.3811074918566775 0.990228013029316 0.3811074918566775 0.996742671009772 0.3745928338762215 0.996742671009772 0.0749185667752443 0.993485342019544 0.0749185667752443 0.990228013029316 0.0781758957654723 0.9315960912052117 0.0781758957654723 0.9283387622149837 0.0749185667752443 0.8957654723127035 0.0749185667752443 0.8925081433224755 0.07166123778501629 0.8859934853420195 0.07166123778501629 0.8827361563517915 0.0749185667752443 0.8762214983713354 0.0749185667752443 0.8729641693811075 0.0781758957654723 0.8697068403908795 0.0781758957654723 0.8664495114006515 0.08143322475570032 0.8599348534201955 0.08143322475570032 0.8566775244299675 0.08469055374592833 0.8534201954397395 0.08469055374592833 0.8501628664495114 0.08794788273615635 0.8175895765472313 0.08794788273615635 0.8143322475570033 0.08469055374592833 0.7915309446254072 0.08469055374592833 0.7882736156351792 0.08143322475570032 0.7817589576547231 0.08143322475570032 0.7785016286644951 0.0781758957654723 0.7719869706840391 0.0781758957654723 0.7687296416938111 0.0749185667752443 0.762214983713355 0.0749185667752443 0.758957654723127 0.07166123778501629 0.755700325732899 0.07166123778501629 0.752442996742671 0.0749185667752443 0.7361563517915309 0.0749185667752443 0.7328990228013029 0.0781758957654723 0.7198697068403909 0.0781758957654723 0.7166123778501629 0.08143322475570032
0 0.03908794788273615 0.009771986970684038 0.05863192182410423 0.009771986970684038 0.06188925081433225 0.006514657980456026 0.07166123778501629 0.006514657980456026 0.0749185667752443 0.009771986970684038 0.09120521172638436 0.009771986970684038 0.09446254071661238 0.013029315960912053 0.09771986970684039 0.013029315960912053 0.10097719869706841 0.016286644951140065 0.10097719869706841 0.019543973941368076 0.10423452768729642 0.019543973941368076 0.10749185667752444 0.02280130293159609 0.11074918566775244 0.02280130293159609 0.11400651465798045 0.026058631921824105 0.11726384364820847 0.026058631921824105 0.12052117263843648 0.029315960912052116 0.13355048859934854 0.029315960912052116 0.13680781758957655 0.026058631921824105 0.1498371335504886 0.026058631921824105 0.15309446254071662 0.02280130293159609 0.16286644951140064 0.02280130293159609 0.16612377850162866 0.019543973941368076 0.17263843648208468 0.019543973941368076 0.17263843648208468 0.016286644951140065 0.1758957654723127 0.013029315960912053 0.18241042345276873 0.013029315960912053 0.18566775244299674 0.009771986970684038 0.19218241042345277 0.009771986970684038 0.19543973941368079 0.006514657980456026 0.1986970684039088 0.006514657980456026 0.20195439739413681 0.003257328990228013 0.2182410423452769 0.003257328990228013 0.22149837133550487 0.006514657980456026 0.24104234527687296 0.006514657980456026 0.24429967426710097 0.009771986970684038 0.247557003257329 0.009771986970684038 0.250814332247557 0.006514657980456026 0.2703583061889251 0.006514657980456026 0.2736156351791531 0.003257328990228013 0.3127035830618892 0.003257328990228013 0.31596091205211724 0 0.34201954397394135 0 0.34527687296416937 0.003257328990228013 0.3583061889250814 0.003257328990228013 0.36156351791530944 0.006514657980456026 0.3745928338762215 0.006514657980456026 0.3778501628664495 0.009771986970684038 0.39087947882736157 0.009771986970684038 0.3941368078175896 0.013029315960912053 0.40716612377850164 0.013029315960912053 0.41042345276872966 0.009771986970684038 0.4169381107491857 0.009771986970684038 0.4201954397394137 0.006514657980456026 0.42996742671009774 0.006514657980456026 0.43322475570032576 0.003257328990228013 0.4364820846905538 0.006514657980456026 0.4527687296416938 0.006514657980456026 0.4560260586319218 0.009771986970684038 0.511400651465798 0.009771986970684038 0.5146579804560261 0.013029315960912053 0.5472312703583062 0.013029315960912053 0.5504885993485342 0.009771986970684038 0.5863192182410424 0.009771986970684038 0.5895765472312704 0.013029315960912053 0.6319218241042345 0.013029315960912053 0.6351791530944625 0.009771986970684038 0.6644951140065146 0.009771986970684038 0.6677524429967426 0.006514657980456026 0.7166123778501629 0.006514657980456026 0.7198697068403909 0.003257328990228013 0.7296416938110749 0.003257328990228013 0.7328990228013029 0 0.742671009771987 0 0.04234527687296417 0 0.03908794788273615 0.003257328990228013
0 0.8631921824104235 0 0.8697068403908795 0 0.8729641693811075 0.003257328990228013 0.8794788273615635 0.003257328990228013 0.8827361563517915 0.006514657980456026 0.8859934853420195 0.003257328990228013 0.8990228013029316 0.003257328990228013 0.9022801302931596 0 0.9250814332247557 0
0 0.9869706840390879 0.40716612377850164 0.9837133550488599 0.41042345276872966 0.9837133550488599 0.41368078175895767 0.9869706840390879 0.4169381107491857 0.9869706840390879 0.4201954397394137 0.996742671009772 0.4201954397394137 0.996742671009772 0.41042345276872966 0.993485342019544 0.40716612377850164
1 0.6416938110749185 0.07166123778501629 0.6319218241042345 0.07166123778501629 0.6286644951140065 0.06840390879478828 0.6026058631921825 0.06840390879478828 0.5993485342019544 0.06514657980456026 0.5700325732899023 0.06514657980456026 0.5667752442996743 0.06188925081433225 0.5276872964169381 0.06188925081433225 0.5244299674267101 0.06514657980456026 0.495114006514658 0.06514657980456026 0.49185667752442996 0.06840390879478828 0.46254071661237783 0.06840390879478828 0.4592833876221498 0.07166123778501629 0.4364820846905538 0.07166123778501629 0.43322475570032576 0.0749185667752443 0.4169381107491857 0.0749185667752443 0.41368078175895767 0.0781758957654723 0.3941368078175896 0.0781758957654723 0.39087947882736157 0.08143322475570032 0.3257328990228013 0.08143322475570032 0.32247557003257327 0.0781758957654723 0.2736156351791531 0.0781758957654723 0.2736156351791531 0.08143322475570032 0.2703583061889251 0.08469055374592833 0.2671009771986971 0.08469055374592833 0.2671009771986971 0.08794788273615635 0.2703583061889251 0.09120521172638436 0.2703583061889251 0.10423452768729642 0.2736156351791531 0.10749185667752444 0.2736156351791531 0.11726384364820847 0.2768729641693811 0.12052117263843648 0.2768729641693811 0.13029315960912052 0.28013029315960913 0.13355048859934854 0.28338762214983715 0.13355048859934854 0.2899022801302932 0.14006514657980457 0.2899022801302932 0.1465798045602606 0.2931596091205212 0.1498371335504886 0.2931596091205212 0.15309446254071662 0.2964169381107492 0.1563517915309446 0.2964169381107492 0.16286644951140064 0.2996742671009772 0.16612377850162866 0.2996742671009772 0.17263843648208468 0.30293159609120524 0.1758957654723127 0.30293159609120524 0.18566775244299674 0.30618892508143325 0.18892508143322476 0.30618892508143325 0.20846905537459284 0.30293159609120524 0.21172638436482086 0.30293159609120524 0.2182410423452769 0.2964169381107492 0.2247557003257329 0.2931596091205212 0.2247557003257329 0.2931596091205212 0.2280130293159609 0.2899022801302932 0.23127035830618892 0.2899022801302932 0.23778501628664495 0.28664495114006516 0.24104234527687296 0.28664495114006516 0.24429967426710097 0.28338762214983715 0.247557003257329 0.28338762214983715 0.250814332247557 0.2703583061889251 0.26384364820846906 0.2703583061889251 0.2671009771986971 0.25732899022801303 0.28013029315960913 0.25732899022801303 0.28338762214983715 0.250814332247557 0.2899022801302932 0.250814332247557 0.30293159609120524 0.254071661237785 0.30618892508143325 0.254071661237785 0.31921824104234525 0.2671009771986971 0.3322475570032573 0.2671009771986971 0.3355048859934853 0.2736156351791531 0.34201954397394135 0.2736156351791531 0.34527687296416937 0.2768729641693811 0.3485342019543974 0.2768729641693811 0.3745928338762215 0.28013029315960913 0.3778501628664495 0.28013029315960913 0.3941368078175896 0.28338762214983715 0.3973941368078176 0.28338762214983715 0.42671009771986973 0.28664495114006516 0.42996742671009774 0.28664495114006516 0.4592833876221498 0.2899022801302932 0.46254071661237783 0.2899022801302932 0.4788273615635179 0.28664495114006516 0.4820846905537459 0.28664495114006516 0.495114006514658 0.2964169381107492 0.495114006514658 0.2996742671009772 0.498371335504886 0.32247557003257327 0.498371335504886 0.3257328990228013 0.501628664495114 0.3485342019543974 0.501628664495114 0.3517915309446254 0.504885993485342 0.38762214983713356 0.504885993485342 0.39087947882736157 0.501628664495114 0.40716612377850164 0.501628664495114 0.41042345276872966 0.498371335504886 0.42996742671009774 0.498371335504886 0.43322475570032576 0.495114006514658 0.4527687296416938 0.495114006514658 0.4560260586319218 0.49185667752442996 0.5635179153094463 0.49185667752442996 0.5667752442996743 0.48859934853420195 0.5798045602605864 0.48859934853420195 0.5830618892508144 0.48534201954397393 0.5863192182410424 0.48534201954397393 0.5895765472312704 0.4820846905537459 0.5960912052117264 0.4820846905537459 0.5993485342019544 0.4788273615635179 0.6026058631921825 0.4788273615635179 0.6058631921824105 0.4755700325732899 0.6123778501628665 0.4755700325732899 0.6221498371335505 0.46579804560260585 0.6254071661237784 0.46579804560260585 0.6384364820846905 0.4527687296416938 0.6416938110749185 0.4527687296416938 0.6449511400651465 0.4495114006514658 0.6449511400651465 0.31596091205211724 0.6416938110749185 0.3127035830618892 0.6416938110749185 0.24429967426710097 0.6384364820846905 0.24104234527687296 0.6384364820846905 0.10097719869706841 0.6416938110749185 0.09771986970684039
1 0.23127035830618892 0.05863192182410423 0.2247557003257329 0.05863192182410423 0.22149837133550487 0.06188925081433225 0.2182410423452769 0.06188925081433225 0.21498371335504887 0.06514657980456026 0.21172638436482086 0.06514657980456026 0.20846905537459284 0.06840390879478828 0.20521172638436483 0.06840390879478828 0.20195439739413681 0.07166123778501629 0.1986970684039088 0.07166123778501629 0.19543973941368079 0.0749185667752443 0.19218241042345277 0.0749185667752443 0.18892508143322476 0.0781758957654723 0.16612377850162866 0.0781758957654723 0.16286644951140064 0.08143322475570032 0.13680781758957655 0.08143322475570032 0.13355048859934854 0.08469055374592833 0.11726384364820847 0.08469055374592833 0.11400651465798045 0.08794788273615635 0.09771986970684039 0.08794788273615635 0.09446254071661238 0.09120521172638436 0.09120521172638436 0.09120521172638436 0.09120521172638436 0.09771986970684039 0.08794788273615635 0.10097719869706841 0 0.10097719869706841 0 0.5211726384364821 0.02280130293159609 0.5211726384364821 0.026058631921824105 0.5179153094462541 0.05863192182410423 0.5179153094462541 0.06188925081433225 0.5146579804560261 0.09120521172638436 0.5146579804560261 0.09446254071661238 0.511400651465798 0.11074918566775244 0.511400651465798 0.11400651465798045 0.50814332247557 0.1270358306188925 0.50814332247557 0.13029315960912052 0.504885993485342 0.14006514657980457 0.504885993485342 0.14332247557003258 0.501628664495114 0.17263843648208468 0.501628664495114 0.1758957654723127 0.504885993485342 0.1986970684039088 0.504885993485342 0.20195439739413681 0.50814332247557 0.22149837133550487 0.50814332247557 0.2247557003257329 0.504885993485342 0.2280130293159609 0.504885993485342 0.23452768729641693 0.498371335504886 0.23452768729641693 0.495114006514658 0.24104234527687296 0.48859934853420195 0.24104234527687296 0.48534201954397393 0.254071661237785 0.4723127035830619 0.254071661237785 0.46905537459283386 0.25732899022801303 0.46579804560260585 0.25732899022801303 0.44299674267100975 0.254071661237785 0.43973941368078173 0.254071661237785 0.40716612377850164 0.24429967426710097 0.3973941368078176 0.24429967426710097 0.39087947882736157 0.24104234527687296 0.38762214983713356 0.24104234527687296 0.38436482084690554 0.23452768729641693 0.3778501628664495 0.23452768729641693 0.3745928338762215 0.23127035830618892 0.3713355048859935 0.23127035830618892 0.36807817589576547 0.2280130293159609 0.36482084690553745 0.2280130293159609 0.3583061889250814 0.2182410423452769 0.3485342019543974 0.2182410423452769 0.34527687296416937 0.21498371335504887 0.34201954397394135 0.21498371335504887 0.3257328990228013 0.2182410423452769 0.32247557003257327 0.2182410423452769 0.3127035830618892 0.22149837133550487 0.30944625407166126 0.22149837133550487 0.2996742671009772 0.2247557003257329 0.2964169381107492 0.2280130293159609 0.2964169381107492 0.2280130293159609 0.2931596091205212 0.23127035830618892 0.2899022801302932 0.23127035830618892 0.28664495114006516 0.23452768729641693 0.28338762214983715 0.23452768729641693 0.28013029315960913 0.23127035830618892 0.2768729641693811 0.23127035830618892 0.2671009771986971 0.23452768729641693 0.26384364820846906 0.23452768729641693 0.250814332247557 0.250814332247557 0.23452768729641693 0.250814332247557 0.23127035830618892 0.25732899022801303 0.2247557003257329 0.25732899022801303 0.22149837133550487 0.26058631921824105 0.2182410423452769 0.26058631921824105 0.21498371335504887 0.26384364820846906 0.21172638436482086 0.26384364820846906 0.20846905537459284 0.26058631921824105 0.20521172638436483 0.26058631921824105 0.19543973941368079 0.25732899022801303 0.19218241042345277 0.25732899022801303 0.18241042345276873 0.254071661237785 0.1791530944625407 0.254071661237785 0.1758957654723127 0.250814332247557 0.17263843648208468 0.250814332247557 0.16938110749185667 0.247557003257329 0.16612377850162866 0.247557003257329 0.15960912052117263 0.24429967426710097 0.1563517915309446 0.24429967426710097 0.1237785016286645 0.247557003257329 0.12052117263843648 0.247557003257329 0.11074918566775244 0.250814332247557 0.10749185667752444 0.250814332247557 0.10423452768729642 0.254071661237785 0.10097719869706841 0.254071661237785 0.09771986970684039 0.250814332247557 0.09446254071661238 0.250814332247557 0.08143322475570032 0.24429967426710097 0.0749185667752443 0.24104234527687296 0.0749185667752443 0.23778501628664495 0.07166123778501629 0.23778501628664495 0.06514657980456026
2 0.2964169381107492 0.006514657980456026 0.2736156351791531 0.006514657980456026 0.2703583061889251 0.009771986970684038 0.250814332247557 0.009771986970684038 0.247557003257329 0.013029315960912053 0.24429967426710097 0.013029315960912053 0.24104234527687296 0.009771986970684038 0.22149837133550487 0.009771986970684038 0.2182410423452769 0.006514657980456026 0.20195439739413681 0.006514657980456026 0.19218241042345277 0.013029315960912053 0.1758957654723127 0.016286644951140065 0.1758957654723127 0.026058631921824105 0.1986970684039088 0.026058631921824105 0.20195439739413681 0.02280130293159609 0.21172638436482086 0.02280130293159609 0.21498371335504887 0.019543973941368076 0.22149837133550487 0.019543973941368076 0.2247557003257329 0.016286644951140065 0.23452768729641693 0.016286644951140065 0.24104234527687296 0.026058631921824105 0.24104234527687296 0.03257328990228013 0.23778501628664495 0.035830618892508145 0.23778501628664495 0.06188925081433225 0.24104234527687296 0.06514657980456026 0.24104234527687296 0.07166123778501629 0.24429967426710097 0.07166123778501629 0.254071661237785 0.08143322475570032 0.254071661237785 0.09446254071661238 0.25732899022801303 0.09771986970684039 0.25732899022801303 0.10097719869706841 0.250814332247557 0.11074918566775244 0.250814332247557 0.12052117263843648 0.247557003257329 0.1237785016286645 0.247557003257329 0.1563517915309446 0.250814332247557 0.15960912052117263 0.250814332247557 0.16612377850162866 0.26058631921824105 0.18241042345276873 0.26058631921824105 0.19218241042345277 0.26384364820846906 0.19543973941368079 0.26384364820846906 0.20521172638436483 0.2671009771986971 0.20846905537459284 0.2671009771986971 0.21172638436482086 0.26384364820846906 0.21498371335504887 0.26058631921824105 0.2247557003257329 0.254071661237785 0.23127035830618892 0.254071661237785 0.23452768729641693 0.23778501628664495 0.250814332247557 0.23778501628664495 0.26384364820846906 0.23452768729641693 0.2671009771986971 0.23452768729641693 0.2768729641693811 0.23778501628664495 0.28013029315960913 0.23778501628664495 0.28338762214983715 0.23452768729641693 0.28664495114006516 0.23127035830618892 0.2964169381107492 0.2280130293159609 0.2996742671009772 0.2247557003257329 0.2996742671009772 0.2247557003257329 0.30944625407166126 0.22149837133550487 0.3127035830618892 0.22149837133550487 0.32247557003257327 0.2182410423452769 0.3257328990228013 0.2182410423452769 0.34201954397394135 0.22149837133550487 0.34527687296416937 0.22149837133550487 0.3485342019543974 0.23127035830618892 0.3583061889250814 0.23127035830618892 0.36482084690553745 0.23452768729641693 0.36807817589576547 0.23778501628664495 0.3778501628664495 0.24429967426710097 0.38436482084690554 0.24429967426710097 0.38762214983713356 0.247557003257329 0.39087947882736157 0.247557003257329 0.3973941368078176 0.25732899022801303 0.40716612377850164 0.25732899022801303 0.43973941368078173 0.26058631921824105 0.44299674267100975 0.26058631921824105 0.46579804560260585 0.25732899022801303 0.46905537459283386 0.25732899022801303 0.4723127035830619 0.24429967426710097 0.48534201954397393 0.24429967426710097 0.48859934853420195 0.23778501628664495 0.495114006514658 0.23778501628664495 0.498371335504886 0.23127035830618892 0.504885993485342 0.23127035830618892 0.50814332247557 0.22149837133550487 0.5146579804560261 0.21498371335504887 0.5146579804560261 0.21172638436482086 0.5179153094462541 0.20195439739413681 0.5179153094462541 0.1986970684039088 0.5146579804560261 0.18892508143322476 0.5146579804560261 0.18566775244299674 0.5179153094462541 0.16286644951140064 0.5179153094462541 0.15960912052117263 0.5211726384364821 0.15309446254071662 0.5211726384364821 0.1498371335504886 0.5244299674267101 0.14006514657980457 0.5244299674267101 0.13680781758957655 0.5276872964169381 0.1270358306188925 0.5276872964169381 0.1237785016286645 0.5309446254071661 0.11726384364820847 0.5309446254071661 0.11074918566775244 0.5374592833876222 0.09120521172638436 0.5374592833876222 0.08794788273615635 0.5407166123778502 0.0749185667752443 0.5407166123778502 0.07166123778501629 0.5439739413680782 0.06840390879478828 0.5439739413680782 0.04234527687296417 0.5700325732899023 0.04234527687296417 0.5732899022801303 0.035830618892508145 0.5798045602605864 0.035830618892508145 0.5830618892508144 0.02280130293159609 0.5960912052117264 0.02280130293159609 0.5993485342019544 0.019543973941368076 0.6026058631921825 0.019543973941368076 0.6351791530944625 0.02280130293159609 0.6384364820846905 0.02280130293159609 0.6677524429967426 0.019543973941368076 0.6710097719869706 0.019543973941368076 0.6970684039087948 0.02280130293159609 0.7003257328990228 0.02280130293159609 0.7100977198697068 0.029315960912052116 0.7166123778501629 0.029315960912052116 0.7361563517915309 0.03257328990228013 0.739413680781759 0.03257328990228013 0.7947882736156352 0.029315960912052116 0.7980456026058632 0.029315960912052116 0.8013029315960912 0.019543973941368076 0.8110749185667753 0.013029315960912053 0.8110749185667753 0.013029315960912053 0.8175895765472313 0.009771986970684038 0.8208469055374593 0.009771986970684038 0.8241042345276873 0 0.8338762214983714 0 0.8599348534201955 0.003257328990228013 0.8631921824104235 0.003257328990228013 0.8664495114006515 0.006514657980456026 0.8664495114006515 0.009771986970684038 0.8697068403908795 0.009771986970684038 0.8729641693811075 0.013029315960912053 0.8762214983713354 0.013029315960912053 0.8827361563517915 0.026058631921824105 0.8925081433224755 0.026058631921824105 0.8990228013029316 0.035830618892508145 0.9120521172638436 0.035830618892508145 0.9218241042345277 0.03908794788273615 0.9250814332247557 0.03908794788273615 0.9446254071661238 0.035830618892508145 0.9478827361563518 0.035830618892508145 0.9771986970684039 0.03908794788273615 0.9804560260586319 0.04234527687296417 0.990228013029316 0.048859934853420196 0.990228013029316 0.048859934853420196 0.9739413680781759 0.05211726384364821 0.9706840390879479 0.05211726384364821 0.9641693811074918 0.05537459283387622 0.9609120521172638 0.05537459283387622 0.9283387622149837 0.05211726384364821 0.9250814332247557 0.05211726384364821 0.9022801302931596 0.048859934853420196 0.8990228013029316 0.048859934853420196 0.8827361563517915 0.04560260586319218 0.8794788273615635 0.04560260586319218 0.8729641693811075 0.04234527687296417 0.8729641693811075 0.03908794788273615 0.8697068403908795 0.03908794788273615 0.8664495114006515 0.03257328990228013 0.8566775244299675 0.03257328990228013 0.8501628664495114 0.04234527687296417 0.8371335504885994 0.04234527687296417 0.8306188925081434 0.04560260586319218 0.8273615635179153 0.04560260586319218 0.7328990228013029 0.04234527687296417 0.7296416938110749 0.04234527687296417 0.7003257328990228 0.04560260586319218 0.6970684039087948 0.04560260586319218 0.6123778501628665 0.05211726384364821 0.6058631921824105 0.05537459283387622 0.6058631921824105 0.05537459283387622 0.6026058631921825 0.08469055374592833 0.5732899022801303 0.08794788273615635 0.5732899022801303 0.09120521172638436 0.5700325732899023 0.09771986970684039 0.5700325732899023 0.10097719869706841 0.5667752442996743 0.11074918566775244 0.5667752442996743 0.11400651465798045 0.5635179153094463 0.12052117263843648 0.5635179153094463 0.1270358306188925 0.5570032573289903 0.14006514657980457 0.5570032573289903 0.14332247557003258 0.5537459283387622 0.1498371335504886 0.5537459283387622 0.16286644951140064 0.5439739413680782 0.23127035830618892 0.5439739413680782 0.23452768729641693 0.5407166123778502 0.25732899022801303 0.5407166123778502 0.26058631921824105 0.5374592833876222 0.26384364820846906 0.5374592833876222 0.28013029315960913 0.5211726384364821 0.28013029315960913 0.5179153094462541 0.28338762214983715 0.5146579804560261 0.28338762214983715 0.4820846905537459 0.28664495114006516 0.4788273615635179 0.28664495114006516 0.46254071661237783 0.28338762214983715 0.4592833876221498 0.28338762214983715 0.42996742671009774 0.28013029315960913 0.42671009771986973 0.28013029315960913 0.3973941368078176 0.2768729641693811 0.3941368078175896 0.2768729641693811 0.3778501628664495 0.2736156351791531 0.3745928338762215 0.2736156351791531 0.3485342019543974 0.26384364820846906 0.3355048859934853 0.26384364820846906 0.3322475570032573 0.250814332247557 0.31921824104234525 0.250814332247557 0.30618892508143325 0.247557003257329 0.30293159609120524 0.247557003257329 0.2899022801302932 0.254071661237785 0.28338762214983715 0.254071661237785 0.28013029315960913 0.2671009771986971 0.2671009771986971 0.2671009771986971 0.26384364820846906 0.28013029315960913 0.250814332247557 0.28013029315960913 0.247557003257329 0.28664495114006516 0.23778501628664495 0.28664495114006516 0.23127035830618892 0.2899022801302932 0.2280130293159609 0.2899022801302932 0.2247557003257329 0.2996742671009772 0.2182410423452769 0.2996742671009772 0.21172638436482086 0.30293159609120524 0.20846905537459284 0.30293159609120524 0.18892508143322476 0.2996742671009772 0.18566775244299674 0.2996742671009772 0.1758957654723127 0.2964169381107492 0.17263843648208468 0.2931596091205212 0.1563517915309446 0.28664495114006516 0.1465798045602606 0.28664495114006516 0.14006514657980457 0.2736156351791531 0.13029315960912052 0.2736156351791531 0.12052117263843648 0.2703583061889251 0.11726384364820847 0.2703583061889251 0.10749185667752444 0.2671009771986971 0.10423452768729642 0.2671009771986971 0.09120521172638436 0.26384364820846906 0.08794788273615635 0.26384364820846906 0.08469055374592833 0.2671009771986971 0.08143322475570032 0.2703583061889251 0.08143322475570032 0.2703583061889251 0.05863192182410423 0.2671009771986971 0.05537459283387622 0.2671009771986971 0.05211726384364821 0.28013029315960913 0.035830618892508145 0.28338762214983715 0.035830618892508145 0.2931596091205212 0.026058631921824105 0.2964169381107492 0.026058631921824105 0.2996742671009772 0.02280130293159609 0.2996742671009772 0.013029315960912053 0.2964169381107492 0.009771986970684038
2 0.02280130293159609 0 0.02280130293159609 0.009771986970684038 0.029315960912052116 0.016286644951140065 0.029315960912052116 0.019543973941368076 0.03257328990228013 0.02280130293159609 0.035830618892508145 0.02280130293159609 0.03908794788273615 0.026058631921824105 0.04234527687296417 0.026058631921824105 0.04560260586319218 0.029315960912052116 0.05863192182410423 0.029315960912052116 0.06188925081433225 0.03257328990228013 0.07166123778501629 0.03257328990228013 0.0749185667752443 0.029315960912052116 0.08469055374592833 0.029315960912052116 0.08794788273615635 0.026058631921824105 0.09120521172638436 0.026058631921824105 0.09446254071661238 0.02280130293159609 0.09771986970684039 0.02280130293159609 0.09771986970684039 0.016286644951140065 0.09446254071661238 0.016286644951140065 0.09120521172638436 0.013029315960912053 0.0749185667752443 0.013029315960912053 0.07166123778501629 0.009771986970684038 0.06188925081433225 0.009771986970684038 0.05863192182410423 0.013029315960912053 0.03908794788273615 0.013029315960912053 0.035830618892508145 0.009771986970684038 0.035830618892508145 0.003257328990228013 0.03908794788273615 0
2 0.996742671009772 0.3778501628664495 0.990228013029316 0.38436482084690554 0.9869706840390879 0.38436482084690554 0.9837133550488599 0.38762214983713356 0.9771986970684039 0.38762214983713356 0.9739413680781759 0.39087947882736157 0.9739413680781759 0.3973941368078176 0.9706840390879479 0.4006514657980456 0.9706840390879479 0.4234527687296417 0.9739413680781759 0.42671009771986973 0.9739413680781759 0.44299674267100975 0.9771986970684039 0.44625407166123776 0.996742671009772 0.44625407166123776 0.996742671009772 0.4234527687296417 0.9869706840390879 0.4234527687296417 0.9837133550488599 0.4201954397394137 0.9837133550488599 0.4169381107491857 0.9804560260586319 0.41368078175895767 0.9804560260586319 0.41042345276872966 0.9869706840390879 0.40390879478827363 0.993485342019544 0.40390879478827363 0.996742671009772 0.40716612377850164
2 0 0.09120521172638436 0 0.09771986970684039 0.08794788273615635 0.09771986970684039 0.08794788273615635 0.09120521172638436