0 0.9538461538461539 0.4676923076923077 0.9446153846153846 0.4584615384615385 0.9261538461538461 0.4584615384615385 0.9230769230769231 0.4553846153846154 0.916923076923077 0.4553846153846154 0.9138461538461539 0.4523076923076923 0.9015384615384615 0.4523076923076923 0.8984615384615384 0.4492307692307692 0.8892307692307693 0.4492307692307692 0.8861538461538462 0.4523076923076923 0.8676923076923077 0.4523076923076923 0.8646153846153846 0.4553846153846154 0.84 0.4553846153846154 0.8369230769230769 0.4523076923076923 0.8338461538461538 0.4523076923076923 0.8307692307692308 0.4553846153846154 0.8 0.4553846153846154 0.796923076923077 0.4584615384615385 0.7630769230769231 0.4584615384615385 0.76 0.4553846153846154 0.7538461538461538 0.4553846153846154 0.7507692307692307 0.4523076923076923 0.7292307692307692 0.4523076923076923 0.7261538461538461 0.4553846153846154 0.7169230769230769 0.4553846153846154 0.7138461538461538 0.4584615384615385 0.6646153846153846 0.4584615384615385 0.6615384615384615 0.46153846153846156 0.6369230769230769 0.46153846153846156 0.6338461538461538 0.4584615384615385 0.6307692307692307 0.4584615384615385 0.6276923076923077 0.46153846153846156 0.6215384615384615 0.46153846153846156 0.6184615384615385 0.4584615384615385 0.6092307692307692 0.4584615384615385 0.6061538461538462 0.4553846153846154 0.5938461538461538 0.4553846153846154 0.5907692307692308 0.4523076923076923 0.5876923076923077 0.4523076923076923 0.5846153846153846 0.4553846153846154 0.5507692307692308 0.4553846153846154 0.5476923076923077 0.4584615384615385 0.5384615384615384 0.4584615384615385 0.5353846153846153 0.46153846153846156 0.49846153846153846 0.46153846153846156 0.49538461538461537 0.4584615384615385 0.46153846153846156 0.4584615384615385 0.4584615384615385 0.4553846153846154 0.4461538461538462 0.4553846153846154 0.4430769230769231 0.4584615384615385 0.44 0.4553846153846154 0.4307692307692308 0.4553846153846154 0.4276923076923077 0.4584615384615385 0.41846153846153844 0.4584615384615385 0.4153846153846154 0.46153846153846156 0.37538461538461537 0.46153846153846156 0.3723076923076923 0.4646153846153846 0.36923076923076925 0.4646153846153846 0.36923076923076925 0.47384615384615386 0.3723076923076923 0.47692307692307695 0.3723076923076923 0.48307692307692307 0.36923076923076925 0.48615384615384616 0.36923076923076925 0.48923076923076925 0.3723076923076923 0.49230769230769234 0.3723076923076923 0.49538461538461537 0.37538461538461537 0.49846153846153846 0.37538461538461537 0.5692307692307692 0.3723076923076923 0.5723076923076923 0.3723076923076923 0.5876923076923077 0.37538461538461537 0.5907692307692308 0.37538461538461537 0.6123076923076923 0.37846153846153846 0.6153846153846154 0.37846153846153846 0.6369230769230769 0.38769230769230767 0.6369230769230769 0.39076923076923076 0.64 0.39692307692307693 0.64 0.4 0.6430769230769231 0.4153846153846154 0.6430769230769231 0.41846153846153844 0.64 0.4461538461538462 0.64 0.4492307692307692 0.6369230769230769 0.49538461538461537 0.6369230769230769 0.49846153846153846 0.6338461538461538 0.5015384615384615 0.6369230769230769 0.5230769230769231 0.6369230769230769 0.5261538461538462 0.64 0.5784615384615385 0.64 0.5815384615384616 0.6369230769230769 0.6246153846153846 0.6369230769230769 0.6276923076923077 0.64 0.6307692307692307 0.6369230769230769 0.64 0.6369230769230769 0.6430769230769231 0.6338461538461538 0.7323076923076923 0.6338461538461538 0.7353846153846154 0.6369230769230769 0.7415384615384616 0.6369230769230769 0.7446153846153846 0.6338461538461538 0.76 0.6338461538461538 0.7630769230769231 0.6369230769230769 0.7784615384615384 0.6369230769230769 0.7815384615384615 0.64 0.7876923076923077 0.64 0.7907692307692308 0.6430769230769231 0.8 0.6430769230769231 0.803076923076923 0.64 0.8123076923076923 0.64 0.8153846153846154 0.6369230769230769 0.8276923076923077 0.6369230769230769 0.8307692307692308 0.6338461538461538 0.8338461538461538 0.6369230769230769 0.8769230769230769 0.6369230769230769 0.88 0.6338461538461538 0.9046153846153846 0.6338461538461538 0.9076923076923077 0.6369230769230769 0.9107692307692308 0.6369230769230769 0.9138461538461539 0.64 0.916923076923077 0.64 0.92 0.6430769230769231 0.9323076923076923 0.6430769230769231 0.9323076923076923 0.64 0.9353846153846154 0.6369230769230769 0.9476923076923077 0.6369230769230769 0.9507692307692308 0.6338461538461538 0.9507692307692308 0.52 0.9538461538461539 0.5169230769230769
0 0.9507692307692308 0.036923076923076927 0.9384615384615385 0.036923076923076927 0.9353846153846154 0.033846153846153845 0.9292307692307692 0.033846153846153845 0.9261538461538461 0.03076923076923077 0.9076923076923077 0.03076923076923077 0.9046153846153846 0.027692307692307693 0.8769230769230769 0.027692307692307693 0.8738461538461538 0.03076923076923077 0.8646153846153846 0.03076923076923077 0.8615384615384616 0.033846153846153845 0.8430769230769231 0.033846153846153845 0.84 0.036923076923076927 0.803076923076923 0.036923076923076927 0.8 0.033846153846153845 0.796923076923077 0.033846153846153845 0.7938461538461539 0.03076923076923077 0.7846153846153846 0.03076923076923077 0.7815384615384615 0.033846153846153845 0.7723076923076924 0.033846153846153845 0.7692307692307693 0.036923076923076927 0.76 0.036923076923076927 0.7569230769230769 0.04 0.7476923076923077 0.04 0.7446153846153846 0.036923076923076927 0.7138461538461538 0.036923076923076927 0.7107692307692308 0.04 0.6953846153846154 0.04 0.6923076923076923 0.036923076923076927 0.6646153846153846 0.036923076923076927 0.6615384615384615 0.033846153846153845 0.6523076923076923 0.033846153846153845 0.6492307692307693 0.03076923076923077 0.6276923076923077 0.03076923076923077 0.6246153846153846 0.033846153846153845 0.6153846153846154 0.033846153846153845 0.6123076923076923 0.036923076923076927 0.5938461538461538 0.036923076923076927 0.5907692307692308 0.033846153846153845 0.5692307692307692 0.033846153846153845 0.5661538461538461 0.036923076923076927 0.563076923076923 0.033846153846153845 0.556923076923077 0.033846153846153845 0.5538461538461539 0.03076923076923077 0.5507692307692308 0.033846153846153845 0.5446153846153846 0.033846153846153845 0.5415384615384615 0.036923076923076927 0.52 0.036923076923076927 0.5169230769230769 0.033846153846153845 0.5015384615384615 0.033846153846153845 0.49846153846153846 0.03076923076923077 0.48923076923076925 0.03076923076923077 0.48615384615384616 0.033846153846153845 0.47692307692307695 0.033846153846153845 0.47384615384615386 0.03076923076923077 0.4584615384615385 0.03076923076923077 0.4553846153846154 0.033846153846153845 0.4523076923076923 0.033846153846153845 0.4492307692307692 0.036923076923076927 0.4430769230769231 0.036923076923076927 0.44 0.04 0.4 0.04 0.39692307692307693 0.036923076923076927 0.39076923076923076 0.036923076923076927 0.38769230769230767 0.033846153846153845 0.38461538461538464 0.033846153846153845 0.38153846153846155 0.036923076923076927 0.36923076923076925 0.036923076923076927 0.36615384615384616 0.04 0.36615384615384616 0.04923076923076923 0.36923076923076925 0.052307692307692305 0.36923076923076925 0.06153846153846154 0.3723076923076923 0.06461538461538462 0.3723076923076923 0.11692307692307692 0.36923076923076925 0.12 0.36923076923076925 0.14153846153846153 0.36615384615384616 0.14461538461538462 0.36923076923076925 0.1476923076923077 0.36923076923076925 0.15384615384615385 0.3723076923076923 0.15692307692307692 0.36923076923076925 0.16 0.36923076923076925 0.18461538461538463 0.3723076923076923 0.18769230769230769 0.3723076923076923 0.20615384615384616 0.36923076923076925 0.20923076923076922 0.36923076923076925 0.2123076923076923 0.37846153846153846 0.2123076923076923 0.38153846153846155 0.20923076923076922 0.44 0.20923076923076922 0.4430769230769231 0.2123076923076923 0.47384615384615386 0.2123076923076923 0.47692307692307695 0.20923076923076922 0.48307692307692307 0.20923076923076922 0.48615384615384616 0.2123076923076923 0.5046153846153846 0.2123076923076923 0.5076923076923077 0.20923076923076922 0.5507692307692308 0.20923076923076922 0.5538461538461539 0.20615384615384616 0.5784615384615385 0.20615384615384616 0.5815384615384616 0.20923076923076922 0.6061538461538462 0.20923076923076922 0.6092307692307692 0.20615384615384616 0.6307692307692307 0.20615384615384616 0.6338461538461538 0.20923076923076922 0.6461538461538462 0.20923076923076922 0.6492307692307693 0.2123076923076923 0.6892307692307692 0.2123076923076923 0.6923076923076923 0.20923076923076922 0.7015384615384616 0.20923076923076922 0.7046153846153846 0.20615384615384616 0.7076923076923077 0.20615384615384616 0.7107692307692308 0.20923076923076922 0.7415384615384616 0.20923076923076922 0.7446153846153846 0.2123076923076923 0.76 0.2123076923076923 0.7630769230769231 0.2153846153846154 0.7723076923076924 0.2153846153846154 0.7753846153846153 0.2123076923076923 0.7815384615384615 0.2123076923076923 0.7846153846153846 0.20923076923076922 0.7938461538461539 0.20923076923076922 0.796923076923077 0.20615384615384616 0.8184615384615385 0.20615384615384616 0.8215384615384616 0.20923076923076922 0.8553846153846154 0.20923076923076922 0.8584615384615385 0.20615384615384616 0.8707692307692307 0.20615384615384616 0.8738461538461538 0.20923076923076922 0.88 0.20923076923076922 0.8830769230769231 0.20615384615384616 0.9323076923076923 0.20615384615384616 0.9353846153846154 0.20307692307692307 0.9476923076923077 0.20307692307692307 0.9476923076923077 0.19384615384615383 0.9507692307692308 0.19076923076923077 0.9507692307692308 0.18461538461538463 0.9476923076923077 0.18153846153846154 0.9476923076923077 0.1476923076923077 0.9507692307692308 0.14461538461538462 0.9507692307692308 0.12923076923076923 0.9476923076923077 0.12615384615384614 0.9476923076923077 0.06461538461538462 0.9507692307692308 0.06153846153846154
0 0 0.6676923076923077 0 0.8584615384615385 0.003076923076923077 0.8584615384615385 0.006153846153846154 0.8615384615384616 0.012307692307692308 0.8615384615384616 0.015384615384615385 0.8584615384615385 0.024615384615384615 0.8584615384615385 0.027692307692307693 0.8553846153846154 0.052307692307692305 0.8553846153846154 0.055384615384615386 0.8523076923076923 0.28307692307692306 0.8523076923076923 0.28615384615384615 0.8553846153846154 0.31076923076923074 0.8553846153846154 0.31384615384615383 0.8584615384615385 0.3230769230769231 0.8584615384615385 0.3261538461538461 0.8615384615384616 0.3292307692307692 0.8584615384615385 0.3353846153846154 0.8584615384615385 0.3384615384615385 0.8553846153846154 0.3507692307692308 0.8553846153846154 0.35384615384615387 0.8523076923076923 0.4 0.8523076923076923 0.40307692307692305 0.8553846153846154 0.4153846153846154 0.8553846153846154 0.41846153846153844 0.8584615384615385 0.42153846153846153 0.8553846153846154 0.4307692307692308 0.8553846153846154 0.4338461538461538 0.8523076923076923 0.48615384615384616 0.8523076923076923 0.48923076923076925 0.8492307692307692 0.48923076923076925 0.8246153846153846 0.49230769230769234 0.8215384615384616 0.49230769230769234 0.8 0.49538461538461537 0.796923076923077 0.49538461538461537 0.7907692307692308 0.49230769230769234 0.7876923076923077 0.49230769230769234 0.7015384615384616 0.48923076923076925 0.6984615384615385 0.48923076923076925 0.6923076923076923 0.49230769230769234 0.6892307692307692 0.48923076923076925 0.6861538461538461 0.48923076923076925 0.68 0.49230769230769234 0.676923076923077 0.48923076923076925 0.6738461538461539 0.4523076923076923 0.6738461538461539 0.4492307692307692 0.6707692307692308 0.44 0.6707692307692308 0.4369230769230769 0.6676923076923077 0.4307692307692308 0.6676923076923077 0.4276923076923077 0.6646153846153846 0.4153846153846154 0.6646153846153846 0.4123076923076923 0.6676923076923077 0.39384615384615385 0.6676923076923077 0.39076923076923076 0.6707692307692308 0.37538461538461537 0.6707692307692308 0.3723076923076923 0.6738461538461539 0.3046153846153846 0.6738461538461539 0.30153846153846153 0.6707692307692308 0.29846153846153844 0.6707692307692308 0.2953846153846154 0.6738461538461539 0.27692307692307694 0.6738461538461539 0.27384615384615385 0.6707692307692308 0.27076923076923076 0.6707692307692308 0.2676923076923077 0.6676923076923077 0.2523076923076923 0.6676923076923077 0.24923076923076923 0.6646153846153846 0.2153846153846154 0.6646153846153846 0.2123076923076923 0.6676923076923077 0.20615384615384616 0.6676923076923077 0.20307692307692307 0.6707692307692308 0.18153846153846154 0.6707692307692308 0.17846153846153845 0.6738461538461539 0.12615384615384614 0.6738461538461539 0.12307692307692308 0.6707692307692308 0.08 0.6707692307692308 0.07692307692307693 0.6676923076923077 0.06769230769230769 0.6676923076923077 0.06461538461538462 0.6646153846153846 0.05846153846153846 0.6646153846153846 0.055384615384615386 0.6676923076923077 0.033846153846153845 0.6676923076923077 0.03076923076923077 0.6707692307692308 0.015384615384615385 0.6707692307692308 0.012307692307692308 0.6676923076923077
0 0 0.24923076923076923 0 0.4276923076923077 0.003076923076923077 0.4246153846153846 0.055384615384615386 0.4246153846153846 0.05846153846153846 0.4276923076923077 0.09538461538461539 0.4276923076923077 0.09846153846153846 0.4246153846153846 0.13230769230769232 0.4246153846153846 0.13538461538461538 0.4276923076923077 0.20615384615384616 0.4276923076923077 0.20923076923076922 0.4307692307692308 0.2153846153846154 0.4307692307692308 0.21846153846153846 0.4338461538461538 0.24923076923076923 0.4338461538461538 0.2523076923076923 0.4307692307692308 0.26461538461538464 0.4307692307692308 0.2676923076923077 0.4276923076923077 0.27692307692307694 0.4276923076923077 0.28 0.4246153846153846 0.28923076923076924 0.4246153846153846 0.2923076923076923 0.42153846153846153 0.3230769230769231 0.42153846153846153 0.3261538461538461 0.4246153846153846 0.35384615384615387 0.4246153846153846 0.3569230769230769 0.42153846153846153 0.3723076923076923 0.42153846153846153 0.37538461538461537 0.4246153846153846 0.40615384615384614 0.4246153846153846 0.40923076923076923 0.42153846153846153 0.4492307692307692 0.42153846153846153 0.4523076923076923 0.4246153846153846 0.4707692307692308 0.4246153846153846 0.47384615384615386 0.42153846153846153 0.47384615384615386 0.4153846153846154 0.47692307692307695 0.4123076923076923 0.47692307692307695 0.40307692307692305 0.48 0.4 0.48 0.39076923076923076 0.48307692307692307 0.38769230769230767 0.48307692307692307 0.38153846153846155 0.48 0.37846153846153846 0.48 0.36 0.47692307692307695 0.3569230769230769 0.47692307692307695 0.3415384615384615 0.47384615384615386 0.3384615384615385 0.47384615384615386 0.31076923076923074 0.47692307692307695 0.3076923076923077 0.47384615384615386 0.3046153846153846 0.47384615384615386 0.28 0.47692307692307695 0.27692307692307694 0.47692307692307695 0.27076923076923076 0.48 0.2676923076923077 0.48 0.24923076923076923 0.46153846153846156 0.24923076923076923 0.4584615384615385 0.2523076923076923 0.4553846153846154 0.24923076923076923 0.27692307692307694 0.24923076923076923 0.27384615384615385 0.24615384615384617 0.2 0.24615384615384617 0.19692307692307692 0.24307692307692308 0.18153846153846154 0.24307692307692308 0.17846153846153845 0.24 0.15384615384615385 0.24 0.15076923076923077 0.23692307692307693 0.09538461538461539 0.23692307692307693 0.09230769230769231 0.24 0.07076923076923076 0.24 0.06769230769230769 0.24307692307692308 0.043076923076923075 0.24307692307692308 0.04 0.24615384615384617 0.012307692307692308 0.24615384615384617 0.009230769230769232 0.24923076923076923
0 0.37846153846153846 0.9076923076923077 0.37846153846153846 0.9261538461538461 0.38153846153846155 0.9292307692307692 0.38153846153846155 0.9507692307692308 0.38461538461538464 0.9538461538461539 0.38461538461538464 0.96 0.38153846153846155 0.963076923076923 0.38153846153846155 0.9938461538461538 0.37846153846153846 0.9969230769230769 0.8246153846153846 0.9969230769230769 0.8246153846153846 0.9938461538461538 0.8307692307692308 0.9876923076923076 0.8338461538461538 0.9876923076923076 0.8430769230769231 0.9784615384615385 0.8461538461538461 0.9784615384615385 0.8492307692307692 0.9753846153846154 0.8523076923076923 0.9753846153846154 0.8553846153846154 0.9723076923076923 0.8584615384615385 0.9723076923076923 0.8615384615384616 0.9692307692307692 0.8646153846153846 0.9692307692307692 0.8676923076923077 0.9661538461538461 0.8707692307692307 0.9661538461538461 0.8738461538461538 0.963076923076923 0.8830769230769231 0.963076923076923 0.8861538461538462 0.9661538461538461 0.8861538461538462 0.9723076923076923 0.88 0.9784615384615385 0.8769230769230769 0.9784615384615385 0.8738461538461538 0.9815384615384616 0.8707692307692307 0.9815384615384616 0.8676923076923077 0.9846153846153847 0.8646153846153846 0.9846153846153847 0.8615384615384616 0.9876923076923076 0.8584615384615385 0.9876923076923076 0.8553846153846154 0.9907692307692307 0.8523076923076923 0.9907692307692307 0.8461538461538461 0.9969230769230769 0.8430769230769231 0.9969230769230769 0.9476923076923077 0.9969230769230769 0.9476923076923077 0.9938461538461538 0.9507692307692308 0.9907692307692307 0.9507692307692308 0.9046153846153846 0.9476923076923077 0.9015384615384615 0.9476923076923077 0.8953846153846153 0.9446153846153846 0.8923076923076924 0.9446153846153846 0.8861538461538462 0.9353846153846154 0.8861538461538462 0.9323076923076923 0.8830769230769231 0.9107692307692308 0.8830769230769231 0.9076923076923077 0.8861538461538462 0.8338461538461538 0.8861538461538462 0.8307692307692308 0.8892307692307693 0.8061538461538461 0.8892307692307693 0.803076923076923 0.8861538461538462 0.7846153846153846 0.8861538461538462 0.7815384615384615 0.8892307692307693 0.7692307692307693 0.8892307692307693 0.7661538461538462 0.8861538461538462 0.7630769230769231 0.8861538461538462 0.76 0.8892307692307693 0.7538461538461538 0.8892307692307693 0.7507692307692307 0.8861538461538462 0.7446153846153846 0.8861538461538462 0.7415384615384616 0.8830769230769231 0.7292307692307692 0.8830769230769231 0.7261538461538461 0.8861538461538462 0.7230769230769231 0.8861538461538462 0.72 0.8830769230769231 0.7138461538461538 0.8830769230769231 0.7107692307692308 0.8861538461538462 0.6923076923076923 0.8861538461538462 0.6892307692307692 0.8892307692307693 0.6030769230769231 0.8892307692307693 0.6 0.8861538461538462 0.5907692307692308 0.8861538461538462 0.5876923076923077 0.8830769230769231 0.5723076923076923 0.8830769230769231 0.5692307692307692 0.8861538461538462 0.5446153846153846 0.8861538461538462 0.5415384615384615 0.8830769230769231 0.5384615384615384 0.8830769230769231 0.5353846153846153 0.8861538461538462 0.5261538461538462 0.8861538461538462 0.5230769230769231 0.8892307692307693 0.5107692307692308 0.8892307692307693 0.5076923076923077 0.8861538461538462 0.49230769230769234 0.8861538461538462 0.48923076923076925 0.8892307692307693 0.4646153846153846 0.8892307692307693 0.46153846153846156 0.8923076923076924 0.4553846153846154 0.8923076923076924 0.4523076923076923 0.8892307692307693 0.4492307692307692 0.8892307692307693 0.4461538461538462 0.8923076923076924 0.4430769230769231 0.8923076923076924 0.44 0.8892307692307693 0.4338461538461538 0.8892307692307693 0.4307692307692308 0.8861538461538462 0.40307692307692305 0.8861538461538462 0.4 0.8892307692307693 0.39692307692307693 0.8892307692307693 0.39384615384615385 0.8923076923076924 0.39076923076923076 0.8923076923076924 0.38153846153846155 0.9015384615384615 0.38153846153846155 0.9046153846153846
0 0.3415384615384615 0.48 0.3292307692307692 0.4676923076923077 0.3292307692307692 0.4646153846153846 0.3261538461538461 0.46153846153846156 0.3230769230769231 0.46153846153846156 0.32 0.4584615384615385 0.31076923076923074 0.4584615384615385 0.3076923076923077 0.46153846153846156 0.30153846153846153 0.46153846153846156 0.29846153846153844 0.4584615384615385 0.28615384615384615 0.4584615384615385 0.28307692307692306 0.4553846153846154 0.28 0.4553846153846154 0.27692307692307694 0.4523076923076923 0.27076923076923076 0.4523076923076923 0.2676923076923077 0.4553846153846154 0.25846153846153846 0.4553846153846154 0.2553846153846154 0.4584615384615385 0.24 0.4584615384615385 0.23692307692307693 0.4553846153846154 0.23384615384615384 0.4584615384615385 0.22153846153846155 0.4584615384615385 0.21846153846153846 0.46153846153846156 0.20923076923076922 0.46153846153846156 0.20615384615384616 0.4584615384615385 0.20307692307692307 0.4584615384615385 0.2 0.4553846153846154 0.18153846153846154 0.4553846153846154 0.17846153846153845 0.4523076923076923 0.1753846153846154 0.4553846153846154 0.1723076923076923 0.4553846153846154 0.16923076923076924 0.4584615384615385 0.16615384615384615 0.4584615384615385 0.16307692307692306 0.46153846153846156 0.12307692307692308 0.46153846153846156 0.12 0.4584615384615385 0.11384615384615385 0.4584615384615385 0.11076923076923077 0.4553846153846154 0.10153846153846154 0.4553846153846154 0.09846153846153846 0.4584615384615385 0.09230769230769231 0.4584615384615385 0.08923076923076922 0.46153846153846156 0.08 0.46153846153846156 0.07692307692307693 0.4646153846153846 0.06769230769230769 0.4646153846153846 0.055384615384615386 0.47692307692307695 0.055384615384615386 0.48 0.052307692307692305 0.48307692307692307 0.052307692307692305 0.48615384615384616 0.04923076923076923 0.48923076923076925 0.04923076923076923 0.5015384615384615 0.052307692307692305 0.5046153846153846 0.052307692307692305 0.5076923076923077 0.055384615384615386 0.5107692307692308 0.055384615384615386 0.5138461538461538 0.052307692307692305 0.5169230769230769 0.052307692307692305 0.556923076923077 0.04923076923076923 0.56 0.04923076923076923 0.5753846153846154 0.046153846153846156 0.5784615384615385 0.046153846153846156 0.5969230769230769 0.043076923076923075 0.6 0.043076923076923075 0.6061538461538462 0.036923076923076927 0.6123076923076923 0.036923076923076927 0.6153846153846154 0.033846153846153845 0.6184615384615385 0.03076923076923077 0.6184615384615385 0.027692307692307693 0.6153846153846154 0.027692307692307693 0.5723076923076923 0.024615384615384615 0.5692307692307692 0.027692307692307693 0.5661538461538461 0.027692307692307693 0.5415384615384615 0.024615384615384615 0.5384615384615384 0.024615384615384615 0.5138461538461538 0.021538461538461538 0.5107692307692308 0.021538461538461538 0.49230769230769234 0.018461538461538463 0.48923076923076925 0.018461538461538463 0.48307692307692307 0.015384615384615385 0.48 0.015384615384615385 0.47384615384615386 0.012307692307692308 0.4707692307692308 0 0.4707692307692308 0 0.6369230769230769 0.012307692307692308 0.6369230769230769 0.015384615384615385 0.6338461538461538 0.018461538461538463 0.6338461538461538 0.021538461538461538 0.6307692307692307 0.021538461538461538 0.6276923076923077 0.027692307692307693 0.6215384615384615 0.03076923076923077 0.6215384615384615 0.033846153846153845 0.6246153846153846 0.033846153846153845 0.6307692307692307 0.04 0.6369230769230769 0.055384615384615386 0.6369230769230769 0.05846153846153846 0.6338461538461538 0.07076923076923076 0.6338461538461538 0.07384615384615385 0.6307692307692307 0.07692307692307693 0.6338461538461538 0.08923076923076922 0.6338461538461538 0.09230769230769231 0.6369230769230769 0.09538461538461539 0.6369230769230769 0.09846153846153846 0.6338461538461538 0.11076923076923077 0.6338461538461538 0.11384615384615385 0.6307692307692307 0.11692307692307692 0.6338461538461538 0.13230769230769232 0.6338461538461538 0.13538461538461538 0.6369230769230769 0.13846153846153847 0.6369230769230769 0.14153846153846153 0.64 0.16 0.64 0.16307692307692306 0.6369230769230769 0.19076923076923077 0.6369230769230769 0.19384615384615383 0.6338461538461538 0.20615384615384616 0.6338461538461538 0.20923076923076922 0.6307692307692307 0.24615384615384617 0.6307692307692307 0.24923076923076923 0.6276923076923077 0.2676923076923077 0.6276923076923077 0.27076923076923076 0.6246153846153846 0.28307692307692306 0.6246153846153846 0.28615384615384615 0.6215384615384615 0.31076923076923074 0.6215384615384615 0.3169230769230769 0.6153846153846154 0.32 0.6153846153846154 0.3230769230769231 0.6123076923076923 0.3230769230769231 0.6092307692307692 0.3261538461538461 0.6061538461538462 0.3261538461538461 0.6030769230769231 0.3292307692307692 0.6 0.3292307692307692 0.5446153846153846 0.3323076923076923 0.5415384615384615 0.3323076923076923 0.5353846153846153 0.3353846153846154 0.5323076923076923 0.3353846153846154 0.5261538461538462 0.3384615384615385 0.5230769230769231 0.3384615384615385 0.49538461538461537 0.3415384615384615 0.49230769230769234
0 0.5230769230769231 0.676923076923077 0.5230769230769231 0.6984615384615385 0.52 0.7015384615384616 0.52 0.7323076923076923 0.5230769230769231 0.7353846153846154 0.5230769230769231 0.7507692307692307 0.5261538461538462 0.7538461538461538 0.5261538461538462 0.7753846153846153 0.5230769230769231 0.7784615384615384 0.5230769230769231 0.7815384615384615 0.52 0.7846153846153846 0.52 0.796923076923077 0.5230769230769231 0.8 0.5230769230769231 0.803076923076923 0.52 0.8061538461538461 0.52 0.8092307692307692 0.5261538461538462 0.8153846153846154 0.5261538461538462 0.8184615384615385 0.5230769230769231 0.8215384615384616 0.5230769230769231 0.8307692307692308 0.52 0.8338461538461538 0.52 0.84 0.5230769230769231 0.8430769230769231 0.5230769230769231 0.8461538461538461 0.5292307692307693 0.8523076923076923 0.5323076923076923 0.8523076923076923 0.5353846153846153 0.8492307692307692 0.5476923076923077 0.8492307692307692 0.5507692307692308 0.8461538461538461 0.5538461538461539 0.8492307692307692 0.563076923076923 0.8492307692307692 0.5661538461538461 0.8523076923076923 0.5815384615384616 0.8523076923076923 0.5846153846153846 0.8492307692307692 0.5907692307692308 0.8492307692307692 0.5938461538461538 0.8523076923076923 0.6 0.8523076923076923 0.6030769230769231 0.8553846153846154 0.6061538461538462 0.8553846153846154 0.6092307692307692 0.8584615384615385 0.6153846153846154 0.8584615384615385 0.6184615384615385 0.8615384615384616 0.6246153846153846 0.8615384615384616 0.6276923076923077 0.8646153846153846 0.6307692307692307 0.8646153846153846 0.6338461538461538 0.8615384615384616 0.6430769230769231 0.8615384615384616 0.6461538461538462 0.8584615384615385 0.6707692307692308 0.8584615384615385 0.6738461538461539 0.8615384615384616 0.68 0.8615384615384616 0.683076923076923 0.8646153846153846 0.7138461538461538 0.8646153846153846 0.7169230769230769 0.8676923076923077 0.72 0.8676923076923077 0.7230769230769231 0.8646153846153846 0.7323076923076923 0.8646153846153846 0.7353846153846154 0.8615384615384616 0.7446153846153846 0.8615384615384616 0.7476923076923077 0.8646153846153846 0.76 0.8646153846153846 0.7630769230769231 0.8676923076923077 0.7692307692307693 0.8676923076923077 0.7723076923076924 0.8707692307692307 0.7784615384615384 0.8707692307692307 0.7815384615384615 0.8676923076923077 0.7846153846153846 0.8676923076923077 0.7907692307692308 0.8615384615384616 0.7938461538461539 0.8615384615384616 0.796923076923077 0.8584615384615385 0.8061538461538461 0.8584615384615385 0.8092307692307692 0.8553846153846154 0.8092307692307692 0.8461538461538461 0.8123076923076923 0.8430769230769231 0.8092307692307692 0.84 0.8123076923076923 0.8369230769230769 0.8123076923076923 0.8092307692307692 0.8092307692307692 0.8061538461538461 0.8092307692307692 0.803076923076923 0.8061538461538461 0.8 0.8061538461538461 0.7907692307692308 0.803076923076923 0.7876923076923077 0.803076923076923 0.7630769230769231 0.8061538461538461 0.76 0.8061538461538461 0.7415384615384616 0.8092307692307692 0.7384615384615385 0.8092307692307692 0.7015384615384616 0.8061538461538461 0.6984615384615385 0.8061538461538461 0.6923076923076923 0.803076923076923 0.6892307692307692 0.803076923076923 0.683076923076923 0.796923076923077 0.676923076923077 0.7846153846153846 0.676923076923077 0.7815384615384615 0.68 0.7753846153846153 0.68 0.7723076923076924 0.676923076923077 0.7230769230769231 0.676923076923077 0.72 0.68 0.6953846153846154 0.68 0.6923076923076923 0.676923076923077 0.6707692307692308 0.676923076923077 0.6676923076923077 0.6738461538461539 0.6584615384615384 0.6738461538461539 0.6553846153846153 0.676923076923077 0.6338461538461538 0.676923076923077 0.6307692307692307 0.68 0.6276923076923077 0.676923076923077 0.6184615384615385 0.676923076923077 0.6153846153846154 0.6738461538461539 0.5815384615384616 0.6738461538461539 0.5784615384615385 0.676923076923077
0 0.5138461538461538 0.2523076923076923 0.5138461538461538 0.26461538461538464 0.5169230769230769 0.2676923076923077 0.5169230769230769 0.3169230769230769 0.52 0.32 0.52 0.38153846153846155 0.5169230769230769 0.38461538461538464 0.5169230769230769 0.40307692307692305 0.52 0.40615384615384614 0.52 0.40923076923076923 0.5230769230769231 0.4123076923076923 0.5230769230769231 0.4153846153846154 0.563076923076923 0.4153846153846154 0.5661538461538461 0.41846153846153844 0.6030769230769231 0.41846153846153844 0.6061538461538462 0.42153846153846153 0.6123076923076923 0.42153846153846153 0.6153846153846154 0.4246153846153846 0.6215384615384615 0.4246153846153846 0.6246153846153846 0.4276923076923077 0.6646153846153846 0.4276923076923077 0.6676923076923077 0.4246153846153846 0.6923076923076923 0.4246153846153846 0.6953846153846154 0.42153846153846153 0.7353846153846154 0.42153846153846153 0.7384615384615385 0.4246153846153846 0.7446153846153846 0.4246153846153846 0.7476923076923077 0.4276923076923077 0.7507692307692307 0.4276923076923077 0.7538461538461538 0.4307692307692308 0.7753846153846153 0.4307692307692308 0.7784615384615384 0.4276923076923077 0.8 0.4276923076923077 0.803076923076923 0.4246153846153846 0.8061538461538461 0.4246153846153846 0.8061538461538461 0.40615384615384614 0.8092307692307692 0.40307692307692305 0.8092307692307692 0.39384615384615385 0.8123076923076923 0.39076923076923076 0.8123076923076923 0.37538461538461537 0.8092307692307692 0.3723076923076923 0.8092307692307692 0.3415384615384615 0.8123076923076923 0.3384615384615385 0.8092307692307692 0.3353846153846154 0.8092307692307692 0.3230769230769231 0.8061538461538461 0.32 0.8061538461538461 0.31384615384615383 0.803076923076923 0.31076923076923074 0.803076923076923 0.28 0.8 0.27692307692307694 0.8 0.26153846153846155 0.796923076923077 0.25846153846153846 0.796923076923077 0.2553846153846154 0.7938461538461539 0.2523076923076923 0.7815384615384615 0.2523076923076923 0.7784615384615384 0.24923076923076923 0.7415384615384616 0.24923076923076923 0.7384615384615385 0.24615384615384617 0.7046153846153846 0.24615384615384617 0.7015384615384616 0.24923076923076923 0.6892307692307692 0.24923076923076923 0.6861538461538461 0.24615384615384617 0.6646153846153846 0.24615384615384617 0.6615384615384615 0.24307692307692308 0.6584615384615384 0.24307692307692308 0.6553846153846153 0.24615384615384617 0.64 0.24615384615384617 0.6369230769230769 0.24923076923076923 0.6030769230769231 0.24923076923076923 0.6 0.2523076923076923 0.5692307692307692 0.2523076923076923 0.5661538461538461 0.24923076923076923 0.556923076923077 0.24923076923076923 0.5538461538461539 0.24615384615384617 0.5415384615384615 0.24615384615384617 0.5384615384615384 0.24923076923076923 0.5169230769230769 0.24923076923076923
0 0.046153846153846156 0.033846153846153845 0.046153846153846156 0.046153846153846156 0.043076923076923075 0.04923076923076923 0.043076923076923075 0.08 0.046153846153846156 0.08307692307692308 0.046153846153846156 0.08923076923076922 0.04923076923076923 0.09230769230769231 0.04923076923076923 0.10461538461538461 0.052307692307692305 0.1076923076923077 0.052307692307692305 0.12923076923076923 0.04923076923076923 0.13230769230769232 0.04923076923076923 0.13846153846153847 0.046153846153846156 0.14153846153846153 0.046153846153846156 0.15076923076923077 0.043076923076923075 0.15384615384615385 0.043076923076923075 0.16615384615384615 0.04 0.16923076923076924 0.04 0.1753846153846154 0.043076923076923075 0.17846153846153845 0.043076923076923075 0.18153846153846154 0.046153846153846156 0.18461538461538463 0.046153846153846156 0.18769230769230769 0.052307692307692305 0.19384615384615383 0.052307692307692305 0.19692307692307692 0.055384615384615386 0.19692307692307692 0.05846153846153846 0.2 0.07384615384615385 0.2 0.07692307692307693 0.20307692307692307 0.08615384615384615 0.20307692307692307 0.08923076923076922 0.20615384615384616 0.09230769230769231 0.20615384615384616 0.09538461538461539 0.20923076923076922 0.10153846153846154 0.20923076923076922 0.10461538461538461 0.2123076923076923 0.12 0.2123076923076923 0.12307692307692308 0.20923076923076922 0.12923076923076923 0.20923076923076922 0.13230769230769232 0.20615384615384616 0.18461538461538463 0.20615384615384616 0.18769230769230769 0.20923076923076922 0.2 0.20923076923076922 0.20307692307692307 0.2123076923076923 0.2276923076923077 0.2123076923076923 0.23076923076923078 0.20923076923076922 0.2553846153846154 0.20923076923076922 0.25846153846153846 0.2123076923076923 0.26153846153846155 0.20923076923076922 0.2676923076923077 0.20923076923076922 0.27076923076923076 0.20615384615384616 0.31384615384615383 0.20615384615384616 0.31384615384615383 0.20307692307692307 0.3076923076923077 0.19692307692307692 0.3076923076923077 0.19076923076923077 0.31076923076923074 0.18769230769230769 0.31076923076923074 0.18461538461538463 0.3169230769230769 0.17846153846153845 0.31384615384615383 0.17846153846153845 0.31076923076923074 0.1753846153846154 0.31076923076923074 0.16923076923076924 0.3076923076923077 0.16923076923076924 0.3046153846153846 0.16615384615384615 0.3046153846153846 0.16 0.30153846153846153 0.16 0.2923076923076923 0.15076923076923077 0.2923076923076923 0.13538461538461538 0.27692307692307694 0.12 0.27384615384615385 0.12 0.2676923076923077 0.11384615384615385 0.2676923076923077 0.11076923076923077 0.26461538461538464 0.1076923076923077 0.26461538461538464 0.10153846153846154 0.2676923076923077 0.09846153846153846 0.27692307692307694 0.09846153846153846 0.28 0.10153846153846154 0.28 0.10461538461538461 0.28615384615384615 0.11076923076923077 0.28923076923076924 0.11076923076923077 0.30153846153846153 0.12307692307692308 0.30153846153846153 0.12923076923076923 0.3046153846153846 0.12923076923076923 0.3076923076923077 0.13230769230769232 0.3076923076923077 0.14461538461538462 0.31076923076923074 0.1476923076923077 0.31384615384615383 0.14461538461538462 0.31384615384615383 0.14153846153846153 0.3169230769230769 0.13846153846153847 0.3169230769230769 0.13538461538461538 0.3230769230769231 0.12923076923076923 0.3230769230769231 0.12307692307692308 0.3261538461538461 0.12 0.3261538461538461 0.11384615384615385 0.3292307692307692 0.11076923076923077 0.3292307692307692 0.1076923076923077 0.3323076923076923 0.10461538461538461 0.3384615384615385 0.10461538461538461 0.3415384615384615 0.1076923076923077 0.3415384615384615 0.11384615384615385 0.3415384615384615 0.10153846153846154 0.3446153846153846 0.09846153846153846 0.3446153846153846 0.08923076923076922 0.3476923076923077 0.08615384615384615 0.3476923076923077 0.08 0.3507692307692308 0.07692307692307693 0.3507692307692308 0.06769230769230769 0.35384615384615387 0.06461538461538462 0.35384615384615387 0.06153846153846154 0.3507692307692308 0.05846153846153846 0.3507692307692308 0.052307692307692305 0.3446153846153846 0.046153846153846156 0.3415384615384615 0.046153846153846156 0.3384615384615385 0.043076923076923075 0.3230769230769231 0.043076923076923075 0.32 0.04 0.31384615384615383 0.04 0.3076923076923077 0.033846153846153845 0.28 0.033846153846153845 0.27692307692307694 0.036923076923076927 0.26153846153846155 0.036923076923076927 0.25846153846153846 0.033846153846153845 0.23692307692307693 0.033846153846153845 0.23384615384615384 0.03076923076923077 0.20923076923076922 0.03076923076923077 0.20615384615384616 0.033846153846153845 0.2 0.033846153846153845 0.19692307692307692 0.036923076923076927 0.15692307692307692 0.036923076923076927 0.15384615384615385 0.033846153846153845 0.14461538461538462 0.033846153846153845 0.14153846153846153 0.03076923076923077 0.13846153846153847 0.03076923076923077 0.13538461538461538 0.033846153846153845 0.08923076923076922 0.033846153846153845 0.08615384615384615 0.03076923076923077 0.05846153846153846 0.03076923076923077 0.055384615384615386 0.033846153846153845
0 0.04923076923076923 0.9015384615384615 0.04923076923076923 0.92 0.046153846153846156 0.9230769230769231 0.046153846153846156 0.9292307692307692 0.043076923076923075 0.9323076923076923 0.043076923076923075 0.9507692307692308 0.04923076923076923 0.9569230769230769 0.04923076923076923 0.96 0.052307692307692305 0.963076923076923 0.052307692307692305 0.9753846153846154 0.04923076923076923 0.9784615384615385 0.04923076923076923 0.9815384615384616 0.046153846153846156 0.9846153846153847 0.046153846153846156 0.9876923076923076 0.043076923076923075 0.9907692307692307 0.043076923076923075 0.9938461538461538 0.04 0.9969230769230769 0.3384615384615385 0.9969230769230769 0.3384615384615385 0.9784615384615385 0.3353846153846154 0.9753846153846154 0.3353846153846154 0.9692307692307692 0.3384615384615385 0.9661538461538461 0.3384615384615385 0.9384615384615385 0.3415384615384615 0.9353846153846154 0.3415384615384615 0.9230769230769231 0.3446153846153846 0.92 0.3415384615384615 0.916923076923077 0.3415384615384615 0.9015384615384615 0.3384615384615385 0.8984615384615384 0.3384615384615385 0.8923076923076924 0.3353846153846154 0.8892307692307693 0.3353846153846154 0.8861538461538462 0.3292307692307692 0.8861538461538462 0.3261538461538461 0.8830769230769231 0.3046153846153846 0.8830769230769231 0.30153846153846153 0.88 0.28923076923076924 0.88 0.28615384615384615 0.8830769230769231 0.2676923076923077 0.8830769230769231 0.26461538461538464 0.8861538461538462 0.24 0.8861538461538462 0.23692307692307693 0.8830769230769231 0.23384615384615384 0.8861538461538462 0.2153846153846154 0.8861538461538462 0.2123076923076923 0.8830769230769231 0.19076923076923077 0.8830769230769231 0.18769230769230769 0.88 0.1753846153846154 0.88 0.1723076923076923 0.8769230769230769 0.16923076923076924 0.8769230769230769 0.16615384615384615 0.88 0.16 0.88 0.15692307692307692 0.8830769230769231 0.12615384615384614 0.8830769230769231 0.12307692307692308 0.8861538461538462 0.09230769230769231 0.8861538461538462 0.08923076923076922 0.8830769230769231 0.07692307692307693 0.8830769230769231 0.07384615384615385 0.88 0.07076923076923076 0.88 0.06769230769230769 0.8830769230769231 0.06153846153846154 0.8830769230769231 0.05846153846153846 0.8861538461538462 0.05846153846153846 0.8892307692307693 0.052307692307692305 0.8953846153846153 0.052307692307692305 0.8984615384615384
0 0.84 0.6738461538461539 0.84 0.6923076923076923 0.8461538461538461 0.6923076923076923 0.8553846153846154 0.7015384615384616 0.8553846153846154 0.7046153846153846 0.8615384615384616 0.7046153846153846 0.8646153846153846 0.7076923076923077 0.8676923076923077 0.7076923076923077 0.8707692307692307 0.7107692307692308 0.8738461538461538 0.7076923076923077 0.8861538461538462 0.7076923076923077 0.8892307692307693 0.7046153846153846 0.8953846153846153 0.7046153846153846 0.8984615384615384 0.7076923076923077 0.8984615384615384 0.7138461538461538 0.8953846153846153 0.7169230769230769 0.8923076923076924 0.7169230769230769 0.8892307692307693 0.72 0.8769230769230769 0.72 0.8769230769230769 0.7230769230769231 0.8738461538461538 0.7261538461538461 0.8676923076923077 0.7261538461538461 0.8646153846153846 0.7230769230769231 0.8615384615384616 0.7230769230769231 0.8584615384615385 0.72 0.8553846153846154 0.72 0.8492307692307692 0.7138461538461538 0.8461538461538461 0.7138461538461538 0.8369230769230769 0.7046153846153846 0.8369230769230769 0.7261538461538461 0.84 0.7292307692307692 0.84 0.7353846153846154 0.8430769230769231 0.7384615384615385 0.8430769230769231 0.7938461538461539 0.84 0.796923076923077 0.84 0.8 0.8430769230769231 0.803076923076923 0.8430769230769231 0.8646153846153846 0.8553846153846154 0.8646153846153846 0.8584615384615385 0.8615384615384616 0.8830769230769231 0.8615384615384616 0.8861538461538462 0.8646153846153846 0.8892307692307693 0.8646153846153846 0.8923076923076924 0.8676923076923077 0.9076923076923077 0.8676923076923077 0.9107692307692308 0.8646153846153846 0.9138461538461539 0.8646153846153846 0.916923076923077 0.8615384615384616 0.92 0.8615384615384616 0.9230769230769231 0.8584615384615385 0.9261538461538461 0.8584615384615385 0.9292307692307692 0.8553846153846154 0.9353846153846154 0.8553846153846154 0.9384615384615385 0.8584615384615385 0.963076923076923 0.8584615384615385 0.9661538461538461 0.8615384615384616 0.9692307692307692 0.8615384615384616 0.9723076923076923 0.8584615384615385 0.9969230769230769 0.8584615384615385 0.9969230769230769 0.68 0.9938461538461538 0.676923076923077 0.9907692307692307 0.676923076923077 0.9876923076923076 0.6738461538461539 0.9846153846153847 0.6738461538461539 0.9815384615384616 0.6707692307692308 0.9784615384615385 0.6707692307692308 0.9753846153846154 0.6738461538461539 0.96 0.6738461538461539 0.9569230769230769 0.676923076923077 0.9138461538461539 0.676923076923077 0.9107692307692308 0.6738461538461539 0.9076923076923077 0.6738461538461539 0.9046153846153846 0.676923076923077 0.8861538461538462 0.676923076923077 0.8830769230769231 0.6738461538461539 0.8492307692307692 0.6738461538461539 0.8461538461538461 0.6707692307692308 0.8430769230769231 0.6738461538461539
0 0.9969230769230769 0.46153846153846156 0.9938461538461538 0.46153846153846156 0.9907692307692307 0.4646153846153846 0.9876923076923076 0.4646153846153846 0.9815384615384616 0.4707692307692308 0.9815384615384616 0.47384615384615386 0.9784615384615385 0.47692307692307695 0.9815384615384616 0.48 0.9815384615384616 0.5107692307692308 0.9784615384615385 0.5138461538461538 0.9784615384615385 0.5476923076923077 0.9753846153846154 0.5507692307692308 0.9753846153846154 0.56 0.9723076923076923 0.563076923076923 0.9723076923076923 0.6123076923076923 0.9692307692307692 0.6153846153846154 0.9692307692307692 0.6338461538461538 0.9723076923076923 0.6369230769230769 0.9723076923076923 0.64 0.9753846153846154 0.6430769230769231 0.9815384615384616 0.6430769230769231 0.9846153846153847 0.6461538461538462 0.9969230769230769 0.6461538461538462
0 0.018461538461538463 0.03076923076923077 0 0.03076923076923077 0 0.20307692307692307 0.006153846153846154 0.20307692307692307 0.009230769230769232 0.2 0.018461538461538463 0.2 0.018461538461538463 0.18769230769230769 0.021538461538461538 0.18461538461538463 0.018461538461538463 0.18153846153846154 0.018461538461538463 0.16923076923076924 0.021538461538461538 0.16615384615384615 0.018461538461538463 0.16307692307692306 0.018461538461538463 0.15692307692307692 0.021538461538461538 0.15384615384615385 0.021538461538461538 0.11692307692307692 0.018461538461538463 0.11384615384615385 0.018461538461538463 0.10461538461538461 0.021538461538461538 0.10153846153846154 0.021538461538461538 0.06769230769230769 0.018461538461538463 0.06461538461538462 0.018461538461538463 0.046153846153846156 0.015384615384615385 0.043076923076923075 0.015384615384615385 0.04 0.018461538461538463 0.036923076923076927
0 0.9784615384615385 0.8892307692307693 0.9723076923076923 0.8953846153846153 0.9723076923076923 0.9292307692307692 0.9753846153846154 0.9323076923076923 0.9753846153846154 0.9507692307692308 0.9723076923076923 0.9538461538461539 0.9723076923076923 0.963076923076923 0.9692307692307692 0.9661538461538461 0.9692307692307692 0.9969230769230769 0.9969230769230769 0.9969230769230769 0.9969230769230769 0.8892307692307693
0 0 0.8830769230769231 0 0.9969230769230769 0.015384615384615385 0.9969230769230769 0.015384615384615385 0.9846153846153847 0.012307692307692308 0.9815384615384616 0.012307692307692308 0.9723076923076923 0.015384615384615385 0.9692307692307692 0.015384615384615385 0.963076923076923 0.012307692307692308 0.96 0.015384615384615385 0.9569230769230769 0.015384615384615385 0.9323076923076923 0.018461538461538463 0.9292307692307692 0.018461538461538463 0.92 0.021538461538461538 0.916923076923077 0.021538461538461538 0.9076923076923077 0.018461538461538463 0.9046153846153846 0.021538461538461538 0.9015384615384615 0.021538461538461538 0.8984615384615384 0.018461538461538463 0.8953846153846153 0.018461538461538463 0.8830769230769231 0.009230769230769232 0.8830769230769231 0.006153846153846154 0.8861538461538462 0.003076923076923077 0.8830769230769231
0 0.9938461538461538 0.033846153846153845 0.9907692307692307 0.036923076923076927 0.9876923076923076 0.036923076923076927 0.9876923076923076 0.06153846153846154 0.9846153846153847 0.06461538461538462 0.9846153846153847 0.09230769230769231 0.9876923076923076 0.09538461538461539 0.9876923076923076 0.12 0.9846153846153847 0.12307692307692308 0.9876923076923076 0.12615384615384614 0.9876923076923076 0.15076923076923077 0.9846153846153847 0.15384615384615385 0.9846153846153847 0.17846153846153845 0.9876923076923076 0.18153846153846154 0.9876923076923076 0.2 0.9907692307692307 0.20307692307692307 0.9938461538461538 0.20307692307692307 0.9969230769230769 0.20615384615384616 0.9969230769230769 0.033846153846153845
0 0.3384615384615385 0.12 0.3384615384615385 0.12615384615384614 0.3353846153846154 0.12923076923076923 0.3353846153846154 0.13230769230769232 0.3323076923076923 0.13538461538461538 0.3323076923076923 0.14153846153846153 0.3292307692307692 0.14461538461538462 0.3292307692307692 0.1476923076923077 0.3261538461538461 0.15076923076923077 0.3261538461538461 0.16 0.3292307692307692 0.16307692307692306 0.3292307692307692 0.16923076923076924 0.3323076923076923 0.1723076923076923 0.3323076923076923 0.17846153846153845 0.3353846153846154 0.18153846153846154 0.3353846153846154 0.18461538461538463 0.3384615384615385 0.18769230769230769 0.3384615384615385 0.2 0.3415384615384615 0.20307692307692307 0.3415384615384615 0.2 0.3446153846153846 0.19692307692307692 0.3446153846153846 0.18769230769230769 0.3415384615384615 0.18461538461538463 0.3415384615384615 0.1753846153846154 0.3384615384615385 0.1723076923076923 0.3384615384615385 0.14461538461538462 0.3415384615384615 0.14153846153846153 0.3415384615384615 0.13846153846153847 0.3384615384615385 0.13538461538461538 0.3415384615384615 0.13230769230769232 0.3384615384615385 0.12923076923076923
1 0.8430769230769231 0.2523076923076923 0.84 0.2553846153846154 0.84 0.25846153846153846 0.8369230769230769 0.26153846153846155 0.8369230769230769 0.40307692307692305 0.84 0.40615384615384614 0.84 0.40923076923076923 0.8461538461538461 0.4153846153846154 0.8584615384615385 0.4153846153846154 0.8615384615384616 0.41846153846153844 0.8707692307692307 0.41846153846153844 0.8738461538461538 0.42153846153846153 0.9015384615384615 0.42153846153846153 0.9046153846153846 0.4246153846153846 0.92 0.4246153846153846 0.9230769230769231 0.4276923076923077 0.9261538461538461 0.4246153846153846 0.9353846153846154 0.4246153846153846 0.9384615384615385 0.42153846153846153 0.9384615384615385 0.4153846153846154 0.9353846153846154 0.4123076923076923 0.9353846153846154 0.40307692307692305 0.9323076923076923 0.4 0.9323076923076923 0.39692307692307693 0.9292307692307692 0.39384615384615385 0.9292307692307692 0.3723076923076923 0.9323076923076923 0.36923076923076925 0.9323076923076923 0.36615384615384616 0.9446153846153846 0.35384615384615387 0.9446153846153846 0.3230769230769231 0.9415384615384615 0.32 0.9415384615384615 0.31384615384615383 0.9384615384615385 0.31076923076923074 0.9384615384615385 0.2923076923076923 0.9415384615384615 0.28923076923076924 0.9415384615384615 0.28307692307692306 0.9384615384615385 0.28 0.9384615384615385 0.27384615384615385 0.9353846153846154 0.27076923076923076 0.9353846153846154 0.26153846153846155 0.9323076923076923 0.25846153846153846 0.9323076923076923 0.2523076923076923 0.9261538461538461 0.24615384615384617 0.8707692307692307 0.24615384615384617 0.8676923076923077 0.24923076923076923 0.8584615384615385 0.24923076923076923 0.8553846153846154 0.2523076923076923
1 0.9784615384615385 0.25846153846153846 0.9784615384615385 0.28615384615384615 0.9753846153846154 0.28923076923076924 0.9753846153846154 0.2953846153846154 0.9723076923076923 0.29846153846153844 0.9723076923076923 0.31384615384615383 0.9692307692307692 0.3169230769230769 0.9692307692307692 0.3353846153846154 0.9723076923076923 0.3384615384615385 0.9723076923076923 0.35384615384615387 0.9692307692307692 0.3569230769230769 0.9692307692307692 0.3630769230769231 0.9661538461538461 0.36615384615384616 0.9661538461538461 0.3723076923076923 0.963076923076923 0.37538461538461537 0.963076923076923 0.37846153846153846 0.96 0.38153846153846155 0.96 0.39384615384615385 0.963076923076923 0.39692307692307693 0.963076923076923 0.4 0.9753846153846154 0.4123076923076923 0.9753846153846154 0.4246153846153846 0.9723076923076923 0.4276923076923077 0.9969230769230769 0.4276923076923077 0.9969230769230769 0.25846153846153846
2 0.84 0 0.84 0.006153846153846154 0.8523076923076923 0.006153846153846154 0.8615384615384616 0.012307692307692308 0.88 0.012307692307692308 0.8892307692307693 0.006153846153846154 0.9015384615384615 0.006153846153846154 0.9107692307692308 0.012307692307692308 0.9261538461538461 0.012307692307692308 0.9292307692307692 0.009230769230769232 0.9384615384615385 0.021538461538461538 0.9384615384615385 0.033846153846153845 0.9507692307692308 0.033846153846153845 0.9538461538461539 0.036923076923076927 0.9538461538461539 0.06153846153846154 0.9507692307692308 0.06461538461538462 0.9507692307692308 0.12615384615384614 0.9538461538461539 0.12923076923076923 0.9538461538461539 0.14461538461538462 0.9507692307692308 0.1476923076923077 0.9507692307692308 0.18153846153846154 0.9538461538461539 0.18461538461538463 0.9538461538461539 0.19076923076923077 0.9507692307692308 0.19384615384615383 0.9507692307692308 0.20307692307692307 0.9476923076923077 0.20615384615384616 0.9353846153846154 0.20615384615384616 0.9353846153846154 0.2276923076923077 0.9323076923076923 0.23076923076923078 0.9323076923076923 0.24923076923076923 0.9353846153846154 0.2523076923076923 0.9384615384615385 0.27076923076923076 0.9446153846153846 0.28307692307692306 0.9446153846153846 0.28923076923076924 0.9415384615384615 0.2923076923076923 0.9415384615384615 0.31076923076923074 0.9476923076923077 0.3230769230769231 0.9476923076923077 0.35384615384615387 0.9353846153846154 0.36615384615384616 0.9323076923076923 0.3723076923076923 0.9323076923076923 0.39384615384615385 0.9384615384615385 0.40307692307692305 0.9415384615384615 0.42153846153846153 0.9353846153846154 0.4276923076923077 0.9261538461538461 0.4276923076923077 0.92 0.4369230769230769 0.92 0.4523076923076923 0.9261538461538461 0.4553846153846154 0.9446153846153846 0.4553846153846154 0.9569230769230769 0.4676923076923077 0.9569230769230769 0.5169230769230769 0.9538461538461539 0.52 0.9538461538461539 0.6338461538461538 0.9476923076923077 0.64 0.9353846153846154 0.64 0.9353846153846154 0.6430769230769231 0.9261538461538461 0.6523076923076923 0.916923076923077 0.6523076923076923 0.9138461538461539 0.6553846153846153 0.8861538461538462 0.6553846153846153 0.8830769230769231 0.6584615384615384 0.8769230769230769 0.6584615384615384 0.8738461538461538 0.6553846153846153 0.8461538461538461 0.6553846153846153 0.8369230769230769 0.6615384615384615 0.8307692307692308 0.6615384615384615 0.8276923076923077 0.6676923076923077 0.8276923076923077 0.683076923076923 0.8246153846153846 0.6861538461538461 0.8246153846153846 0.7076923076923077 0.8153846153846154 0.7261538461538461 0.8153846153846154 0.7476923076923077 0.8184615384615385 0.7507692307692307 0.8184615384615385 0.7907692307692308 0.8215384615384616 0.7938461538461539 0.8215384615384616 0.803076923076923 0.8246153846153846 0.8061538461538461 0.8246153846153846 0.8215384615384616 0.8276923076923077 0.8246153846153846 0.8276923076923077 0.8461538461538461 0.8215384615384616 0.8523076923076923 0.8215384615384616 0.8676923076923077 0.84 0.8830769230769231 0.9076923076923077 0.8830769230769231 0.9107692307692308 0.88 0.9323076923076923 0.88 0.9353846153846154 0.8830769230769231 0.9446153846153846 0.8830769230769231 0.9476923076923077 0.8861538461538462 0.9476923076923077 0.8923076923076924 0.9538461538461539 0.9046153846153846 0.9538461538461539 0.9907692307692307 0.9507692307692308 0.9969230769230769 0.963076923076923 0.9969230769230769 0.9661538461538461 0.9938461538461538 0.9661538461538461 0.9723076923076923 0.963076923076923 0.9692307692307692 0.963076923076923 0.9538461538461539 0.9723076923076923 0.9415384615384615 0.9723076923076923 0.9323076923076923 0.9692307692307692 0.9292307692307692 0.9692307692307692 0.8892307692307693 0.9569230769230769 0.8769230769230769 0.9569230769230769 0.8738461538461538 0.9538461538461539 0.8738461538461538 0.9353846153846154 0.8584615384615385 0.9292307692307692 0.8584615384615385 0.9076923076923077 0.8707692307692307 0.8923076923076924 0.8707692307692307 0.8830769230769231 0.8646153846153846 0.8584615384615385 0.8646153846153846 0.8553846153846154 0.8676923076923077 0.8430769230769231 0.8676923076923077 0.84 0.8646153846153846 0.84 0.803076923076923 0.8369230769230769 0.8 0.84 0.7938461538461539 0.84 0.7384615384615385 0.8338461538461538 0.7261538461538461 0.8338461538461538 0.7046153846153846 0.8369230769230769 0.7015384615384616 0.8461538461538461 0.7107692307692308 0.8676923076923077 0.7230769230769231 0.8738461538461538 0.7230769230769231 0.8769230769230769 0.7169230769230769 0.8892307692307693 0.7169230769230769 0.8953846153846153 0.7138461538461538 0.8953846153846153 0.7076923076923077 0.8892307692307693 0.7076923076923077 0.8861538461538462 0.7107692307692308 0.8738461538461538 0.7107692307692308 0.8707692307692307 0.7138461538461538 0.8615384615384616 0.7076923076923077 0.8553846153846154 0.7076923076923077 0.8461538461538461 0.6953846153846154 0.84 0.6953846153846154 0.8369230769230769 0.6923076923076923 0.8369230769230769 0.6738461538461539 0.8461538461538461 0.6676923076923077 0.8492307692307692 0.6707692307692308 0.8830769230769231 0.6707692307692308 0.8861538461538462 0.6738461538461539 0.9046153846153846 0.6738461538461539 0.9076923076923077 0.6707692307692308 0.9138461538461539 0.6738461538461539 0.9569230769230769 0.6738461538461539 0.96 0.6707692307692308 0.9753846153846154 0.6707692307692308 0.9815384615384616 0.6676923076923077 0.9815384615384616 0.6584615384615384 0.9784615384615385 0.6523076923076923 0.963076923076923 0.64 0.963076923076923 0.6307692307692307 0.9661538461538461 0.6276923076923077 0.9661538461538461 0.6123076923076923 0.963076923076923 0.6092307692307692 0.963076923076923 0.5876923076923077 0.96 0.5846153846153846 0.96 0.5784615384615385 0.963076923076923 0.5753846153846154 0.963076923076923 0.5661538461538461 0.9692307692307692 0.5538461538461539 0.9692307692307692 0.5353846153846153 0.9661538461538461 0.5323076923076923 0.9661538461538461 0.5230769230769231 0.963076923076923 0.52 0.963076923076923 0.5076923076923077 0.9661538461538461 0.5046153846153846 0.9661538461538461 0.49846153846153846 0.9692307692307692 0.49538461538461537 0.9692307692307692 0.48307692307692307 0.9723076923076923 0.48 0.9723076923076923 0.46153846153846156 0.963076923076923 0.4492307692307692 0.963076923076923 0.4461538461538462 0.9692307692307692 0.4369230769230769 0.9723076923076923 0.4123076923076923 0.96 0.4 0.9569230769230769 0.39384615384615385 0.9569230769230769 0.38153846153846155 0.963076923076923 0.3723076923076923 0.963076923076923 0.36615384615384616 0.9692307692307692 0.35384615384615387 0.9661538461538461 0.3169230769230769 0.9692307692307692 0.31384615384615383 0.9692307692307692 0.29846153846153844 0.9753846153846154 0.28615384615384615 0.9753846153846154 0.25846153846153846 0.9784615384615385 0.2553846153846154 0.9969230769230769 0.2553846153846154 0.9969230769230769 0.24923076923076923 0.9723076923076923 0.24923076923076923 0.9692307692307692 0.24615384615384617 0.9692307692307692 0.24 0.963076923076923 0.2276923076923077 0.963076923076923 0.20923076923076922 0.9661538461538461 0.20615384615384616 0.9661538461538461 0.18769230769230769 0.963076923076923 0.18461538461538463 0.9692307692307692 0.1753846153846154 0.9692307692307692 0.16307692307692306 0.9723076923076923 0.16 0.9723076923076923 0.15384615384615385 0.9692307692307692 0.15076923076923077 0.9692307692307692 0.13538461538461538 0.963076923076923 0.12923076923076923 0.963076923076923 0.07692307692307693 0.9661538461538461 0.07384615384615385 0.9661538461538461 0.06769230769230769 0.963076923076923 0.06461538461538462 0.963076923076923 0.009230769230769232 0.96 0.006153846153846154 0.96 0 0.9446153846153846 0 0.9415384615384615 0.003076923076923077 0.9230769230769231 0.003076923076923077 0.92 0
2 0.2676923076923077 0.10153846153846154 0.2676923076923077 0.1076923076923077 0.27076923076923076 0.11076923076923077 0.27076923076923076 0.11384615384615385 0.27384615384615385 0.11692307692307692 0.27692307692307694 0.11692307692307692 0.2953846153846154 0.13538461538461538 0.2953846153846154 0.15076923076923077 0.30153846153846153 0.15692307692307692 0.3046153846153846 0.15692307692307692 0.3076923076923077 0.16 0.3076923076923077 0.16615384615384615 0.31076923076923074 0.16615384615384615 0.31384615384615383 0.16923076923076924 0.31384615384615383 0.1753846153846154 0.3169230769230769 0.1753846153846154 0.32 0.17846153846153845 0.31384615384615383 0.18461538461538463 0.31384615384615383 0.18769230769230769 0.31076923076923074 0.19076923076923077 0.31076923076923074 0.19692307692307692 0.3169230769230769 0.20307692307692307 0.3169230769230769 0.20615384615384616 0.32 0.20615384615384616 0.3261538461538461 0.2123076923076923 0.3353846153846154 0.2123076923076923 0.3384615384615385 0.20923076923076922 0.3384615384615385 0.20307692307692307 0.3353846153846154 0.2 0.3353846153846154 0.18769230769230769 0.3323076923076923 0.18461538461538463 0.3323076923076923 0.18153846153846154 0.3292307692307692 0.17846153846153845 0.3292307692307692 0.1723076923076923 0.3261538461538461 0.16923076923076924 0.3261538461538461 0.16307692307692306 0.3230769230769231 0.16 0.3230769230769231 0.15076923076923077 0.3261538461538461 0.1476923076923077 0.3261538461538461 0.14461538461538462 0.3292307692307692 0.14153846153846153 0.3292307692307692 0.13538461538461538 0.3323076923076923 0.13230769230769232 0.3323076923076923 0.12923076923076923 0.3353846153846154 0.12615384615384614 0.3353846153846154 0.12 0.3384615384615385 0.11692307692307692 0.3384615384615385 0.1076923076923077 0.3323076923076923 0.1076923076923077 0.3323076923076923 0.11076923076923077 0.3292307692307692 0.11384615384615385 0.3292307692307692 0.12 0.3261538461538461 0.12307692307692308 0.3261538461538461 0.12923076923076923 0.32 0.13538461538461538 0.32 0.13846153846153847 0.3169230769230769 0.14153846153846153 0.3169230769230769 0.14461538461538462 0.31076923076923074 0.15076923076923077 0.3046153846153846 0.14461538461538462 0.3046153846153846 0.13230769230769232 0.30153846153846153 0.13230769230769232 0.29846153846153844 0.12923076923076923 0.29846153846153844 0.12307692307692308 0.28923076923076924 0.11384615384615385 0.28615384615384615 0.11384615384615385 0.27692307692307694 0.10461538461538461 0.27692307692307694 0.10153846153846154
2 0.8830769230769231 0.9661538461538461 0.8738461538461538 0.9661538461538461 0.8707692307692307 0.9692307692307692 0.8676923076923077 0.9692307692307692 0.8646153846153846 0.9723076923076923 0.8615384615384616 0.9723076923076923 0.8584615384615385 0.9753846153846154 0.8553846153846154 0.9753846153846154 0.8523076923076923 0.9784615384615385 0.8492307692307692 0.9784615384615385 0.8461538461538461 0.9815384615384616 0.8430769230769231 0.9815384615384616 0.8338461538461538 0.9907692307692307 0.8307692307692308 0.9907692307692307 0.8276923076923077 0.9938461538461538 0.8276923076923077 0.9969230769230769 0.84 0.9969230769230769 0.8430769230769231 0.9938461538461538 0.8461538461538461 0.9938461538461538 0.8523076923076923 0.9876923076923076 0.8553846153846154 0.9876923076923076 0.8584615384615385 0.9846153846153847 0.8615384615384616 0.9846153846153847 0.8646153846153846 0.9815384615384616 0.8676923076923077 0.9815384615384616 0.8707692307692307 0.9784615384615385 0.8738461538461538 0.9784615384615385 0.8769230769230769 0.9753846153846154 0.88 0.9753846153846154 0.8830769230769231 0.9723076923076923