0 0.42028985507246375 0.0036231884057971015 0.42028985507246375 0.028985507246376812 0.42391304347826086 0.03260869565217391 0.42391304347826086 0.04710144927536232 0.427536231884058 0.050724637681159424 0.427536231884058 0.06159420289855073 0.4311594202898551 0.06521739130434782 0.4311594202898551 0.06884057971014493 0.427536231884058 0.07246376811594203 0.4311594202898551 0.07608695652173914 0.427536231884058 0.07971014492753623 0.4311594202898551 0.08333333333333333 0.427536231884058 0.08695652173913043 0.4311594202898551 0.09057971014492754 0.427536231884058 0.09420289855072464 0.427536231884058 0.10144927536231885 0.4311594202898551 0.10507246376811594 0.4311594202898551 0.11231884057971014 0.427536231884058 0.11594202898550725 0.427536231884058 0.11956521739130435 0.42391304347826086 0.12318840579710146 0.427536231884058 0.12681159420289856 0.427536231884058 0.13043478260869565 0.4311594202898551 0.13405797101449277 0.4311594202898551 0.14492753623188406 0.427536231884058 0.14855072463768115 0.427536231884058 0.16666666666666666 0.42391304347826086 0.17028985507246377 0.42391304347826086 0.17753623188405798 0.42028985507246375 0.18115942028985507 0.42028985507246375 0.18478260869565216 0.4166666666666667 0.18840579710144928 0.4166666666666667 0.19927536231884058 0.42028985507246375 0.2028985507246377 0.42028985507246375 0.20652173913043478 0.427536231884058 0.20652173913043478 0.4311594202898551 0.21014492753623187 0.43478260869565216 0.20652173913043478 0.4384057971014493 0.20652173913043478 0.44565217391304346 0.19927536231884058 0.45652173913043476 0.19927536231884058 0.4601449275362319 0.1956521739130435 0.5036231884057971 0.1956521739130435 0.5072463768115942 0.19927536231884058 0.5434782608695652 0.19927536231884058 0.5471014492753623 0.1956521739130435 0.5833333333333334 0.1956521739130435 0.5869565217391305 0.19927536231884058 0.5869565217391305 0.19202898550724637 0.5905797101449275 0.18840579710144928 0.5978260869565217 0.18840579710144928 0.6014492753623188 0.19202898550724637 0.6014492753623188 0.19927536231884058 0.6086956521739131 0.19927536231884058 0.6123188405797102 0.2028985507246377 0.6159420289855072 0.2028985507246377 0.6195652173913043 0.19927536231884058 0.6268115942028986 0.19927536231884058 0.6304347826086957 0.1956521739130435 0.6739130434782609 0.1956521739130435 0.677536231884058 0.19927536231884058 0.7318840579710145 0.19927536231884058 0.7355072463768116 0.1956521739130435 0.75 0.1956521739130435 0.7536231884057971 0.19927536231884058 0.7717391304347826 0.19927536231884058 0.7753623188405797 0.1956521739130435 0.8514492753623188 0.1956521739130435 0.855072463768116 0.19927536231884058 0.8731884057971014 0.19927536231884058 0.8768115942028986 0.2028985507246377 0.8876811594202898 0.2028985507246377 0.8913043478260869 0.20652173913043478 0.8985507246376812 0.20652173913043478 0.9021739130434783 0.2028985507246377 0.927536231884058 0.2028985507246377 0.9311594202898551 0.19927536231884058 0.9347826086956522 0.2028985507246377 0.9384057971014492 0.19927536231884058 0.9891304347826086 0.19927536231884058 0.9927536231884058 0.1956521739130435 0.9963768115942029 0.1956521739130435 0.9963768115942029 0 0.42391304347826086 0
0 0.4492753623188406 0.4891304347826087 0.4492753623188406 0.5072463768115942 0.44565217391304346 0.5108695652173914 0.44565217391304346 0.5144927536231884 0.4492753623188406 0.5181159420289855 0.4492753623188406 0.5289855072463768 0.44565217391304346 0.532608695652174 0.44565217391304346 0.5471014492753623 0.4420289855072464 0.5507246376811594 0.4420289855072464 0.5688405797101449 0.4384057971014493 0.572463768115942 0.4384057971014493 0.5797101449275363 0.4420289855072464 0.5833333333333334 0.4420289855072464 0.605072463768116 0.4384057971014493 0.6086956521739131 0.4384057971014493 0.6340579710144928 0.4420289855072464 0.6376811594202898 0.4420289855072464 0.6413043478260869 0.44565217391304346 0.644927536231884 0.44565217391304346 0.6594202898550725 0.4420289855072464 0.6630434782608695 0.4420289855072464 0.6920289855072463 0.47101449275362317 0.6920289855072463 0.4746376811594203 0.6884057971014492 0.4891304347826087 0.6884057971014492 0.4927536231884058 0.6920289855072463 0.5942028985507246 0.6920289855072463 0.5978260869565217 0.6956521739130435 0.6086956521739131 0.6956521739130435 0.6123188405797102 0.6920289855072463 0.6231884057971014 0.6920289855072463 0.6268115942028986 0.6956521739130435 0.6376811594202898 0.6956521739130435 0.6413043478260869 0.6920289855072463 0.6666666666666666 0.6920289855072463 0.6702898550724637 0.6956521739130435 0.6992753623188406 0.6956521739130435 0.7028985507246377 0.6920289855072463 0.782608695652174 0.6920289855072463 0.7862318840579711 0.6956521739130435 0.7934782608695652 0.6956521739130435 0.7971014492753623 0.6920289855072463 0.822463768115942 0.6920289855072463 0.8260869565217391 0.6956521739130435 0.8333333333333334 0.6956521739130435 0.8369565217391305 0.6920289855072463 0.8623188405797102 0.6920289855072463 0.8659420289855072 0.6956521739130435 0.8695652173913043 0.6956521739130435 0.8731884057971014 0.6920289855072463 0.9057971014492754 0.6920289855072463 0.9094202898550725 0.6956521739130435 0.9420289855072463 0.6956521739130435 0.9456521739130435 0.6920289855072463 0.9565217391304348 0.6920289855072463 0.9601449275362319 0.6884057971014492 0.9963768115942029 0.6884057971014492 0.9963768115942029 0.4891304347826087 0.9492753623188406 0.4891304347826087 0.9456521739130435 0.4927536231884058 0.8369565217391305 0.4927536231884058 0.8333333333333334 0.4891304347826087 0.822463768115942 0.4891304347826087 0.8188405797101449 0.4855072463768116 0.7536231884057971 0.4855072463768116 0.75 0.4891304347826087 0.7282608695652174 0.4891304347826087 0.7246376811594203 0.4927536231884058 0.6956521739130435 0.4927536231884058 0.6920289855072463 0.4891304347826087 0.6557971014492754 0.4891304347826087 0.6521739130434783 0.4855072463768116 0.6014492753623188 0.4855072463768116 0.5978260869565217 0.4891304347826087 0.572463768115942 0.4891304347826087 0.5688405797101449 0.4927536231884058 0.48188405797101447 0.4927536231884058 0.4782608695652174 0.4891304347826087
0 0.5978260869565217 0.2463768115942029 0.5978260869565217 0.2826086956521739 0.6014492753623188 0.286231884057971 0.6014492753623188 0.2898550724637681 0.605072463768116 0.29347826086956524 0.605072463768116 0.3079710144927536 0.6014492753623188 0.3115942028985507 0.6014492753623188 0.31521739130434784 0.5978260869565217 0.3188405797101449 0.5978260869565217 0.32971014492753625 0.6014492753623188 0.3333333333333333 0.6014492753623188 0.35144927536231885 0.605072463768116 0.35507246376811596 0.605072463768116 0.36231884057971014 0.6086956521739131 0.36594202898550726 0.6086956521739131 0.3804347826086957 0.605072463768116 0.38405797101449274 0.605072463768116 0.38768115942028986 0.6014492753623188 0.391304347826087 0.6014492753623188 0.40217391304347827 0.605072463768116 0.4057971014492754 0.605072463768116 0.4420289855072464 0.6159420289855072 0.4420289855072464 0.6195652173913043 0.4384057971014493 0.6268115942028986 0.4384057971014493 0.6304347826086957 0.4420289855072464 0.6340579710144928 0.4420289855072464 0.6376811594202898 0.44565217391304346 0.6413043478260869 0.44565217391304346 0.644927536231884 0.4492753623188406 0.6485507246376812 0.44565217391304346 0.6884057971014492 0.44565217391304346 0.6920289855072463 0.4420289855072464 0.6956521739130435 0.4420289855072464 0.6992753623188406 0.4384057971014493 0.7065217391304348 0.4384057971014493 0.7101449275362319 0.4420289855072464 0.717391304347826 0.4420289855072464 0.7210144927536232 0.44565217391304346 0.7355072463768116 0.44565217391304346 0.7391304347826086 0.4420289855072464 0.7681159420289855 0.4420289855072464 0.7717391304347826 0.4384057971014493 0.8260869565217391 0.4384057971014493 0.8297101449275363 0.4420289855072464 0.8442028985507246 0.4420289855072464 0.8478260869565217 0.4384057971014493 0.8695652173913043 0.4384057971014493 0.8731884057971014 0.4420289855072464 0.894927536231884 0.4420289855072464 0.8985507246376812 0.44565217391304346 0.9021739130434783 0.44565217391304346 0.9057971014492754 0.4420289855072464 0.9311594202898551 0.4420289855072464 0.9347826086956522 0.44565217391304346 0.9384057971014492 0.4420289855072464 0.9456521739130435 0.4420289855072464 0.9492753623188406 0.4384057971014493 0.9492753623188406 0.42028985507246375 0.9456521739130435 0.4166666666666667 0.9456521739130435 0.37318840579710144 0.9492753623188406 0.3695652173913043 0.9492753623188406 0.35507246376811596 0.9528985507246377 0.35144927536231885 0.9528985507246377 0.3442028985507246 0.9492753623188406 0.34057971014492755 0.9492753623188406 0.32971014492753625 0.9528985507246377 0.32608695652173914 0.9528985507246377 0.31521739130434784 0.9492753623188406 0.3115942028985507 0.9492753623188406 0.3007246376811594 0.9456521739130435 0.2971014492753623 0.9456521739130435 0.2463768115942029 0.9492753623188406 0.2427536231884058 0.9492753623188406 0.2391304347826087 0.9565217391304348 0.2318840579710145 0.9565217391304348 0.22826086956521738 0.9456521739130435 0.22826086956521738 0.9420289855072463 0.2318840579710145 0.9384057971014492 0.2318840579710145 0.9347826086956522 0.23550724637681159 0.9166666666666666 0.23550724637681159 0.9130434782608695 0.2391304347826087 0.9094202898550725 0.23550724637681159 0.8985507246376812 0.23550724637681159 0.894927536231884 0.2318840579710145 0.8840579710144928 0.2318840579710145 0.8804347826086957 0.23550724637681159 0.8586956521739131 0.23550724637681159 0.855072463768116 0.2318840579710145 0.8514492753623188 0.2318840579710145 0.8478260869565217 0.22826086956521738 0.8152173913043478 0.22826086956521738 0.8115942028985508 0.2318840579710145 0.7862318840579711 0.2318840579710145 0.782608695652174 0.22826086956521738 0.7789855072463768 0.22826086956521738 0.7753623188405797 0.2318840579710145 0.7681159420289855 0.2318840579710145 0.7644927536231884 0.23550724637681159 0.7572463768115942 0.23550724637681159 0.7536231884057971 0.2391304347826087 0.75 0.23550724637681159 0.6811594202898551 0.23550724637681159 0.677536231884058 0.2318840579710145 0.6702898550724637 0.2318840579710145 0.6666666666666666 0.22826086956521738 0.6594202898550725 0.22826086956521738 0.6557971014492754 0.2246376811594203 0.6485507246376812 0.2246376811594203 0.644927536231884 0.22826086956521738 0.6413043478260869 0.22826086956521738 0.6376811594202898 0.2318840579710145 0.6268115942028986 0.2318840579710145 0.6231884057971014 0.23550724637681159 0.6086956521739131 0.23550724637681159
0 0.5978260869565217 0.7318840579710145 0.5978260869565217 0.7898550724637681 0.6014492753623188 0.7934782608695652 0.6014492753623188 0.7971014492753623 0.5978260869565217 0.8007246376811594 0.5978260869565217 0.8043478260869565 0.5942028985507246 0.8079710144927537 0.5942028985507246 0.8115942028985508 0.5978260869565217 0.8152173913043478 0.5978260869565217 0.8478260869565217 0.5942028985507246 0.8514492753623188 0.5942028985507246 0.8586956521739131 0.5978260869565217 0.8623188405797102 0.5978260869565217 0.9094202898550725 0.6014492753623188 0.9130434782608695 0.6014492753623188 0.927536231884058 0.605072463768116 0.9311594202898551 0.6195652173913043 0.9311594202898551 0.6231884057971014 0.9347826086956522 0.6594202898550725 0.9347826086956522 0.6630434782608695 0.9384057971014492 0.6811594202898551 0.9384057971014492 0.6847826086956522 0.9420289855072463 0.6920289855072463 0.9420289855072463 0.6956521739130435 0.9384057971014492 0.7028985507246377 0.9384057971014492 0.7065217391304348 0.9347826086956522 0.7282608695652174 0.9347826086956522 0.7318840579710145 0.9311594202898551 0.7572463768115942 0.9311594202898551 0.7608695652173914 0.9347826086956522 0.7789855072463768 0.9347826086956522 0.782608695652174 0.9384057971014492 0.8079710144927537 0.9384057971014492 0.8115942028985508 0.9347826086956522 0.8804347826086957 0.9347826086956522 0.8840579710144928 0.9384057971014492 0.9384057971014492 0.9384057971014492 0.9420289855072463 0.9347826086956522 0.9456521739130435 0.9347826086956522 0.9456521739130435 0.9239130434782609 0.9420289855072463 0.9202898550724637 0.9420289855072463 0.8876811594202898 0.9384057971014492 0.8840579710144928 0.9384057971014492 0.8695652173913043 0.9420289855072463 0.8659420289855072 0.9420289855072463 0.8333333333333334 0.9384057971014492 0.8297101449275363 0.9384057971014492 0.7971014492753623 0.9420289855072463 0.7934782608695652 0.9420289855072463 0.7753623188405797 0.9456521739130435 0.7717391304347826 0.9456521739130435 0.7644927536231884 0.9347826086956522 0.7644927536231884 0.9311594202898551 0.7608695652173914 0.9311594202898551 0.75 0.9347826086956522 0.7463768115942029 0.9347826086956522 0.7391304347826086 0.9384057971014492 0.7355072463768116 0.9420289855072463 0.7355072463768116 0.9420289855072463 0.7318840579710145 0.9021739130434783 0.7318840579710145 0.8985507246376812 0.7282608695652174 0.8659420289855072 0.7282608695652174 0.8623188405797102 0.7318840579710145 0.855072463768116 0.7318840579710145 0.8514492753623188 0.7355072463768116 0.782608695652174 0.7355072463768116 0.7789855072463768 0.7318840579710145 0.6956521739130435 0.7318840579710145 0.6920289855072463 0.7282608695652174 0.6811594202898551 0.7282608695652174 0.677536231884058 0.7318840579710145 0.6485507246376812 0.7318840579710145 0.644927536231884 0.7282608695652174 0.6086956521739131 0.7282608695652174 0.605072463768116 0.7318840579710145
0 0.40942028985507245 0.5 0.4057971014492754 0.4963768115942029 0.37681159420289856 0.4963768115942029 0.37318840579710144 0.5 0.34057971014492755 0.5 0.33695652173913043 0.5036231884057971 0.31521739130434784 0.5036231884057971 0.3115942028985507 0.5072463768115942 0.30434782608695654 0.5072463768115942 0.3007246376811594 0.5036231884057971 0.2608695652173913 0.5036231884057971 0.2572463768115942 0.5072463768115942 0.2463768115942029 0.5072463768115942 0.2427536231884058 0.5036231884057971 0.19927536231884058 0.5036231884057971 0.1956521739130435 0.5072463768115942 0.18840579710144928 0.5072463768115942 0.18478260869565216 0.5036231884057971 0.09782608695652174 0.5036231884057971 0.09420289855072464 0.5072463768115942 0.07246376811594203 0.5072463768115942 0.07246376811594203 0.5579710144927537 0.06884057971014493 0.5615942028985508 0.06884057971014493 0.5688405797101449 0.07246376811594203 0.572463768115942 0.07246376811594203 0.5797101449275363 0.06884057971014493 0.5833333333333334 0.06884057971014493 0.5869565217391305 0.07246376811594203 0.5905797101449275 0.07246376811594203 0.6956521739130435 0.07971014492753623 0.6956521739130435 0.08333333333333333 0.6992753623188406 0.10144927536231885 0.6992753623188406 0.10507246376811594 0.7028985507246377 0.13405797101449277 0.7028985507246377 0.13768115942028986 0.6992753623188406 0.18115942028985507 0.6992753623188406 0.18840579710144928 0.7065217391304348 0.1956521739130435 0.7065217391304348 0.19927536231884058 0.7101449275362319 0.21014492753623187 0.7101449275362319 0.213768115942029 0.7065217391304348 0.2246376811594203 0.7065217391304348 0.22826086956521738 0.7101449275362319 0.2427536231884058 0.7101449275362319 0.2463768115942029 0.7065217391304348 0.2608695652173913 0.7065217391304348 0.2644927536231884 0.7028985507246377 0.2717391304347826 0.7028985507246377 0.2753623188405797 0.6992753623188406 0.2971014492753623 0.6992753623188406 0.3007246376811594 0.7028985507246377 0.30434782608695654 0.6992753623188406 0.32608695652173914 0.6992753623188406 0.32971014492753625 0.7028985507246377 0.3442028985507246 0.7028985507246377 0.34782608695652173 0.7065217391304348 0.36594202898550726 0.7065217391304348 0.37318840579710144 0.6992753623188406 0.38768115942028986 0.6992753623188406 0.391304347826087 0.7028985507246377 0.40217391304347827 0.7028985507246377 0.40217391304347827 0.6884057971014492 0.4057971014492754 0.6847826086956522 0.4057971014492754 0.6557971014492754 0.40217391304347827 0.6521739130434783 0.40217391304347827 0.644927536231884 0.4057971014492754 0.6413043478260869 0.4057971014492754 0.6340579710144928 0.40942028985507245 0.6304347826086957 0.40942028985507245 0.6195652173913043 0.4057971014492754 0.6159420289855072 0.4057971014492754 0.5978260869565217 0.40942028985507245 0.5942028985507246 0.40942028985507245 0.5797101449275363 0.4057971014492754 0.5760869565217391 0.4057971014492754 0.5543478260869565 0.40217391304347827 0.5507246376811594 0.40217391304347827 0.5289855072463768 0.4057971014492754 0.5253623188405797 0.4057971014492754 0.5144927536231884 0.40942028985507245 0.5108695652173914
0 0.043478260869565216 0 0.043478260869565216 0.0036231884057971015 0.04710144927536232 0.007246376811594203 0.04710144927536232 0.021739130434782608 0.050724637681159424 0.025362318840579712 0.050724637681159424 0.07608695652173914 0.05434782608695652 0.07971014492753623 0.05434782608695652 0.09057971014492754 0.057971014492753624 0.09057971014492754 0.06159420289855073 0.09420289855072464 0.06884057971014493 0.09420289855072464 0.07246376811594203 0.09782608695652174 0.12681159420289856 0.09782608695652174 0.13043478260869565 0.09420289855072464 0.15942028985507245 0.09420289855072464 0.16304347826086957 0.09782608695652174 0.18478260869565216 0.09782608695652174 0.18840579710144928 0.10144927536231885 0.2028985507246377 0.10144927536231885 0.21014492753623187 0.10869565217391304 0.213768115942029 0.10869565217391304 0.23550724637681159 0.13043478260869565 0.23550724637681159 0.13768115942028986 0.2318840579710145 0.14130434782608695 0.2246376811594203 0.14130434782608695 0.21014492753623187 0.12681159420289856 0.20652173913043478 0.12681159420289856 0.2028985507246377 0.12318840579710146 0.19927536231884058 0.12318840579710146 0.1956521739130435 0.11956521739130435 0.18840579710144928 0.11956521739130435 0.18478260869565216 0.11594202898550725 0.16666666666666666 0.11594202898550725 0.16304347826086957 0.11231884057971014 0.15217391304347827 0.11231884057971014 0.14855072463768115 0.10869565217391304 0.14492753623188406 0.10869565217391304 0.14130434782608695 0.11231884057971014 0.11956521739130435 0.11231884057971014 0.11594202898550725 0.11594202898550725 0.06884057971014493 0.11594202898550725 0.06159420289855073 0.10869565217391304 0.050724637681159424 0.10869565217391304 0.04710144927536232 0.10507246376811594 0.04710144927536232 0.12318840579710146 0.050724637681159424 0.12681159420289856 0.050724637681159424 0.13405797101449277 0.05434782608695652 0.13768115942028986 0.05434782608695652 0.14492753623188406 0.057971014492753624 0.14492753623188406 0.06521739130434782 0.15217391304347827 0.11956521739130435 0.15217391304347827 0.12318840579710146 0.15579710144927536 0.12681159420289856 0.15579710144927536 0.13405797101449277 0.16304347826086957 0.13768115942028986 0.16304347826086957 0.14130434782608695 0.15942028985507245 0.15579710144927536 0.15942028985507245 0.15942028985507245 0.16304347826086957 0.18840579710144928 0.16304347826086957 0.19202898550724637 0.16666666666666666 0.1956521739130435 0.16666666666666666 0.2028985507246377 0.17391304347826086 0.2028985507246377 0.18115942028985507 0.21014492753623187 0.18840579710144928 0.21014492753623187 0.1956521739130435 0.20652173913043478 0.19927536231884058 0.1956521739130435 0.19927536231884058 0.19202898550724637 0.1956521739130435 0.19202898550724637 0.18840579710144928 0.18478260869565216 0.18115942028985507 0.17391304347826086 0.18115942028985507 0.17028985507246377 0.17753623188405798 0.14855072463768115 0.17753623188405798 0.14492753623188406 0.18115942028985507 0.14130434782608695 0.18115942028985507 0.13768115942028986 0.18478260869565216 0.13043478260869565 0.18478260869565216 0.12681159420289856 0.18115942028985507 0.12318840579710146 0.18115942028985507 0.11231884057971014 0.17028985507246377 0.08695652173913043 0.17028985507246377 0.08333333333333333 0.16666666666666666 0.07971014492753623 0.17028985507246377 0.07246376811594203 0.17028985507246377 0.06884057971014493 0.16666666666666666 0.050724637681159424 0.16666666666666666 0.050724637681159424 0.17028985507246377 0.04710144927536232 0.17391304347826086 0.04710144927536232 0.18115942028985507 0.050724637681159424 0.18478260869565216 0.050724637681159424 0.18840579710144928 0.057971014492753624 0.1956521739130435 0.07608695652173914 0.1956521739130435 0.07971014492753623 0.19927536231884058 0.09057971014492754 0.19927536231884058 0.09420289855072464 0.1956521739130435 0.09782608695652174 0.1956521739130435 0.10144927536231885 0.19202898550724637 0.10507246376811594 0.19202898550724637 0.10869565217391304 0.18840579710144928 0.13768115942028986 0.18840579710144928 0.14130434782608695 0.19202898550724637 0.14855072463768115 0.19202898550724637 0.15217391304347827 0.1956521739130435 0.15579710144927536 0.1956521739130435 0.15942028985507245 0.19927536231884058 0.18840579710144928 0.19927536231884058 0.19202898550724637 0.2028985507246377 0.20652173913043478 0.2028985507246377 0.21014492753623187 0.19927536231884058 0.2536231884057971 0.19927536231884058 0.2572463768115942 0.1956521739130435 0.286231884057971 0.1956521739130435 0.2898550724637681 0.19202898550724637 0.32971014492753625 0.19202898550724637 0.3333333333333333 0.1956521739130435 0.34057971014492755 0.1956521739130435 0.34782608695652173 0.2028985507246377 0.35144927536231885 0.19927536231884058 0.36594202898550726 0.19927536231884058 0.3695652173913043 0.1956521739130435 0.38768115942028986 0.1956521739130435 0.391304347826087 0.19202898550724637 0.391304347826087 0.18840579710144928 0.38768115942028986 0.18478260869565216 0.38768115942028986 0.16304347826086957 0.38405797101449274 0.15942028985507245 0.38405797101449274 0.12681159420289856 0.38768115942028986 0.12318840579710146 0.38768115942028986 0.11956521739130435 0.391304347826087 0.11594202898550725 0.391304347826087 0.10507246376811594 0.39492753623188404 0.10144927536231885 0.39492753623188404 0.08695652173913043 0.391304347826087 0.08333333333333333 0.391304347826087 0.07608695652173914 0.39492753623188404 0.07246376811594203 0.391304347826087 0.06884057971014493 0.391304347826087 0.036231884057971016 0.39492753623188404 0.03260869565217391 0.39492753623188404 0.028985507246376812 0.391304347826087 0.025362318840579712 0.391304347826087 0
0 0.427536231884058 0.9963768115942029 0.9963768115942029 0.9963768115942029 0.9963768115942029 0.9855072463768116 0.8442028985507246 0.9855072463768116 0.8405797101449275 0.9818840579710145 0.7572463768115942 0.9818840579710145 0.7536231884057971 0.9855072463768116 0.7463768115942029 0.9855072463768116 0.7427536231884058 0.9818840579710145 0.717391304347826 0.9818840579710145 0.7137681159420289 0.9782608695652174 0.6920289855072463 0.9782608695652174 0.6884057971014492 0.9818840579710145 0.6557971014492754 0.9818840579710145 0.6521739130434783 0.9855072463768116 0.6340579710144928 0.9855072463768116 0.6304347826086957 0.9818840579710145 0.6195652173913043 0.9818840579710145 0.6159420289855072 0.9782608695652174 0.5905797101449275 0.9782608695652174 0.5869565217391305 0.9818840579710145 0.572463768115942 0.9818840579710145 0.5688405797101449 0.9782608695652174 0.5108695652173914 0.9782608695652174 0.5072463768115942 0.9818840579710145 0.4601449275362319 0.9818840579710145 0.45652173913043476 0.9855072463768116 0.4311594202898551 0.9855072463768116 0.4311594202898551 0.9927536231884058
0 0.967391304347826 0.7427536231884058 0.967391304347826 0.75 0.9637681159420289 0.7536231884057971 0.9637681159420289 0.7572463768115942 0.9601449275362319 0.7608695652173914 0.9601449275362319 0.7644927536231884 0.9565217391304348 0.7681159420289855 0.9565217391304348 0.7753623188405797 0.9601449275362319 0.7789855072463768 0.9565217391304348 0.782608695652174 0.9565217391304348 0.7898550724637681 0.9528985507246377 0.7934782608695652 0.9528985507246377 0.8007246376811594 0.9565217391304348 0.8043478260869565 0.9565217391304348 0.8079710144927537 0.9601449275362319 0.8115942028985508 0.9601449275362319 0.8188405797101449 0.9637681159420289 0.822463768115942 0.9637681159420289 0.8297101449275363 0.967391304347826 0.8333333333333334 0.967391304347826 0.8369565217391305 0.9710144927536232 0.8405797101449275 0.9710144927536232 0.8695652173913043 0.967391304347826 0.8731884057971014 0.967391304347826 0.8768115942028986 0.9637681159420289 0.8804347826086957 0.9637681159420289 0.9094202898550725 0.9710144927536232 0.9166666666666666 0.9710144927536232 0.9202898550724637 0.967391304347826 0.9239130434782609 0.967391304347826 0.9311594202898551 0.9710144927536232 0.9347826086956522 0.967391304347826 0.9384057971014492 0.9746376811594203 0.9456521739130435 0.9746376811594203 0.9492753623188406 0.9818840579710145 0.9492753623188406 0.9855072463768116 0.9528985507246377 0.9963768115942029 0.9528985507246377 0.9963768115942029 0.7427536231884058
0 0 0.5 0 0.6992753623188406 0.021739130434782608 0.6992753623188406 0.025362318840579712 0.6956521739130435 0.025362318840579712 0.677536231884058 0.028985507246376812 0.6739130434782609 0.028985507246376812 0.6231884057971014 0.025362318840579712 0.6195652173913043 0.025362318840579712 0.605072463768116 0.021739130434782608 0.6014492753623188 0.021739130434782608 0.5905797101449275 0.025362318840579712 0.5869565217391305 0.025362318840579712 0.5253623188405797 0.021739130434782608 0.5217391304347826 0.021739130434782608 0.5072463768115942 0.018115942028985508 0.5036231884057971 0.018115942028985508 0.5
0 0.9855072463768116 0.22826086956521738 0.9818840579710145 0.2318840579710145 0.9782608695652174 0.2318840579710145 0.9782608695652174 0.25 0.9818840579710145 0.2536231884057971 0.9818840579710145 0.31521739130434784 0.9855072463768116 0.3188405797101449 0.9818840579710145 0.322463768115942 0.9818840579710145 0.3804347826086957 0.9782608695652174 0.38405797101449274 0.9818840579710145 0.38768115942028986 0.9782608695652174 0.391304347826087 0.9782608695652174 0.39855072463768115 0.9818840579710145 0.40217391304347827 0.9818840579710145 0.427536231884058 0.9855072463768116 0.4311594202898551 0.9963768115942029 0.4311594202898551 0.9963768115942029 0.22826086956521738
0 0.057971014492753624 0.9963768115942029 0.39855072463768115 0.9963768115942029 0.39855072463768115 0.9927536231884058 0.39492753623188404 0.9891304347826086 0.39492753623188404 0.9855072463768116 0.34782608695652173 0.9855072463768116 0.3442028985507246 0.9891304347826086 0.32971014492753625 0.9891304347826086 0.32608695652173914 0.9927536231884058 0.3007246376811594 0.9927536231884058 0.2971014492753623 0.9891304347826086 0.2536231884057971 0.9891304347826086 0.25 0.9855072463768116 0.23550724637681159 0.9855072463768116 0.2318840579710145 0.9818840579710145 0.1956521739130435 0.9818840579710145 0.19202898550724637 0.9855072463768116 0.18115942028985507 0.9855072463768116 0.17753623188405798 0.9891304347826086 0.16666666666666666 0.9891304347826086 0.16304347826086957 0.9927536231884058 0.07608695652173914 0.9927536231884058 0.07246376811594203 0.9891304347826086 0.06884057971014493 0.9927536231884058 0.06159420289855073 0.9927536231884058
0 0.0036231884057971015 0.0036231884057971015 0 0.007246376811594203 0 0.213768115942029 0.010869565217391304 0.213768115942029 0.010869565217391304 0.1956521739130435 0.007246376811594203 0.19202898550724637 0.007246376811594203 0.17753623188405798 0.010869565217391304 0.17391304347826086 0.010869565217391304 0.16304347826086957 0.014492753623188406 0.15942028985507245 0.014492753623188406 0.15217391304347827 0.021739130434782608 0.14492753623188406 0.021739130434782608 0.13405797101449277 0.018115942028985508 0.13043478260869565 0.018115942028985508 0.11956521739130435 0.014492753623188406 0.11594202898550725 0.014492753623188406 0.10507246376811594 0.010869565217391304 0.10144927536231885 0.010869565217391304 0.08333333333333333 0.007246376811594203 0.07971014492753623 0.007246376811594203 0.07608695652173914 0.010869565217391304 0.07246376811594203 0.010869565217391304 0.06884057971014493 0.014492753623188406 0.06521739130434782 0.014492753623188406 0.03260869565217391 0.010869565217391304 0.028985507246376812 0.010869565217391304 0.021739130434782608 0.007246376811594203 0.018115942028985508 0.007246376811594203 0.007246376811594203
1 0.572463768115942 0.2427536231884058 0.5688405797101449 0.2391304347826087 0.5688405797101449 0.23550724637681159 0.5471014492753623 0.23550724637681159 0.5434782608695652 0.2318840579710145 0.5362318840579711 0.2318840579710145 0.532608695652174 0.22826086956521738 0.4891304347826087 0.22826086956521738 0.4855072463768116 0.2246376811594203 0.4746376811594203 0.2246376811594203 0.47101449275362317 0.22826086956521738 0.43478260869565216 0.22826086956521738 0.4311594202898551 0.2318840579710145 0.17028985507246377 0.2318840579710145 0.16666666666666666 0.22826086956521738 0.14855072463768115 0.22826086956521738 0.14130434782608695 0.23550724637681159 0.13768115942028986 0.23550724637681159 0.13405797101449277 0.2391304347826087 0.13405797101449277 0.2427536231884058 0.13768115942028986 0.2463768115942029 0.13768115942028986 0.29347826086956524 0.13405797101449277 0.2971014492753623 0.13405797101449277 0.32608695652173914 0.13043478260869565 0.32971014492753625 0.13043478260869565 0.34782608695652173 0.12681159420289856 0.35144927536231885 0.12681159420289856 0.3804347826086957 0.12318840579710146 0.38405797101449274 0.12318840579710146 0.4166666666666667 0.12681159420289856 0.42028985507246375 0.12681159420289856 0.42391304347826086 0.14130434782608695 0.4384057971014493 0.14130434782608695 0.44565217391304346 0.13768115942028986 0.4492753623188406 0.13405797101449277 0.4492753623188406 0.14855072463768115 0.4492753623188406 0.15217391304347827 0.4528985507246377 0.16304347826086957 0.4528985507246377 0.16666666666666666 0.4492753623188406 0.19927536231884058 0.4492753623188406 0.2028985507246377 0.44565217391304346 0.2644927536231884 0.44565217391304346 0.26811594202898553 0.4492753623188406 0.2971014492753623 0.4492753623188406 0.3007246376811594 0.4528985507246377 0.3079710144927536 0.4528985507246377 0.3115942028985507 0.4492753623188406 0.40217391304347827 0.4492753623188406 0.4057971014492754 0.44565217391304346 0.48188405797101447 0.44565217391304346 0.4855072463768116 0.4492753623188406 0.5 0.4492753623188406 0.5036231884057971 0.4528985507246377 0.5398550724637681 0.4528985507246377 0.5434782608695652 0.4492753623188406 0.5579710144927537 0.4492753623188406 0.5615942028985508 0.44565217391304346 0.5688405797101449 0.44565217391304346 0.572463768115942 0.4420289855072464 0.572463768115942 0.40217391304347827 0.5760869565217391 0.39855072463768115 0.5760869565217391 0.33695652173913043 0.572463768115942 0.3333333333333333 0.572463768115942 0.3188405797101449 0.5760869565217391 0.31521739130434784 0.5760869565217391 0.27898550724637683 0.572463768115942 0.2753623188405797 0.5760869565217391 0.2717391304347826 0.5760869565217391 0.2608695652173913 0.572463768115942 0.2572463768115942
1 0.11956521739130435 0.7644927536231884 0.11956521739130435 0.7681159420289855 0.12318840579710146 0.7717391304347826 0.12318840579710146 0.7789855072463768 0.12681159420289856 0.782608695652174 0.12681159420289856 0.8188405797101449 0.13043478260869565 0.822463768115942 0.13043478260869565 0.8442028985507246 0.12681159420289856 0.8478260869565217 0.12681159420289856 0.855072463768116 0.13405797101449277 0.8623188405797102 0.13405797101449277 0.8731884057971014 0.13768115942028986 0.8768115942028986 0.13768115942028986 0.9021739130434783 0.13405797101449277 0.9057971014492754 0.13405797101449277 0.9094202898550725 0.13043478260869565 0.9130434782608695 0.13043478260869565 0.927536231884058 0.12681159420289856 0.9311594202898551 0.12681159420289856 0.9492753623188406 0.12318840579710146 0.9528985507246377 0.12681159420289856 0.9565217391304348 0.13043478260869565 0.9565217391304348 0.13405797101449277 0.9601449275362319 0.14855072463768115 0.9601449275362319 0.15217391304347827 0.9565217391304348 0.15942028985507245 0.9565217391304348 0.16304347826086957 0.9528985507246377 0.2463768115942029 0.9528985507246377 0.25 0.9492753623188406 0.2644927536231884 0.9492753623188406 0.26811594202898553 0.9528985507246377 0.37681159420289856 0.9528985507246377 0.3804347826086957 0.9492753623188406 0.5108695652173914 0.9492753623188406 0.5144927536231884 0.9456521739130435 0.5434782608695652 0.9456521739130435 0.5471014492753623 0.9492753623188406 0.5688405797101449 0.9492753623188406 0.572463768115942 0.9456521739130435 0.572463768115942 0.927536231884058 0.5688405797101449 0.9239130434782609 0.5688405797101449 0.9202898550724637 0.5652173913043478 0.9166666666666666 0.5652173913043478 0.9130434782608695 0.5615942028985508 0.9094202898550725 0.5615942028985508 0.9021739130434783 0.5579710144927537 0.8985507246376812 0.5615942028985508 0.894927536231884 0.5615942028985508 0.7391304347826086 0.5579710144927537 0.7391304347826086 0.5543478260869565 0.7355072463768116 0.5434782608695652 0.7355072463768116 0.5398550724637681 0.7391304347826086 0.4673913043478261 0.7391304347826086 0.463768115942029 0.7355072463768116 0.37318840579710144 0.7355072463768116 0.3695652173913043 0.7318840579710145 0.3333333333333333 0.7318840579710145 0.32971014492753625 0.7282608695652174 0.2971014492753623 0.7282608695652174 0.29347826086956524 0.7318840579710145 0.2572463768115942 0.7318840579710145 0.2536231884057971 0.7355072463768116 0.18115942028985507 0.7355072463768116 0.17753623188405798 0.7391304347826086 0.16666666666666666 0.7391304347826086 0.16304347826086957 0.7355072463768116 0.15579710144927536 0.7355072463768116 0.15217391304347827 0.7318840579710145 0.15217391304347827 0.7391304347826086 0.14855072463768115 0.7427536231884058 0.14130434782608695 0.7427536231884058 0.13043478260869565 0.7536231884057971 0.12681159420289856 0.7536231884057971 0.12318840579710146 0.7572463768115942 0.12318840579710146 0.7608695652173914
1 0 0.2463768115942029 0 0.463768115942029 0.09420289855072464 0.463768115942029 0.09420289855072464 0.4601449275362319 0.09782608695652174 0.45652173913043476 0.09057971014492754 0.4492753623188406 0.09057971014492754 0.43478260869565216 0.07971014492753623 0.42391304347826086 0.07971014492753623 0.42028985507246375 0.07608695652173914 0.4166666666666667 0.07608695652173914 0.4057971014492754 0.07971014492753623 0.40217391304347827 0.07971014492753623 0.391304347826087 0.08333333333333333 0.38768115942028986 0.08333333333333333 0.37681159420289856 0.08695652173913043 0.37318840579710144 0.08695652173913043 0.36231884057971014 0.08333333333333333 0.358695652173913 0.08333333333333333 0.33695652173913043 0.08695652173913043 0.3333333333333333 0.08695652173913043 0.32971014492753625 0.08333333333333333 0.32971014492753625 0.07971014492753623 0.32608695652173914 0.07971014492753623 0.31521739130434784 0.08333333333333333 0.3115942028985507 0.09057971014492754 0.3115942028985507 0.09057971014492754 0.30434782608695654 0.08695652173913043 0.3007246376811594 0.08695652173913043 0.286231884057971 0.07971014492753623 0.27898550724637683 0.07971014492753623 0.2753623188405797 0.06884057971014493 0.2644927536231884 0.06884057971014493 0.2608695652173913 0.057971014492753624 0.25 0.04710144927536232 0.25 0.036231884057971016 0.2391304347826087 0.03260869565217391 0.2427536231884058 0.028985507246376812 0.2427536231884058 0.025362318840579712 0.2463768115942029
1 0 0.7536231884057971 0 0.9057971014492754 0.036231884057971016 0.9057971014492754 0.03985507246376811 0.9021739130434783 0.08695652173913043 0.9021739130434783 0.09057971014492754 0.9057971014492754 0.09420289855072464 0.9057971014492754 0.09420289855072464 0.8985507246376812 0.09057971014492754 0.894927536231884 0.09057971014492754 0.8913043478260869 0.08695652173913043 0.8876811594202898 0.08695652173913043 0.8659420289855072 0.09057971014492754 0.8623188405797102 0.09057971014492754 0.855072463768116 0.09420289855072464 0.8514492753623188 0.09420289855072464 0.8405797101449275 0.09782608695652174 0.8369565217391305 0.09782608695652174 0.8297101449275363 0.08333333333333333 0.8152173913043478 0.08333333333333333 0.8115942028985508 0.07246376811594203 0.8007246376811594 0.07246376811594203 0.7971014492753623 0.06884057971014493 0.7934782608695652 0.06884057971014493 0.7608695652173914 0.07246376811594203 0.7572463768115942 0.06884057971014493 0.7536231884057971 0.036231884057971016 0.7536231884057971 0.03260869565217391 0.7572463768115942 0.028985507246376812 0.7572463768115942 0.025362318840579712 0.7536231884057971
1 0.09057971014492754 0.927536231884058 0.08695652173913043 0.9239130434782609 0.08333333333333333 0.9239130434782609 0.07971014492753623 0.9202898550724637 0.06521739130434782 0.9202898550724637 0.06159420289855073 0.9166666666666666 0.057971014492753624 0.9166666666666666 0.05434782608695652 0.9202898550724637 0.021739130434782608 0.9202898550724637 0.018115942028985508 0.9239130434782609 0 0.9239130434782609 0 0.9710144927536232 0.07971014492753623 0.9710144927536232 0.07971014492753623 0.967391304347826 0.09057971014492754 0.9565217391304348
2 0.036231884057971016 0.007246376811594203 0.025362318840579712 0.021739130434782608 0.025362318840579712 0.036231884057971016 0.021739130434782608 0.03985507246376811 0.021739130434782608 0.050724637681159424 0.025362318840579712 0.05434782608695652 0.025362318840579712 0.06884057971014493 0.028985507246376812 0.07246376811594203 0.028985507246376812 0.12681159420289856 0.036231884057971016 0.13405797101449277 0.03260869565217391 0.13768115942028986 0.03260869565217391 0.15217391304347827 0.028985507246376812 0.15942028985507245 0.014492753623188406 0.17391304347826086 0.014492753623188406 0.1956521739130435 0.018115942028985508 0.2028985507246377 0.025362318840579712 0.20652173913043478 0.025362318840579712 0.213768115942029 0.03985507246376811 0.2318840579710145 0.03985507246376811 0.2391304347826087 0.04710144927536232 0.2463768115942029 0.057971014492753624 0.2463768115942029 0.07246376811594203 0.2608695652173913 0.07246376811594203 0.2644927536231884 0.09057971014492754 0.286231884057971 0.09057971014492754 0.3007246376811594 0.09420289855072464 0.30434782608695654 0.09420289855072464 0.3115942028985507 0.09057971014492754 0.31521739130434784 0.08333333333333333 0.31521739130434784 0.08333333333333333 0.32608695652173914 0.09057971014492754 0.32971014492753625 0.08695652173913043 0.33695652173913043 0.08695652173913043 0.358695652173913 0.09057971014492754 0.36231884057971014 0.09057971014492754 0.37318840579710144 0.08695652173913043 0.37681159420289856 0.08695652173913043 0.38768115942028986 0.08333333333333333 0.391304347826087 0.07971014492753623 0.4166666666666667 0.09420289855072464 0.43478260869565216 0.09420289855072464 0.4492753623188406 0.10144927536231885 0.45652173913043476 0.09782608695652174 0.4601449275362319 0.09782608695652174 0.4782608695652174 0.09057971014492754 0.4855072463768116 0.06884057971014493 0.4963768115942029 0.06884057971014493 0.5036231884057971 0.06159420289855073 0.5072463768115942 0.06159420289855073 0.5289855072463768 0.05434782608695652 0.5434782608695652 0.05434782608695652 0.5688405797101449 0.06159420289855073 0.5760869565217391 0.057971014492753624 0.5797101449275363 0.057971014492753624 0.6014492753623188 0.06159420289855073 0.605072463768116 0.06159420289855073 0.6123188405797102 0.050724637681159424 0.6268115942028986 0.04710144927536232 0.6594202898550725 0.06159420289855073 0.6884057971014492 0.06159420289855073 0.7101449275362319 0.07246376811594203 0.7246376811594203 0.07246376811594203 0.7282608695652174 0.08333333333333333 0.7391304347826086 0.07246376811594203 0.7608695652173914 0.07246376811594203 0.7934782608695652 0.08695652173913043 0.8115942028985508 0.08695652173913043 0.8152173913043478 0.10144927536231885 0.8297101449275363 0.10144927536231885 0.8369565217391305 0.09782608695652174 0.8405797101449275 0.09782608695652174 0.8514492753623188 0.09057971014492754 0.8659420289855072 0.09057971014492754 0.8876811594202898 0.09782608695652174 0.8985507246376812 0.09782608695652174 0.9057971014492754 0.09420289855072464 0.9094202898550725 0.08695652173913043 0.9057971014492754 0.03985507246376811 0.9057971014492754 0.036231884057971016 0.9094202898550725 0 0.9094202898550725 0 0.9202898550724637 0.018115942028985508 0.9202898550724637 0.021739130434782608 0.9166666666666666 0.05434782608695652 0.9166666666666666 0.057971014492753624 0.9130434782608695 0.08695652173913043 0.9202898550724637 0.09420289855072464 0.927536231884058 0.09420289855072464 0.9565217391304348 0.08333333333333333 0.967391304347826 0.08333333333333333 0.9746376811594203 0.07608695652173914 0.9818840579710145 0.07608695652173914 0.9891304347826086 0.10869565217391304 0.9891304347826086 0.10869565217391304 0.9746376811594203 0.11594202898550725 0.967391304347826 0.11594202898550725 0.9601449275362319 0.12318840579710146 0.9492753623188406 0.12318840579710146 0.9311594202898551 0.12681159420289856 0.927536231884058 0.12681159420289856 0.9130434782608695 0.13405797101449277 0.9021739130434783 0.13405797101449277 0.8768115942028986 0.13043478260869565 0.8731884057971014 0.13043478260869565 0.8623188405797102 0.12318840579710146 0.855072463768116 0.12318840579710146 0.8478260869565217 0.12681159420289856 0.8442028985507246 0.12681159420289856 0.822463768115942 0.12318840579710146 0.8188405797101449 0.12318840579710146 0.782608695652174 0.11956521739130435 0.7789855072463768 0.11594202898550725 0.7644927536231884 0.12681159420289856 0.75 0.13043478260869565 0.75 0.14130434782608695 0.7391304347826086 0.14855072463768115 0.7391304347826086 0.14855072463768115 0.7246376811594203 0.14492753623188406 0.7210144927536232 0.14855072463768115 0.717391304347826 0.15579710144927536 0.7210144927536232 0.17028985507246377 0.7210144927536232 0.17753623188405798 0.7137681159420289 0.18478260869565216 0.7137681159420289 0.18478260869565216 0.7065217391304348 0.18115942028985507 0.7028985507246377 0.13768115942028986 0.7028985507246377 0.13405797101449277 0.7065217391304348 0.10507246376811594 0.7065217391304348 0.10144927536231885 0.7028985507246377 0.08333333333333333 0.7028985507246377 0.06884057971014493 0.6956521739130435 0.06884057971014493 0.5905797101449275 0.06521739130434782 0.5869565217391305 0.06884057971014493 0.5797101449275363 0.06884057971014493 0.572463768115942 0.06521739130434782 0.5688405797101449 0.06521739130434782 0.5615942028985508 0.06884057971014493 0.5579710144927537 0.06884057971014493 0.5072463768115942 0.07246376811594203 0.5036231884057971 0.09420289855072464 0.5036231884057971 0.09782608695652174 0.5 0.15942028985507245 0.5 0.16304347826086957 0.4927536231884058 0.16304347826086957 0.4746376811594203 0.15579710144927536 0.4673913043478261 0.13768115942028986 0.4601449275362319 0.13043478260869565 0.4528985507246377 0.13043478260869565 0.4492753623188406 0.13768115942028986 0.44565217391304346 0.13768115942028986 0.4384057971014493 0.12318840579710146 0.42391304347826086 0.11956521739130435 0.4166666666666667 0.11956521739130435 0.38405797101449274 0.12318840579710146 0.3804347826086957 0.12318840579710146 0.35144927536231885 0.12681159420289856 0.34782608695652173 0.12681159420289856 0.32971014492753625 0.13043478260869565 0.32608695652173914 0.13043478260869565 0.2971014492753623 0.13405797101449277 0.29347826086956524 0.13405797101449277 0.2463768115942029 0.12318840579710146 0.2318840579710145 0.09420289855072464 0.2246376811594203 0.08695652173913043 0.21739130434782608 0.08695652173913043 0.213768115942029 0.07971014492753623 0.21014492753623187 0.07608695652173914 0.19927536231884058 0.057971014492753624 0.19927536231884058 0.04710144927536232 0.18840579710144928 0.043478260869565216 0.17391304347826086 0.050724637681159424 0.16304347826086957 0.06884057971014493 0.16304347826086957 0.07246376811594203 0.16666666666666666 0.07971014492753623 0.16666666666666666 0.08333333333333333 0.16304347826086957 0.08695652173913043 0.16666666666666666 0.11231884057971014 0.16666666666666666 0.13043478260869565 0.18115942028985507 0.13768115942028986 0.18115942028985507 0.14855072463768115 0.17391304347826086 0.17028985507246377 0.17391304347826086 0.17391304347826086 0.17753623188405798 0.18478260869565216 0.17753623188405798 0.1956521739130435 0.18840579710144928 0.1956521739130435 0.1956521739130435 0.20652173913043478 0.1956521739130435 0.20652173913043478 0.18840579710144928 0.19927536231884058 0.18115942028985507 0.19927536231884058 0.17391304347826086 0.18840579710144928 0.16666666666666666 0.15942028985507245 0.16666666666666666 0.15579710144927536 0.16304347826086957 0.14130434782608695 0.16304347826086957 0.13405797101449277 0.16666666666666666 0.11956521739130435 0.15579710144927536 0.06521739130434782 0.15579710144927536 0.050724637681159424 0.14492753623188406 0.050724637681159424 0.13768115942028986 0.043478260869565216 0.12318840579710146 0.043478260869565216 0.10507246376811594 0.04710144927536232 0.10144927536231885 0.050724637681159424 0.10507246376811594 0.06159420289855073 0.10507246376811594 0.06884057971014493 0.11231884057971014 0.11594202898550725 0.11231884057971014 0.11956521739130435 0.10869565217391304 0.14130434782608695 0.10869565217391304 0.14855072463768115 0.10507246376811594 0.15217391304347827 0.10869565217391304 0.16304347826086957 0.10869565217391304 0.16666666666666666 0.11231884057971014 0.18478260869565216 0.11231884057971014 0.18840579710144928 0.11594202898550725 0.1956521739130435 0.11594202898550725 0.21014492753623187 0.12318840579710146 0.2246376811594203 0.13768115942028986 0.2318840579710145 0.13768115942028986 0.2318840579710145 0.13043478260869565 0.2028985507246377 0.10507246376811594 0.18840579710144928 0.10507246376811594 0.18478260869565216 0.10144927536231885 0.16304347826086957 0.10144927536231885 0.15942028985507245 0.09782608695652174 0.13043478260869565 0.09782608695652174 0.12681159420289856 0.10144927536231885 0.07246376811594203 0.10144927536231885 0.06884057971014493 0.09782608695652174 0.05434782608695652 0.09420289855072464 0.050724637681159424 0.09057971014492754 0.050724637681159424 0.07971014492753623 0.04710144927536232 0.07608695652173914 0.04710144927536232 0.025362318840579712 0.043478260869565216 0.021739130434782608 0.043478260869565216 0.007246376811594203
2 0.44565217391304346 0.5181159420289855 0.43478260869565216 0.5181159420289855 0.42028985507246375 0.532608695652174 0.42028985507246375 0.5362318840579711 0.4166666666666667 0.5398550724637681 0.4166666666666667 0.5833333333333334 0.41304347826086957 0.5869565217391305 0.41304347826086957 0.5942028985507246 0.40942028985507245 0.5978260869565217 0.40942028985507245 0.6159420289855072 0.41304347826086957 0.6195652173913043 0.41304347826086957 0.6268115942028986 0.4166666666666667 0.6304347826086957 0.4166666666666667 0.6413043478260869 0.42028985507246375 0.644927536231884 0.42028985507246375 0.6485507246376812 0.4166666666666667 0.6521739130434783 0.4166666666666667 0.6557971014492754 0.40942028985507245 0.6630434782608695 0.40942028985507245 0.6847826086956522 0.4057971014492754 0.6884057971014492 0.4057971014492754 0.6956521739130435 0.4311594202898551 0.6956521739130435 0.4384057971014493 0.6884057971014492 0.4384057971014493 0.6630434782608695 0.4420289855072464 0.6594202898550725 0.4420289855072464 0.644927536231884 0.4384057971014493 0.6413043478260869 0.4384057971014493 0.6376811594202898 0.43478260869565216 0.6340579710144928 0.43478260869565216 0.6086956521739131 0.4384057971014493 0.605072463768116 0.4384057971014493 0.5833333333333334 0.43478260869565216 0.5797101449275363 0.43478260869565216 0.572463768115942 0.4384057971014493 0.5688405797101449 0.4384057971014493 0.5507246376811594 0.4420289855072464 0.5471014492753623 0.4420289855072464 0.532608695652174 0.44565217391304346 0.5289855072463768
2 0.32608695652173914 0.7028985507246377 0.30434782608695654 0.7028985507246377 0.3007246376811594 0.7065217391304348 0.2971014492753623 0.7028985507246377 0.2753623188405797 0.7028985507246377 0.2717391304347826 0.7065217391304348 0.2644927536231884 0.7065217391304348 0.2608695652173913 0.7101449275362319 0.2463768115942029 0.7101449275362319 0.2427536231884058 0.7137681159420289 0.22826086956521738 0.7137681159420289 0.2246376811594203 0.7101449275362319 0.213768115942029 0.7101449275362319 0.213768115942029 0.7210144927536232 0.2210144927536232 0.7210144927536232 0.2246376811594203 0.7246376811594203 0.2427536231884058 0.7246376811594203 0.2463768115942029 0.7282608695652174 0.2608695652173913 0.7282608695652174 0.2644927536231884 0.7246376811594203 0.2717391304347826 0.7246376811594203 0.2753623188405797 0.7282608695652174 0.29347826086956524 0.7282608695652174 0.3007246376811594 0.7210144927536232 0.3115942028985507 0.7210144927536232 0.31521739130434784 0.717391304347826 0.3188405797101449 0.717391304347826 0.322463768115942 0.7137681159420289 0.32608695652173914 0.7137681159420289
2 0.9384057971014492 0.7391304347826086 0.9384057971014492 0.7463768115942029 0.9347826086956522 0.75 0.9347826086956522 0.7608695652173914 0.9492753623188406 0.7608695652173914 0.9492753623188406 0.7427536231884058 0.9456521739130435 0.7391304347826086
2 0.3695652173913043 0.7065217391304348 0.3695652173913043 0.7137681159420289 0.37681159420289856 0.7137681159420289 0.3804347826086957 0.7101449275362319 0.38768115942028986 0.7101449275362319 0.38768115942028986 0.7028985507246377 0.37318840579710144 0.7028985507246377