0 0.003215434083601286 0.6077170418006431 0.003215434083601286 0.7877813504823151 0.05787781350482315 0.7877813504823151 0.06109324758842444 0.7909967845659164 0.10289389067524116 0.7909967845659164 0.10610932475884244 0.7877813504823151 0.18006430868167203 0.7877813504823151 0.1832797427652733 0.7909967845659164 0.21221864951768488 0.7909967845659164 0.21543408360128619 0.7877813504823151 0.21864951768488747 0.7877813504823151 0.2057877813504823 0.7877813504823151 0.20257234726688103 0.7845659163987139 0.19292604501607716 0.7845659163987139 0.18971061093247588 0.7813504823151125 0.18006430868167203 0.7813504823151125 0.17684887459807075 0.7781350482315113 0.17363344051446947 0.7813504823151125 0.14469453376205788 0.7813504823151125 0.1414790996784566 0.7781350482315113 0.10610932475884244 0.7781350482315113 0.10289389067524116 0.77491961414791 0.10289389067524116 0.7684887459807074 0.10610932475884244 0.7652733118971061 0.1157556270096463 0.7652733118971061 0.1189710610932476 0.7620578778135049 0.13183279742765272 0.7620578778135049 0.13504823151125403 0.7652733118971061 0.17041800643086816 0.7652733118971061 0.17363344051446947 0.7684887459807074 0.17684887459807075 0.7652733118971061 0.18006430868167203 0.7652733118971061 0.1832797427652733 0.7684887459807074 0.19935691318327975 0.7684887459807074 0.20257234726688103 0.7717041800643086 0.21221864951768488 0.7717041800643086 0.22186495176848875 0.7781350482315113 0.24115755627009647 0.7781350482315113 0.24437299035369775 0.7813504823151125 0.24758842443729903 0.7813504823151125 0.2540192926045016 0.7877813504823151 0.2540192926045016 0.7909967845659164 0.29260450160771706 0.7909967845659164 0.2958199356913183 0.7877813504823151 0.31189710610932475 0.7877813504823151 0.31511254019292606 0.7909967845659164 0.6077170418006431 0.7909967845659164 0.6077170418006431 0.7620578778135049 0.6109324758842444 0.7588424437299035 0.6109324758842444 0.6366559485530546 0.6077170418006431 0.6334405144694534 0.6077170418006431 0.6012861736334405 0.5884244372990354 0.6012861736334405 0.5852090032154341 0.5980707395498392 0.5691318327974276 0.5980707395498392 0.5659163987138264 0.6012861736334405 0.47266881028938906 0.6012861736334405 0.4694533762057878 0.5980707395498392 0.45016077170418006 0.5980707395498392 0.44694533762057875 0.6012861736334405 0.4437299035369775 0.5980707395498392 0.39228295819935693 0.5980707395498392 0.3890675241157556 0.6012861736334405 0.33762057877813506 0.6012861736334405 0.33440514469453375 0.5980707395498392 0.3247588424437299 0.5980707395498392 0.3215434083601286 0.6012861736334405 0.3183279742765273 0.5980707395498392 0.2540192926045016 0.5980707395498392 0.2508038585209003 0.6012861736334405 0.24758842443729903 0.5980707395498392 0.24437299035369775 0.5980707395498392 0.24115755627009647 0.6012861736334405 0.2379421221864952 0.6012861736334405 0.2347266881028939 0.5980707395498392 0.2282958199356913 0.5980707395498392 0.22508038585209003 0.6012861736334405 0.21221864951768488 0.6012861736334405 0.2090032154340836 0.5980707395498392 0.2057877813504823 0.5980707395498392 0.20257234726688103 0.6012861736334405 0.17684887459807075 0.6012861736334405 0.17363344051446947 0.5980707395498392 0.08038585209003216 0.5980707395498392 0.07717041800643087 0.6012861736334405 0.07395498392282958 0.5980707395498392 0.06430868167202572 0.5980707395498392 0.06109324758842444 0.6012861736334405 0.05787781350482315 0.5980707395498392 0.05466237942122187 0.5980707395498392 0.05144694533762058 0.6012861736334405 0.03536977491961415 0.6012861736334405 0.03215434083601286 0.5980707395498392 0.01929260450160772 0.5980707395498392 0.01607717041800643 0.6012861736334405 0.012861736334405145 0.6012861736334405 0.006430868167202572 0.6077170418006431
0 0.3633440514469453 0.36012861736334406 0.3633440514469453 0.45016077170418006 0.36012861736334406 0.4533762057877814 0.36012861736334406 0.4694533762057878 0.3633440514469453 0.47266881028938906 0.3633440514469453 0.5369774919614148 0.43729903536977494 0.5369774919614148 0.4405144694533762 0.5401929260450161 0.45980707395498394 0.5401929260450161 0.4630225080385852 0.5369774919614148 0.5369774919614148 0.5369774919614148 0.5401929260450161 0.5401929260450161 0.6334405144694534 0.5401929260450161 0.6366559485530546 0.5369774919614148 0.7009646302250804 0.5369774919614148 0.7041800643086816 0.5401929260450161 0.9485530546623794 0.5401929260450161 0.9517684887459807 0.5369774919614148 0.9678456591639871 0.5369774919614148 0.9678456591639871 0.42765273311897106 0.9614147909967846 0.42765273311897106 0.9614147909967846 0.43086816720257237 0.9581993569131833 0.4340836012861736 0.9485530546623794 0.4340836012861736 0.9453376205787781 0.43086816720257237 0.9453376205787781 0.42443729903536975 0.9485530546623794 0.4212218649517685 0.954983922829582 0.4212218649517685 0.954983922829582 0.4115755627009646 0.9581993569131833 0.40836012861736337 0.9646302250803859 0.40836012861736337 0.9646302250803859 0.3987138263665595 0.9678456591639871 0.3954983922829582 0.9678456591639871 0.3633440514469453 0.9614147909967846 0.35691318327974275 0.909967845659164 0.35691318327974275 0.9067524115755627 0.3536977491961415 0.8102893890675241 0.3536977491961415 0.8070739549839229 0.35691318327974275 0.8038585209003215 0.3536977491961415 0.797427652733119 0.3536977491961415 0.7942122186495176 0.35691318327974275 0.7781350482315113 0.35691318327974275 0.77491961414791 0.3536977491961415 0.7620578778135049 0.3536977491961415 0.7588424437299035 0.35691318327974275 0.7556270096463023 0.3536977491961415 0.36977491961414793 0.3536977491961415
0 0.012861736334405145 0.1189710610932476 0.012861736334405145 0.15755627009646303 0.00964630225080386 0.1607717041800643 0.00964630225080386 0.16720257234726688 0.012861736334405145 0.17041800643086816 0.012861736334405145 0.2829581993569132 0.00964630225080386 0.2861736334405145 0.012861736334405145 0.28938906752411575 0.00964630225080386 0.29260450160771706 0.00964630225080386 0.2958199356913183 0.012861736334405145 0.2990353697749196 0.04180064308681672 0.2990353697749196 0.04501607717041801 0.2958199356913183 0.07395498392282958 0.2958199356913183 0.07717041800643087 0.2990353697749196 0.15112540192926044 0.2990353697749196 0.15112540192926044 0.2958199356913183 0.15434083601286175 0.29260450160771706 0.15434083601286175 0.2797427652733119 0.15755627009646303 0.2765273311897106 0.15755627009646303 0.27009646302250806 0.1607717041800643 0.26688102893890675 0.1607717041800643 0.2604501607717042 0.16720257234726688 0.2508038585209003 0.16720257234726688 0.2379421221864952 0.1639871382636656 0.2347266881028939 0.1639871382636656 0.2315112540192926 0.1607717041800643 0.2282958199356913 0.1607717041800643 0.22508038585209003 0.15434083601286175 0.21543408360128619 0.15434083601286175 0.2090032154340836 0.15112540192926044 0.2057877813504823 0.15112540192926044 0.19935691318327975 0.14469453376205788 0.19292604501607716 0.14469453376205788 0.1864951768488746 0.1382636655948553 0.18006430868167203 0.1382636655948553 0.17684887459807075 0.13183279742765272 0.17041800643086816 0.12861736334405144 0.17041800643086816 0.12540192926045016 0.16720257234726688 0.12540192926045016 0.1639871382636656 0.1189710610932476 0.15755627009646303 0.1189710610932476 0.14790996784565916 0.12218649517684887 0.14469453376205788 0.12218649517684887 0.1414790996784566 0.12861736334405144 0.13504823151125403 0.13504823151125403 0.13504823151125403 0.1414790996784566 0.1414790996784566 0.1414790996784566 0.15755627009646303 0.15112540192926044 0.16720257234726688 0.15112540192926044 0.17363344051446947 0.15755627009646303 0.18006430868167203 0.15755627009646303 0.1832797427652733 0.1639871382636656 0.19292604501607716 0.1639871382636656 0.19935691318327975 0.16720257234726688 0.20257234726688103 0.16720257234726688 0.2090032154340836 0.17041800643086816 0.21221864951768488 0.17363344051446947 0.22186495176848875 0.18006430868167203 0.2282958199356913 0.1832797427652733 0.2379421221864952 0.1864951768488746 0.2347266881028939 0.1864951768488746 0.2282958199356913 0.18971061093247588 0.22508038585209003 0.18971061093247588 0.21864951768488747 0.19292604501607716 0.21543408360128619 0.19292604501607716 0.2090032154340836 0.19935691318327975 0.20257234726688103 0.19935691318327975 0.19935691318327975 0.2090032154340836 0.18971061093247588 0.2090032154340836 0.18006430868167203 0.21221864951768488 0.17684887459807075 0.21221864951768488 0.1639871382636656 0.21543408360128619 0.1607717041800643 0.22186495176848875 0.1607717041800643 0.2347266881028939 0.18006430868167203 0.2347266881028939 0.1864951768488746 0.2282958199356913 0.19292604501607716 0.22508038585209003 0.19292604501607716 0.22186495176848875 0.20257234726688103 0.21864951768488747 0.2057877813504823 0.2090032154340836 0.2090032154340836 0.2090032154340836 0.21864951768488747 0.20257234726688103 0.22508038585209003 0.20257234726688103 0.2347266881028939 0.19935691318327975 0.2379421221864952 0.19935691318327975 0.24437299035369775 0.19292604501607716 0.2508038585209003 0.18971061093247588 0.2508038585209003 0.1864951768488746 0.2604501607717042 0.17684887459807075 0.27009646302250806 0.17684887459807075 0.2733118971061093 0.1832797427652733 0.2797427652733119 0.1832797427652733 0.29260450160771706 0.18006430868167203 0.2958199356913183 0.24437299035369775 0.2958199356913183 0.24758842443729903 0.2990353697749196 0.3247588424437299 0.2990353697749196 0.3279742765273312 0.2958199356913183 0.3890675241157556 0.2958199356913183 0.39228295819935693 0.2990353697749196 0.42443729903536975 0.2990353697749196 0.42765273311897106 0.2958199356913183 0.48231511254019294 0.2958199356913183 0.4855305466237942 0.2990353697749196 0.5241157556270096 0.2990353697749196 0.5273311897106109 0.2958199356913183 0.6205787781350482 0.2958199356913183 0.6205787781350482 0.12218649517684887 0.617363344051447 0.1189710610932476 0.5369774919614148 0.1189710610932476 0.5337620578778135 0.1157556270096463 0.5273311897106109 0.1157556270096463 0.5241157556270096 0.1189710610932476 0.31189710610932475 0.1189710610932476 0.3086816720257235 0.1157556270096463 0.29260450160771706 0.1157556270096463 0.28938906752411575 0.1189710610932476 0.2347266881028939 0.1189710610932476 0.2315112540192926 0.1157556270096463 0.21864951768488747 0.1157556270096463 0.21543408360128619 0.1189710610932476
0 0.9581993569131833 0.8488745980707395 0.954983922829582 0.8456591639871383 0.954983922829582 0.8392282958199357 0.9517684887459807 0.8360128617363344 0.9517684887459807 0.8327974276527331 0.9485530546623794 0.8295819935691319 0.8842443729903537 0.8295819935691319 0.8810289389067524 0.8327974276527331 0.8681672025723473 0.8327974276527331 0.864951768488746 0.8295819935691319 0.8488745980707395 0.8295819935691319 0.8456591639871383 0.8327974276527331 0.842443729903537 0.8295819935691319 0.8360128617363344 0.8295819935691319 0.8327974276527331 0.8327974276527331 0.8295819935691319 0.8295819935691319 0.8070739549839229 0.8295819935691319 0.8038585209003215 0.8327974276527331 0.8006430868167203 0.8295819935691319 0.7845659163987139 0.8295819935691319 0.7813504823151125 0.8327974276527331 0.7491961414790996 0.8327974276527331 0.7459807073954984 0.8295819935691319 0.729903536977492 0.8295819935691319 0.7266881028938906 0.8327974276527331 0.7170418006430869 0.8327974276527331 0.7138263665594855 0.8295819935691319 0.7106109324758842 0.8295819935691319 0.707395498392283 0.8327974276527331 0.36977491961414793 0.8327974276527331 0.3665594855305466 0.8360128617363344 0.35691318327974275 0.8360128617363344 0.35691318327974275 0.8392282958199357 0.3536977491961415 0.842443729903537 0.3536977491961415 0.8553054662379421 0.3504823151125402 0.8585209003215434 0.3504823151125402 0.8617363344051447 0.3536977491961415 0.864951768488746 0.3536977491961415 0.8713826366559485 0.3504823151125402 0.8745980707395499 0.3504823151125402 0.8778135048231511 0.3536977491961415 0.8810289389067524 0.3536977491961415 0.9967845659163987 0.9581993569131833 0.9967845659163987 0.9614147909967846 0.9935691318327974 0.9581993569131833 0.9903536977491961 0.9581993569131833 0.9646302250803859 0.954983922829582 0.9614147909967846 0.954983922829582 0.9453376205787781 0.9581993569131833 0.9421221864951769 0.9581993569131833 0.8778135048231511 0.954983922829582 0.8745980707395499 0.954983922829582 0.8520900321543409
0 0 0.35691318327974275 0 0.5401929260450161 0.1607717041800643 0.5401929260450161 0.1639871382636656 0.5434083601286174 0.17363344051446947 0.5434083601286174 0.17684887459807075 0.5401929260450161 0.19292604501607716 0.5401929260450161 0.19614147909967847 0.5434083601286174 0.2958199356913183 0.5434083601286174 0.3054662379421222 0.5337620578778135 0.3054662379421222 0.3762057877813505 0.3086816720257235 0.3729903536977492 0.3086816720257235 0.36012861736334406 0.3054662379421222 0.35691318327974275 0.3022508038585209 0.35691318327974275 0.2990353697749196 0.36012861736334406 0.27009646302250806 0.36012861736334406 0.26688102893890675 0.35691318327974275
0 0 0.8360128617363344 0 0.9967845659163987 0.2990353697749196 0.9967845659163987 0.2990353697749196 0.8360128617363344
0 0.3665594855305466 0 0.3665594855305466 0.05144694533762058 0.36977491961414793 0.05144694533762058 0.3729903536977492 0.05466237942122187 0.662379421221865 0.05466237942122187 0.6655948553054662 0.05787781350482315 0.9292604501607717 0.05787781350482315 0.932475884244373 0.06109324758842444 0.9421221864951769 0.06109324758842444 0.9453376205787781 0.05787781350482315 0.9646302250803859 0.05787781350482315 0.9678456591639871 0.05466237942122187 0.9710610932475884 0.05466237942122187 0.9710610932475884 0
0 0 0 0 0.06752411575562701 0.03215434083601286 0.06752411575562701 0.03536977491961415 0.06430868167202572 0.17684887459807075 0.06430868167202572 0.18006430868167203 0.06752411575562701 0.1832797427652733 0.06752411575562701 0.1864951768488746 0.06430868167202572 0.3054662379421222 0.06430868167202572 0.3054662379421222 0.00964630225080386 0.3086816720257235 0.006430868167202572 0.3086816720257235 0.003215434083601286 0.3054662379421222 0
1 0.6688102893890675 0.6077170418006431 0.6688102893890675 0.7813504823151125 0.6720257234726688 0.7845659163987139 0.8231511254019293 0.7845659163987139 0.8263665594855305 0.7877813504823151 0.842443729903537 0.7877813504823151 0.8456591639871383 0.7845659163987139 0.9035369774919614 0.7845659163987139 0.9067524115755627 0.7877813504823151 0.9163987138263665 0.7877813504823151 0.9163987138263665 0.7845659163987139 0.9131832797427653 0.7813504823151125 0.9131832797427653 0.7652733118971061 0.9163987138263665 0.7620578778135049 0.9163987138263665 0.7556270096463023 0.9196141479099679 0.752411575562701 0.9196141479099679 0.7427652733118971 0.9163987138263665 0.7395498392282959 0.9163987138263665 0.7138263665594855 0.9196141479099679 0.7106109324758842 0.9196141479099679 0.6752411575562701 0.9228295819935691 0.6720257234726688 0.9228295819935691 0.6688102893890675 0.9260450160771704 0.6655948553054662 0.9260450160771704 0.6559485530546624 0.9292604501607717 0.6527331189710611 0.9292604501607717 0.5980707395498392 0.9260450160771704 0.594855305466238 0.9260450160771704 0.5884244372990354 0.6945337620578779 0.5884244372990354 0.6913183279742765 0.5916398713826366 0.6881028938906752 0.5916398713826366 0.684887459807074 0.594855305466238 0.6816720257234726 0.594855305466238
1 0.6784565916398714 0.13504823151125403 0.6784565916398714 0.2572347266881029 0.6816720257234726 0.2604501607717042 0.6816720257234726 0.3022508038585209 0.909967845659164 0.3022508038585209 0.909967845659164 0.2958199356913183 0.9131832797427653 0.29260450160771706 0.9163987138263665 0.29260450160771706 0.9196141479099679 0.28938906752411575 0.9196141479099679 0.2604501607717042 0.9228295819935691 0.2572347266881029 0.9228295819935691 0.2508038585209003 0.9260450160771704 0.24758842443729903 0.9260450160771704 0.24437299035369775 0.9228295819935691 0.24115755627009647 0.9228295819935691 0.2315112540192926 0.9196141479099679 0.2282958199356913 0.9196141479099679 0.19292604501607716 0.9163987138263665 0.18971061093247588 0.9163987138263665 0.17041800643086816 0.9196141479099679 0.16720257234726688 0.9196141479099679 0.14790996784565916 0.9228295819935691 0.14469453376205788 0.9228295819935691 0.1382636655948553 0.9196141479099679 0.13504823151125403 0.9196141479099679 0.13183279742765272 0.9067524115755627 0.1189710610932476 0.9067524115755627 0.1157556270096463 0.7138263665594855 0.1157556270096463 0.707395498392283 0.12218649517684887 0.7009646302250804 0.12218649517684887 0.6977491961414791 0.12540192926045016 0.6881028938906752 0.12540192926045016
1 0.9967845659163987 0.10289389067524116 0.9678456591639871 0.10289389067524116 0.9646302250803859 0.10610932475884244 0.9453376205787781 0.10610932475884244 0.9453376205787781 0.10932475884244373 0.9485530546623794 0.10932475884244373 0.9517684887459807 0.11254019292604502 0.9517684887459807 0.1157556270096463 0.954983922829582 0.1189710610932476 0.954983922829582 0.14790996784565916 0.9517684887459807 0.15112540192926044 0.9517684887459807 0.17363344051446947 0.954983922829582 0.17684887459807075 0.954983922829582 0.2090032154340836 0.9581993569131833 0.21221864951768488 0.9581993569131833 0.21864951768488747 0.9614147909967846 0.22186495176848875 0.9614147909967846 0.24115755627009647 0.9581993569131833 0.24437299035369775 0.9581993569131833 0.2540192926045016 0.954983922829582 0.2572347266881029 0.954983922829582 0.2829581993569132 0.9517684887459807 0.2861736334405145 0.9517684887459807 0.28938906752411575 0.9485530546623794 0.29260450160771706 0.9646302250803859 0.29260450160771706 0.9678456591639871 0.28938906752411575 0.9967845659163987 0.28938906752411575
1 0.9967845659163987 0.5787781350482315 0.9678456591639871 0.5787781350482315 0.9678456591639871 0.5819935691318328 0.9614147909967846 0.5884244372990354 0.9581993569131833 0.5884244372990354 0.9581993569131833 0.5916398713826366 0.9614147909967846 0.594855305466238 0.9614147909967846 0.6012861736334405 0.9646302250803859 0.6045016077170418 0.9646302250803859 0.6302250803858521 0.9614147909967846 0.6334405144694534 0.9614147909967846 0.6463022508038585 0.9581993569131833 0.6495176848874598 0.9581993569131833 0.6527331189710611 0.954983922829582 0.6559485530546624 0.954983922829582 0.662379421221865 0.9517684887459807 0.6655948553054662 0.9517684887459807 0.6752411575562701 0.9581993569131833 0.6816720257234726 0.9581993569131833 0.684887459807074 0.9614147909967846 0.6881028938906752 0.9614147909967846 0.7041800643086816 0.9517684887459807 0.7138263665594855 0.9517684887459807 0.7427652733118971 0.9485530546623794 0.7459807073954984 0.9517684887459807 0.7491961414790996 0.9517684887459807 0.77491961414791 0.9614147909967846 0.77491961414791 0.9646302250803859 0.7781350482315113 0.9710610932475884 0.7781350482315113 0.9742765273311897 0.77491961414791 0.9967845659163987 0.77491961414791
2 0.9807073954983923 0.006430868167202572 0.9742765273311897 0.006430868167202572 0.9742765273311897 0.05466237942122187 0.9710610932475884 0.05787781350482315 0.9678456591639871 0.05787781350482315 0.9614147909967846 0.06430868167202572 0.9581993569131833 0.06430868167202572 0.954983922829582 0.06752411575562701 0.9517684887459807 0.06752411575562701 0.9485530546623794 0.0707395498392283 0.9389067524115756 0.07395498392282958 0.9292604501607717 0.08360128617363344 0.9292604501607717 0.08681672025723473 0.9131832797427653 0.10289389067524116 0.9131832797427653 0.10610932475884244 0.909967845659164 0.10932475884244373 0.909967845659164 0.1189710610932476 0.9228295819935691 0.13183279742765272 0.9228295819935691 0.13504823151125403 0.9260450160771704 0.1382636655948553 0.9260450160771704 0.14469453376205788 0.9228295819935691 0.14790996784565916 0.9228295819935691 0.16720257234726688 0.9196141479099679 0.17041800643086816 0.9196141479099679 0.18971061093247588 0.9228295819935691 0.19292604501607716 0.9228295819935691 0.2282958199356913 0.9260450160771704 0.2315112540192926 0.9260450160771704 0.24115755627009647 0.9292604501607717 0.24437299035369775 0.9292604501607717 0.24758842443729903 0.9260450160771704 0.2508038585209003 0.9260450160771704 0.2572347266881029 0.9228295819935691 0.2604501607717042 0.9228295819935691 0.28938906752411575 0.9163987138263665 0.2958199356913183 0.9131832797427653 0.2958199356913183 0.9131832797427653 0.3086816720257235 0.909967845659164 0.31189710610932475 0.909967845659164 0.3247588424437299 0.9131832797427653 0.3279742765273312 0.9131832797427653 0.3408360128617363 0.909967845659164 0.3440514469453376 0.909967845659164 0.3536977491961415 0.9614147909967846 0.3536977491961415 0.9710610932475884 0.3633440514469453 0.9710610932475884 0.3954983922829582 0.9678456591639871 0.3987138263665595 0.9678456591639871 0.40836012861736337 0.9646302250803859 0.4115755627009646 0.9581993569131833 0.4115755627009646 0.9581993569131833 0.4212218649517685 0.954983922829582 0.42443729903536975 0.9485530546623794 0.42443729903536975 0.9485530546623794 0.43086816720257237 0.9581993569131833 0.43086816720257237 0.9581993569131833 0.42765273311897106 0.9614147909967846 0.42443729903536975 0.9678456591639871 0.42443729903536975 0.9710610932475884 0.42765273311897106 0.9710610932475884 0.5369774919614148 0.9678456591639871 0.5401929260450161 0.9517684887459807 0.5401929260450161 0.9517684887459807 0.5627009646302251 0.9389067524115756 0.5755627009646302 0.9356913183279743 0.5755627009646302 0.9356913183279743 0.5787781350482315 0.9292604501607717 0.5884244372990354 0.9292604501607717 0.594855305466238 0.932475884244373 0.5980707395498392 0.932475884244373 0.6527331189710611 0.9292604501607717 0.6559485530546624 0.9292604501607717 0.6655948553054662 0.9228295819935691 0.6752411575562701 0.9228295819935691 0.7106109324758842 0.9196141479099679 0.7138263665594855 0.9196141479099679 0.7395498392282959 0.9228295819935691 0.7427652733118971 0.9228295819935691 0.752411575562701 0.9196141479099679 0.7556270096463023 0.9196141479099679 0.7620578778135049 0.9163987138263665 0.7652733118971061 0.9163987138263665 0.7813504823151125 0.9196141479099679 0.7845659163987139 0.9196141479099679 0.8038585209003215 0.9356913183279743 0.819935691318328 0.9356913183279743 0.8231511254019293 0.9389067524115756 0.8263665594855305 0.9485530546623794 0.8263665594855305 0.954983922829582 0.8327974276527331 0.954983922829582 0.8360128617363344 0.9581993569131833 0.8392282958199357 0.9581993569131833 0.8456591639871383 0.9614147909967846 0.8488745980707395 0.9581993569131833 0.8520900321543409 0.9581993569131833 0.8745980707395499 0.9614147909967846 0.8778135048231511 0.9614147909967846 0.9421221864951769 0.9581993569131833 0.9453376205787781 0.9581993569131833 0.9614147909967846 0.9614147909967846 0.9646302250803859 0.9614147909967846 0.9903536977491961 0.9678456591639871 0.9903536977491961 0.9678456591639871 0.9614147909967846 0.9646302250803859 0.9581993569131833 0.9646302250803859 0.9485530546623794 0.9742765273311897 0.932475884244373 0.9742765273311897 0.9003215434083601 0.9678456591639871 0.8906752411575563 0.9678456591639871 0.8778135048231511 0.9646302250803859 0.8745980707395499 0.9678456591639871 0.8713826366559485 0.9678456591639871 0.8360128617363344 0.9646302250803859 0.8327974276527331 0.9646302250803859 0.8038585209003215 0.9581993569131833 0.797427652733119 0.9581993569131833 0.7909967845659164 0.9485530546623794 0.7813504823151125 0.9485530546623794 0.7491961414790996 0.9453376205787781 0.7459807073954984 0.9485530546623794 0.7427652733118971 0.9485530546623794 0.7138263665594855 0.9581993569131833 0.7041800643086816 0.9581993569131833 0.6881028938906752 0.954983922829582 0.684887459807074 0.954983922829582 0.6816720257234726 0.9485530546623794 0.6752411575562701 0.9485530546623794 0.6655948553054662 0.9517684887459807 0.662379421221865 0.9517684887459807 0.6559485530546624 0.9581993569131833 0.6463022508038585 0.9581993569131833 0.6334405144694534 0.9614147909967846 0.6302250803858521 0.9614147909967846 0.6045016077170418 0.9581993569131833 0.6012861736334405 0.9581993569131833 0.594855305466238 0.954983922829582 0.5916398713826366 0.954983922829582 0.5884244372990354 0.9646302250803859 0.5819935691318328 0.9646302250803859 0.5787781350482315 0.9710610932475884 0.572347266881029 0.9710610932475884 0.5691318327974276 0.9742765273311897 0.5659163987138264 0.9742765273311897 0.5434083601286174 0.977491961414791 0.5401929260450161 0.977491961414791 0.5337620578778135 0.9807073954983923 0.5305466237942122 0.9807073954983923 0.5241157556270096 0.9839228295819936 0.5209003215434084 0.9839228295819936 0.5144694533762058 0.9871382636655949 0.5112540192926045 0.9871382636655949 0.4983922829581994 0.9839228295819936 0.49517684887459806 0.9839228295819936 0.4919614147909968 0.977491961414791 0.4855305466237942 0.977491961414791 0.4790996784565916 0.9807073954983923 0.4758842443729904 0.9807073954983923 0.41479099678456594 0.977491961414791 0.4115755627009646 0.9807073954983923 0.40836012861736337 0.9807073954983923 0.3858520900321543 0.977491961414791 0.38263665594855306 0.9807073954983923 0.37942122186495175 0.9807073954983923 0.3729903536977492 0.9903536977491961 0.3633440514469453 0.9903536977491961 0.3408360128617363 0.9871382636655949 0.33762057877813506 0.9839228295819936 0.33762057877813506 0.977491961414791 0.3311897106109325 0.9678456591639871 0.3311897106109325 0.9614147909967846 0.3247588424437299 0.9517684887459807 0.3247588424437299 0.9421221864951769 0.31511254019292606 0.9421221864951769 0.3086816720257235 0.9453376205787781 0.3054662379421222 0.9453376205787781 0.29260450160771706 0.9517684887459807 0.2829581993569132 0.9517684887459807 0.2572347266881029 0.954983922829582 0.2540192926045016 0.954983922829582 0.24437299035369775 0.9581993569131833 0.24115755627009647 0.9581993569131833 0.22186495176848875 0.954983922829582 0.21864951768488747 0.954983922829582 0.21221864951768488 0.9517684887459807 0.2090032154340836 0.9517684887459807 0.17684887459807075 0.9485530546623794 0.17363344051446947 0.9485530546623794 0.15112540192926044 0.9517684887459807 0.14790996784565916 0.9517684887459807 0.1189710610932476 0.9485530546623794 0.1157556270096463 0.9485530546623794 0.11254019292604502 0.9453376205787781 0.11254019292604502 0.9421221864951769 0.10932475884244373 0.9421221864951769 0.10610932475884244 0.9581993569131833 0.09003215434083602 0.9581993569131833 0.08681672025723473 0.9614147909967846 0.08360128617363344 0.9678456591639871 0.08360128617363344 0.9710610932475884 0.08038585209003216 0.9807073954983923 0.07717041800643087 0.9903536977491961 0.06752411575562701 0.9903536977491961 0.06109324758842444 0.9935691318327974 0.05787781350482315 0.9935691318327974 0.05144694533762058 0.9967845659163987 0.04823151125401929 0.9967845659163987 0.03215434083601286 0.9935691318327974 0.028938906752411574 0.9935691318327974 0.022508038585209004 0.9807073954983923 0.00964630225080386
2 0.12861736334405144 0.1382636655948553 0.12540192926045016 0.1414790996784566 0.12540192926045016 0.14469453376205788 0.12218649517684887 0.14790996784565916 0.12218649517684887 0.15755627009646303 0.12861736334405144 0.1639871382636656 0.12861736334405144 0.16720257234726688 0.13183279742765272 0.16720257234726688 0.1414790996784566 0.17684887459807075 0.1414790996784566 0.18006430868167203 0.14790996784565916 0.1864951768488746 0.14790996784565916 0.19292604501607716 0.15434083601286175 0.19935691318327975 0.15434083601286175 0.2057877813504823 0.15755627009646303 0.2090032154340836 0.15755627009646303 0.21543408360128619 0.1607717041800643 0.21864951768488747 0.1607717041800643 0.22186495176848875 0.1639871382636656 0.22508038585209003 0.1639871382636656 0.2282958199356913 0.16720257234726688 0.2315112540192926 0.16720257234726688 0.2347266881028939 0.17041800643086816 0.2379421221864952 0.17041800643086816 0.2508038585209003 0.16720257234726688 0.2540192926045016 0.16720257234726688 0.2572347266881029 0.1639871382636656 0.2604501607717042 0.1639871382636656 0.26688102893890675 0.1607717041800643 0.27009646302250806 0.1607717041800643 0.2765273311897106 0.15755627009646303 0.2797427652733119 0.15755627009646303 0.29260450160771706 0.15434083601286175 0.2958199356913183 0.15434083601286175 0.3022508038585209 0.16720257234726688 0.3022508038585209 0.17041800643086816 0.2990353697749196 0.17363344051446947 0.2990353697749196 0.18006430868167203 0.29260450160771706 0.18006430868167203 0.2797427652733119 0.17363344051446947 0.2733118971061093 0.17363344051446947 0.27009646302250806 0.1832797427652733 0.2604501607717042 0.1832797427652733 0.2572347266881029 0.1864951768488746 0.2540192926045016 0.1864951768488746 0.2508038585209003 0.18971061093247588 0.24758842443729903 0.19292604501607716 0.24758842443729903 0.19614147909967847 0.24437299035369775 0.19614147909967847 0.2379421221864952 0.19935691318327975 0.2347266881028939 0.19935691318327975 0.22508038585209003 0.2057877813504823 0.21864951768488747 0.2057877813504823 0.2090032154340836 0.2090032154340836 0.2057877813504823 0.21221864951768488 0.2057877813504823 0.21543408360128619 0.20257234726688103 0.21864951768488747 0.20257234726688103 0.21864951768488747 0.19935691318327975 0.22186495176848875 0.19614147909967847 0.22186495176848875 0.19292604501607716 0.22508038585209003 0.18971061093247588 0.2282958199356913 0.18971061093247588 0.2315112540192926 0.1864951768488746 0.2315112540192926 0.18006430868167203 0.2282958199356913 0.17684887459807075 0.2282958199356913 0.17363344051446947 0.22186495176848875 0.16720257234726688 0.22186495176848875 0.1639871382636656 0.21543408360128619 0.1639871382636656 0.21543408360128619 0.17684887459807075 0.21221864951768488 0.18006430868167203 0.21221864951768488 0.18971061093247588 0.20257234726688103 0.19935691318327975 0.20257234726688103 0.20257234726688103 0.19614147909967847 0.2090032154340836 0.19614147909967847 0.21543408360128619 0.19292604501607716 0.21864951768488747 0.19292604501607716 0.22508038585209003 0.18971061093247588 0.2282958199356913 0.18971061093247588 0.2347266881028939 0.1832797427652733 0.24115755627009647 0.18006430868167203 0.2379421221864952 0.18006430868167203 0.2347266881028939 0.17684887459807075 0.2315112540192926 0.17684887459807075 0.2282958199356913 0.17041800643086816 0.22186495176848875 0.17041800643086816 0.21864951768488747 0.16720257234726688 0.21543408360128619 0.16720257234726688 0.21221864951768488 0.1639871382636656 0.2090032154340836 0.1639871382636656 0.20257234726688103 0.1607717041800643 0.19935691318327975 0.1607717041800643 0.19292604501607716 0.15755627009646303 0.18971061093247588 0.15755627009646303 0.1864951768488746 0.15434083601286175 0.1832797427652733 0.15434083601286175 0.18006430868167203 0.14790996784565916 0.17363344051446947 0.14790996784565916 0.16720257234726688 0.1382636655948553 0.15755627009646303 0.1382636655948553 0.1414790996784566 0.13504823151125403 0.1382636655948553
2 0.10610932475884244 0.7684887459807074 0.10610932475884244 0.77491961414791 0.1414790996784566 0.77491961414791 0.14469453376205788 0.7781350482315113 0.17363344051446947 0.7781350482315113 0.17684887459807075 0.77491961414791 0.18006430868167203 0.7781350482315113 0.18971061093247588 0.7781350482315113 0.19292604501607716 0.7813504823151125 0.20257234726688103 0.7813504823151125 0.2057877813504823 0.7845659163987139 0.21864951768488747 0.7845659163987139 0.22186495176848875 0.7877813504823151 0.22508038585209003 0.7877813504823151 0.2282958199356913 0.7909967845659164 0.2379421221864952 0.7909967845659164 0.24115755627009647 0.7942122186495176 0.2508038585209003 0.7942122186495176 0.2508038585209003 0.7877813504823151 0.24758842443729903 0.7845659163987139 0.24437299035369775 0.7845659163987139 0.24115755627009647 0.7813504823151125 0.22186495176848875 0.7813504823151125 0.21864951768488747 0.7781350482315113 0.21543408360128619 0.7781350482315113 0.21221864951768488 0.77491961414791 0.20257234726688103 0.77491961414791 0.19935691318327975 0.7717041800643086 0.1832797427652733 0.7717041800643086 0.18006430868167203 0.7684887459807074 0.17684887459807075 0.7684887459807074 0.17363344051446947 0.7717041800643086 0.17041800643086816 0.7684887459807074 0.13504823151125403 0.7684887459807074 0.13183279742765272 0.7652733118971061 0.1189710610932476 0.7652733118971061 0.1157556270096463 0.7684887459807074