0 0.026706231454005934 0.4332344213649852 0.02967359050445104 0.4362017804154303 0.02967359050445104 0.4391691394658754 0.026706231454005934 0.4421364985163205 0.026706231454005934 0.486646884272997 0.02967359050445104 0.4896142433234421 0.02967359050445104 0.49554896142433236 0.026706231454005934 0.49851632047477745 0.026706231454005934 0.5608308605341247 0.026706231454005934 0.5548961424332344 0.02967359050445104 0.5519287833827893 0.03560830860534125 0.5519287833827893 0.03560830860534125 0.5489614243323442 0.03857566765578635 0.5459940652818991 0.04747774480712166 0.5459940652818991 0.050445103857566766 0.5489614243323442 0.050445103857566766 0.5548961424332344 0.04747774480712166 0.5578635014836796 0.03857566765578635 0.5578635014836796 0.03857566765578635 0.5637982195845698 0.03560830860534125 0.5667655786350149 0.03560830860534125 0.5727002967359051 0.032640949554896145 0.5756676557863502 0.02967359050445104 0.5756676557863502 0.02967359050445104 0.5816023738872403 0.026706231454005934 0.5845697329376854 0.026706231454005934 0.6201780415430267 0.03560830860534125 0.6261127596439169 0.09198813056379822 0.6261127596439169 0.09495548961424333 0.629080118694362 0.19287833827893175 0.629080118694362 0.19584569732937684 0.6261127596439169 0.19881305637982197 0.629080118694362 0.21068249258160238 0.629080118694362 0.21364985163204747 0.6261127596439169 0.2314540059347181 0.6261127596439169 0.2344213649851632 0.629080118694362 0.24925816023738873 0.629080118694362 0.2522255192878338 0.6261127596439169 0.2551928783382789 0.629080118694362 0.6646884272997032 0.629080118694362 0.6676557863501483 0.6261127596439169 0.6676557863501483 0.5400593471810089 0.6706231454005934 0.5370919881305638 0.6706231454005934 0.5044510385756676 0.6676557863501483 0.5014836795252225 0.6676557863501483 0.49851632047477745 0.6706231454005934 0.49554896142433236 0.6676557863501483 0.49258160237388726 0.6676557863501483 0.4362017804154303 0.5934718100890207 0.4362017804154303 0.5905044510385756 0.4332344213649852 0.5905044510385756 0.43026706231454004 0.5637982195845698 0.43026706231454004 0.5637982195845698 0.4332344213649852 0.5608308605341247 0.4362017804154303 0.4836795252225519 0.4362017804154303 0.4807121661721068 0.4332344213649852 0.4807121661721068 0.43026706231454004 0.3798219584569733 0.43026706231454004 0.3798219584569733 0.4332344213649852 0.3768545994065282 0.4362017804154303 0.3115727002967359 0.4362017804154303 0.3086053412462908 0.4332344213649852 0.3086053412462908 0.43026706231454004 0.050445103857566766 0.43026706231454004 0.04747774480712166 0.4332344213649852
0 0.4094955489614243 0.16913946587537093 0.4094955489614243 0.21364985163204747 0.4065281899109792 0.2166172106824926 0.4035608308605341 0.2166172106824926 0.4035608308605341 0.22255192878338279 0.4065281899109792 0.22255192878338279 0.4094955489614243 0.22551928783382788 0.4094955489614243 0.36795252225519287 0.43026706231454004 0.36795252225519287 0.4332344213649852 0.37091988130563797 0.4540059347181009 0.37091988130563797 0.456973293768546 0.36795252225519287 0.5548961424332344 0.36795252225519287 0.5578635014836796 0.37091988130563797 0.6409495548961425 0.37091988130563797 0.6439169139465876 0.36795252225519287 0.6943620178041543 0.36795252225519287 0.6973293768545994 0.37091988130563797 0.7091988130563798 0.37091988130563797 0.712166172106825 0.36795252225519287 0.7151335311572701 0.36795252225519287 0.7181008902077152 0.37091988130563797 0.798219584569733 0.37091988130563797 0.8011869436201781 0.36795252225519287 0.8041543026706232 0.37091988130563797 0.8160237388724035 0.37091988130563797 0.8189910979228486 0.36795252225519287 0.8694362017804155 0.36795252225519287 0.8724035608308606 0.37091988130563797 0.9673590504451038 0.37091988130563797 0.9703264094955489 0.36795252225519287 0.9762611275964391 0.36795252225519287 0.9792284866468842 0.37091988130563797 0.9851632047477745 0.37091988130563797 0.9881305637982196 0.36795252225519287 0.9910979228486647 0.37091988130563797 0.9970326409495549 0.37091988130563797 0.9970326409495549 0.16913946587537093 0.9910979228486647 0.16913946587537093 0.9881305637982196 0.1661721068249258 0.9465875370919882 0.1661721068249258 0.9436201780415431 0.16913946587537093 0.8605341246290801 0.16913946587537093 0.857566765578635 0.1661721068249258 0.827893175074184 0.1661721068249258 0.8249258160237388 0.16913946587537093 0.8219584569732937 0.16913946587537093 0.8338278931750742 0.16913946587537093 0.8367952522255193 0.17210682492581603 0.8486646884272997 0.17210682492581603 0.8516320474777448 0.17507418397626112 0.8516320474777448 0.17804154302670624 0.8605341246290801 0.17804154302670624 0.8635014836795252 0.18100890207715134 0.8724035608308606 0.18100890207715134 0.8753709198813057 0.17804154302670624 0.8813056379821959 0.17804154302670624 0.884272997032641 0.18100890207715134 0.887240356083086 0.17804154302670624 0.8991097922848664 0.17804154302670624 0.9020771513353115 0.18100890207715134 0.9436201780415431 0.18100890207715134 0.9465875370919882 0.18397626112759644 0.9465875370919882 0.18991097922848665 0.9436201780415431 0.19287833827893175 0.9287833827893175 0.19287833827893175 0.9258160237388724 0.19584569732937684 0.9169139465875371 0.19584569732937684 0.913946587537092 0.19287833827893175 0.8545994065281899 0.19287833827893175 0.8516320474777448 0.18991097922848665 0.8427299703264095 0.18991097922848665 0.8397626112759644 0.18694362017804153 0.827893175074184 0.18694362017804153 0.8249258160237388 0.18397626112759644 0.8249258160237388 0.18100890207715134 0.8219584569732937 0.18100890207715134 0.8189910979228486 0.17804154302670624 0.798219584569733 0.17804154302670624 0.7952522255192879 0.17507418397626112 0.7893175074183977 0.17507418397626112 0.7833827893175074 0.16913946587537093 0.7833827893175074 0.1661721068249258 0.7418397626112759 0.1661721068249258 0.7388724035608308 0.16913946587537093 0.7210682492581603 0.16913946587537093 0.7181008902077152 0.1661721068249258 0.4124629080118694 0.1661721068249258
0 0.39465875370919884 0.6913946587537092 0.39465875370919884 0.7210682492581603 0.39762611275964393 0.7240356083086054 0.39762611275964393 0.7596439169139466 0.39465875370919884 0.7626112759643917 0.39465875370919884 0.8100890207715133 0.39762611275964393 0.8130563798219584 0.39762611275964393 0.8783382789317508 0.486646884272997 0.8783382789317508 0.4896142433234421 0.8813056379821959 0.49851632047477745 0.8813056379821959 0.5014836795252225 0.8783382789317508 0.7210682492581603 0.8783382789317508 0.7240356083086054 0.8813056379821959 0.7477744807121661 0.8813056379821959 0.7507418397626113 0.8783382789317508 0.8041543026706232 0.8783382789317508 0.8071216617210683 0.8813056379821959 0.8249258160237388 0.8813056379821959 0.827893175074184 0.8783382789317508 0.9970326409495549 0.8783382789317508 0.9970326409495549 0.6913946587537092 0.973293768545994 0.6913946587537092 0.9703264094955489 0.6884272997032641 0.8931750741839762 0.6884272997032641 0.8931750741839762 0.6913946587537092 0.8902077151335311 0.6943620178041543 0.8902077151335311 0.712166172106825 0.887240356083086 0.7151335311572701 0.884272997032641 0.7151335311572701 0.884272997032641 0.7210682492581603 0.8813056379821959 0.7240356083086054 0.8813056379821959 0.7299703264094956 0.8753709198813057 0.7388724035608308 0.8753709198813057 0.7537091988130564 0.8813056379821959 0.7596439169139466 0.8813056379821959 0.7626112759643917 0.884272997032641 0.7655786350148368 0.884272997032641 0.7744807121661721 0.887240356083086 0.7744807121661721 0.8902077151335311 0.7774480712166172 0.8902077151335311 0.7833827893175074 0.8931750741839762 0.7863501483679525 0.8931750741839762 0.7952522255192879 0.8991097922848664 0.8011869436201781 0.8991097922848664 0.8071216617210683 0.9050445103857567 0.8130563798219584 0.9080118694362018 0.8219584569732937 0.913946587537092 0.8219584569732937 0.9169139465875371 0.8249258160237388 0.9169139465875371 0.827893175074184 0.9258160237388724 0.8338278931750742 0.9258160237388724 0.8486646884272997 0.9228486646884273 0.8516320474777448 0.9228486646884273 0.857566765578635 0.9198813056379822 0.8605341246290801 0.9109792284866469 0.8605341246290801 0.9050445103857567 0.8545994065281899 0.9050445103857567 0.8367952522255193 0.9020771513353115 0.8367952522255193 0.8931750741839762 0.827893175074184 0.8931750741839762 0.8189910979228486 0.887240356083086 0.8130563798219584 0.887240356083086 0.8100890207715133 0.8813056379821959 0.8011869436201781 0.8813056379821959 0.7893175074183977 0.8783382789317508 0.7893175074183977 0.8753709198813057 0.7863501483679525 0.8753709198813057 0.7804154302670623 0.8724035608308606 0.7774480712166172 0.8724035608308606 0.771513353115727 0.8664688427299704 0.7655786350148368 0.8605341246290801 0.7507418397626113 0.8605341246290801 0.7537091988130564 0.857566765578635 0.7566765578635015 0.8545994065281899 0.7566765578635015 0.8545994065281899 0.7685459940652819 0.8486646884272997 0.7744807121661721 0.8486646884272997 0.7833827893175074 0.8427299703264095 0.7893175074183977 0.8367952522255193 0.7893175074183977 0.8367952522255193 0.798219584569733 0.8308605341246291 0.8041543026706232 0.8308605341246291 0.8160237388724035 0.827893175074184 0.8189910979228486 0.827893175074184 0.8308605341246291 0.8249258160237388 0.8338278931750742 0.8189910979228486 0.8338278931750742 0.8160237388724035 0.8308605341246291 0.8160237388724035 0.827893175074184 0.8071216617210683 0.8219584569732937 0.8071216617210683 0.8041543026706232 0.8100890207715133 0.8011869436201781 0.8160237388724035 0.8011869436201781 0.8160237388724035 0.798219584569733 0.8189910979228486 0.7952522255192879 0.8189910979228486 0.7893175074183977 0.8219584569732937 0.7863501483679525 0.8308605341246291 0.7863501483679525 0.8308605341246291 0.7774480712166172 0.8338278931750742 0.7744807121661721 0.8367952522255193 0.7744807121661721 0.8367952522255193 0.7685459940652819 0.8397626112759644 0.7655786350148368 0.8397626112759644 0.7566765578635015 0.8427299703264095 0.7537091988130564 0.8427299703264095 0.744807121661721 0.8486646884272997 0.7388724035608308 0.8516320474777448 0.7388724035608308 0.8516320474777448 0.7359050445103857 0.857566765578635 0.7299703264094956 0.8605341246290801 0.7299703264094956 0.8605341246290801 0.7270029673590505 0.8664688427299704 0.7181008902077152 0.8664688427299704 0.7151335311572701 0.8635014836795252 0.712166172106825 0.8635014836795252 0.7062314540059347 0.8605341246290801 0.7032640949554896 0.8605341246290801 0.6943620178041543 0.8635014836795252 0.6913946587537092 0.798219584569733 0.6913946587537092 0.7952522255192879 0.6884272997032641 0.712166172106825 0.6884272997032641 0.7091988130563798 0.6913946587537092 0.6409495548961425 0.6913946587537092 0.6379821958456974 0.6884272997032641 0.6053412462908012 0.6884272997032641 0.6023738872403561 0.6913946587537092 0.5400593471810089 0.6913946587537092 0.5370919881305638 0.6884272997032641 0.49554896142433236 0.6884272997032641 0.49258160237388726 0.6913946587537092
0 0.03560830860534125 0 0.03560830860534125 0.04451038575667656 0.03857566765578635 0.04747774480712166 0.03857566765578635 0.07418397626112759 0.03560830860534125 0.0771513353115727 0.03857566765578635 0.08011869436201781 0.03857566765578635 0.11275964391691394 0.04154302670623145 0.11572700296735905 0.04154302670623145 0.11869436201780416 0.04451038575667656 0.12166172106824925 0.04747774480712166 0.12166172106824925 0.050445103857566766 0.12462908011869436 0.11869436201780416 0.12462908011869436 0.12166172106824925 0.12166172106824925 0.13353115727002968 0.12166172106824925 0.13649851632047477 0.12462908011869436 0.16913946587537093 0.12462908011869436 0.17210682492581603 0.12166172106824925 0.17507418397626112 0.12462908011869436 0.19584569732937684 0.12462908011869436 0.19881305637982197 0.12166172106824925 0.20474777448071216 0.12166172106824925 0.20771513353115728 0.12462908011869436 0.2195845697329377 0.12462908011869436 0.22255192878338279 0.12166172106824925 0.258160237388724 0.12166172106824925 0.26112759643916916 0.12462908011869436 0.2818991097922849 0.12462908011869436 0.28486646884273 0.12166172106824925 0.29376854599406527 0.12166172106824925 0.29673590504451036 0.12462908011869436 0.2997032640949555 0.12462908011869436 0.3026706231454006 0.12166172106824925 0.6617210682492581 0.12166172106824925 0.6646884272997032 0.11869436201780416 0.6795252225519288 0.11869436201780416 0.6795252225519288 0.10682492581602374 0.6824925816023739 0.10385756676557864 0.6824925816023739 0.06231454005934718 0.6795252225519288 0.05934718100890208 0.6795252225519288 0.03560830860534125 0.6824925816023739 0.032640949554896145 0.6795252225519288 0.02967359050445104 0.6795252225519288 0.005934718100890208 0.6824925816023739 0.002967359050445104 0.6795252225519288 0
0 0.7359050445103857 0.43026706231454004 0.7359050445103857 0.4332344213649852 0.7329376854599406 0.4362017804154303 0.7329376854599406 0.4421364985163205 0.7299703264094956 0.44510385756676557 0.7299703264094956 0.44807121661721067 0.7329376854599406 0.45103857566765576 0.7329376854599406 0.4836795252225519 0.7299703264094956 0.486646884272997 0.7299703264094956 0.5103857566765578 0.7329376854599406 0.5133531157270029 0.7329376854599406 0.516320474777448 0.7299703264094956 0.5192878338278932 0.7299703264094956 0.5311572700296736 0.7329376854599406 0.5341246290801187 0.7329376854599406 0.5370919881305638 0.7299703264094956 0.5400593471810089 0.7299703264094956 0.6261127596439169 0.7359050445103857 0.6261127596439169 0.7388724035608308 0.6231454005934718 0.771513353115727 0.6231454005934718 0.7744807121661721 0.6261127596439169 0.9970326409495549 0.6261127596439169 0.9970326409495549 0.43026706231454004 0.8813056379821959 0.43026706231454004 0.8783382789317508 0.42729970326409494 0.8724035608308606 0.42729970326409494 0.8694362017804155 0.43026706231454004 0.8516320474777448 0.43026706231454004 0.8486646884272997 0.42729970326409494 0.7388724035608308 0.42729970326409494
0 0.020771513353115726 0.9703264094955489 0.020771513353115726 0.9910979228486647 0.02373887240356083 0.9940652818991098 0.02373887240356083 0.9970326409495549 0.6646884272997032 0.9970326409495549 0.6676557863501483 0.9940652818991098 0.6676557863501483 0.9910979228486647 0.6646884272997032 0.9881305637982196 0.6676557863501483 0.9851632047477745 0.6676557863501483 0.9762611275964391 0.6646884272997032 0.973293768545994 0.6676557863501483 0.9703264094955489 0.6646884272997032 0.9673590504451038 0.6646884272997032 0.9495548961424333 0.6617210682492581 0.9495548961424333 0.658753709198813 0.9465875370919882 0.35311572700296734 0.9465875370919882 0.35014836795252224 0.9436201780415431 0.06824925816023739 0.9436201780415431 0.06528189910979229 0.9406528189910979 0.05341246290801187 0.9406528189910979 0.050445103857566766 0.9436201780415431 0.032640949554896145 0.9436201780415431 0.02967359050445104 0.9465875370919882 0.026706231454005934 0.9465875370919882 0.026706231454005934 0.9673590504451038 0.02373887240356083 0.9703264094955489
0 0.7388724035608308 0 0.7388724035608308 0.017804154302670624 0.7359050445103857 0.020771513353115726 0.7359050445103857 0.06231454005934718 0.7388724035608308 0.06528189910979229 0.7388724035608308 0.06824925816023739 0.7359050445103857 0.0712166172106825 0.7359050445103857 0.10385756676557864 0.7388724035608308 0.10682492581602374 0.7388724035608308 0.11869436201780416 0.9970326409495549 0.11869436201780416 0.9970326409495549 0
0 0.7299703264094956 0.9376854599406528 0.7299703264094956 0.9703264094955489 0.7329376854599406 0.973293768545994 0.7329376854599406 0.9792284866468842 0.7299703264094956 0.9821958456973294 0.7299703264094956 0.9970326409495549 0.9970326409495549 0.9970326409495549 0.9970326409495549 0.9376854599406528 0.8694362017804155 0.9376854599406528 0.8664688427299704 0.9347181008902077 0.857566765578635 0.9347181008902077 0.8545994065281899 0.9376854599406528
1 0.0830860534124629 0.16913946587537093 0.0830860534124629 0.19881305637982197 0.0771513353115727 0.20474777448071216 0.0771513353115727 0.21068249258160238 0.08011869436201781 0.21364985163204747 0.08011869436201781 0.22551928783382788 0.0830860534124629 0.228486646884273 0.0830860534124629 0.2403560830860534 0.08011869436201781 0.2433234421364985 0.08011869436201781 0.2522255192878338 0.0771513353115727 0.2551928783382789 0.0771513353115727 0.26409495548961426 0.08011869436201781 0.26706231454005935 0.08011869436201781 0.2789317507418398 0.0771513353115727 0.2818991097922849 0.0771513353115727 0.2878338278931751 0.07418397626112759 0.29080118694362017 0.07418397626112759 0.3026706231454006 0.0712166172106825 0.3056379821958457 0.0712166172106825 0.3086053412462908 0.06824925816023739 0.3115727002967359 0.06528189910979229 0.3115727002967359 0.06528189910979229 0.3649851632047478 0.06824925816023739 0.3649851632047478 0.0712166172106825 0.36795252225519287 0.0712166172106825 0.3798219584569733 0.32047477744807124 0.3798219584569733 0.32344213649851633 0.3768545994065282 0.3264094955489614 0.3768545994065282 0.3293768545994065 0.37388724035608306 0.3323442136498516 0.37388724035608306 0.33827893175074186 0.36795252225519287 0.34124629080118696 0.36795252225519287 0.34124629080118696 0.3649851632047478 0.34421364985163205 0.3620178041543027 0.34421364985163205 0.26409495548961426 0.34718100890207715 0.26112759643916916 0.34718100890207715 0.21068249258160238 0.34421364985163205 0.20771513353115728 0.34421364985163205 0.17210682492581603 0.18100890207715134 0.17210682492581603 0.17804154302670624 0.16913946587537093 0.16023738872403562 0.16913946587537093 0.1572700296735905 0.17210682492581603 0.09495548961424333 0.17210682492581603 0.09198813056379822 0.16913946587537093
1 0.0771513353115727 0.6973293768545994 0.0771513353115727 0.7329376854599406 0.07418397626112759 0.7359050445103857 0.07418397626112759 0.7566765578635015 0.0771513353115727 0.7596439169139466 0.0771513353115727 0.7626112759643917 0.08011869436201781 0.7655786350148368 0.08011869436201781 0.827893175074184 0.0771513353115727 0.8308605341246291 0.0771513353115727 0.8664688427299704 0.0830860534124629 0.8724035608308606 0.08605341246290801 0.8724035608308606 0.08902077151335312 0.8753709198813057 0.09198813056379822 0.8753709198813057 0.09495548961424333 0.8783382789317508 0.09495548961424333 0.8813056379821959 0.29673590504451036 0.8813056379821959 0.3026706231454006 0.8753709198813057 0.3086053412462908 0.8753709198813057 0.3115727002967359 0.8724035608308606 0.32344213649851633 0.8724035608308606 0.3293768545994065 0.8664688427299704 0.3323442136498516 0.8664688427299704 0.3323442136498516 0.8427299703264095 0.3353115727002967 0.8397626112759644 0.3353115727002967 0.7804154302670623 0.3323442136498516 0.7774480712166172 0.3323442136498516 0.685459940652819 0.08605341246290801 0.685459940652819 0.08605341246290801 0.6913946587537092 0.0830860534124629 0.6943620178041543 0.08011869436201781 0.6943620178041543
1 0.050445103857566766 0.6943620178041543 0.02967359050445104 0.6943620178041543 0.026706231454005934 0.6973293768545994 0 0.6973293768545994 0 0.8961424332344213 0.026706231454005934 0.8961424332344213 0.02967359050445104 0.8931750741839762 0.050445103857566766 0.8931750741839762 0.050445103857566766 0.8902077151335311 0.05341246290801187 0.887240356083086 0.04747774480712166 0.887240356083086 0.04451038575667656 0.884272997032641 0.04451038575667656 0.8753709198813057 0.04154302670623145 0.8724035608308606 0.04154302670623145 0.8545994065281899 0.04451038575667656 0.8516320474777448 0.04451038575667656 0.7863501483679525 0.04154302670623145 0.7833827893175074 0.04154302670623145 0.7804154302670623 0.03857566765578635 0.7804154302670623 0.03560830860534125 0.7774480712166172 0.03560830860534125 0.771513353115727 0.032640949554896145 0.7685459940652819 0.032640949554896145 0.7537091988130564 0.03560830860534125 0.7507418397626113 0.03560830860534125 0.7388724035608308 0.03857566765578635 0.7359050445103857 0.04154302670623145 0.7359050445103857 0.04154302670623145 0.7329376854599406 0.04451038575667656 0.7299703264094956 0.04451038575667656 0.6973293768545994 0.04747774480712166 0.6943620178041543
1 0.04747774480712166 0.18397626112759644 0.032640949554896145 0.18397626112759644 0.02967359050445104 0.18100890207715134 0.02373887240356083 0.18100890207715134 0.020771513353115726 0.18397626112759644 0 0.18397626112759644 0 0.3916913946587537 0.026706231454005934 0.3916913946587537 0.03560830860534125 0.3827893175074184 0.03560830860534125 0.3798219584569733 0.03857566765578635 0.3768545994065282 0.04154302670623145 0.3768545994065282 0.03857566765578635 0.3768545994065282 0.032640949554896145 0.37091988130563797 0.032640949554896145 0.3264094955489614 0.03560830860534125 0.32344213649851633 0.03560830860534125 0.31750741839762614 0.03857566765578635 0.314540059347181 0.04154302670623145 0.314540059347181 0.04154302670623145 0.3056379821958457 0.04451038575667656 0.3026706231454006 0.04451038575667656 0.28486646884273 0.04154302670623145 0.2818991097922849 0.03857566765578635 0.2818991097922849 0.03560830860534125 0.2789317507418398 0.03560830860534125 0.27299703264094954 0.032640949554896145 0.27002967359050445 0.032640949554896145 0.26112759643916916 0.03560830860534125 0.258160237388724 0.03560830860534125 0.2551928783382789 0.03857566765578635 0.2522255192878338 0.04154302670623145 0.2522255192878338 0.04451038575667656 0.24925816023738873 0.04451038575667656 0.2403560830860534 0.04747774480712166 0.23738872403560832 0.04747774480712166 0.20474777448071216 0.04451038575667656 0.20178041543026706 0.04451038575667656 0.18694362017804153
2 0.032640949554896145 0.005934718100890208 0.026706231454005934 0.005934718100890208 0.026706231454005934 0.008902077151335312 0.02373887240356083 0.011869436201780416 0.02373887240356083 0.020771513353115726 0.020771513353115726 0.02373887240356083 0.020771513353115726 0.02967359050445104 0.02373887240356083 0.032640949554896145 0.02373887240356083 0.050445103857566766 0.026706231454005934 0.05341246290801187 0.026706231454005934 0.06231454005934718 0.02967359050445104 0.06528189910979229 0.02967359050445104 0.0712166172106825 0.026706231454005934 0.07418397626112759 0.026706231454005934 0.08011869436201781 0.02967359050445104 0.0830860534124629 0.02967359050445104 0.08902077151335312 0.026706231454005934 0.09198813056379822 0.026706231454005934 0.10979228486646884 0.02967359050445104 0.11275964391691394 0.02967359050445104 0.1394658753709199 0.032640949554896145 0.142433234421365 0.032640949554896145 0.1543026706231454 0.03857566765578635 0.16023738872403562 0.03857566765578635 0.16913946587537093 0.04154302670623145 0.16913946587537093 0.050445103857566766 0.17804154302670624 0.050445103857566766 0.18397626112759644 0.04747774480712166 0.18694362017804153 0.04747774480712166 0.20178041543026706 0.050445103857566766 0.20474777448071216 0.050445103857566766 0.23738872403560832 0.04747774480712166 0.2403560830860534 0.04747774480712166 0.24925816023738873 0.04154302670623145 0.2551928783382789 0.03857566765578635 0.2551928783382789 0.03857566765578635 0.258160237388724 0.03560830860534125 0.26112759643916916 0.03560830860534125 0.27002967359050445 0.03857566765578635 0.27299703264094954 0.03857566765578635 0.2789317507418398 0.04154302670623145 0.2789317507418398 0.04747774480712166 0.28486646884273 0.04747774480712166 0.3026706231454006 0.04451038575667656 0.3056379821958457 0.04451038575667656 0.314540059347181 0.04154302670623145 0.31750741839762614 0.03857566765578635 0.31750741839762614 0.03857566765578635 0.32344213649851633 0.03560830860534125 0.3264094955489614 0.03560830860534125 0.37091988130563797 0.04451038575667656 0.3768545994065282 0.04154302670623145 0.3798219584569733 0.03857566765578635 0.3798219584569733 0.03857566765578635 0.3827893175074184 0.026706231454005934 0.39465875370919884 0.026706231454005934 0.39762611275964393 0.02373887240356083 0.40059347181008903 0.02373887240356083 0.4065281899109792 0.020771513353115726 0.4094955489614243 0.020771513353115726 0.42729970326409494 0.017804154302670624 0.43026706231454004 0.017804154302670624 0.4332344213649852 0.020771513353115726 0.4362017804154303 0.017804154302670624 0.4391691394658754 0.01483679525222552 0.4391691394658754 0.01483679525222552 0.44510385756676557 0.011869436201780416 0.44807121661721067 0.011869436201780416 0.4540059347181009 0.008902077151335312 0.456973293768546 0.008902077151335312 0.4807121661721068 0.01483679525222552 0.486646884272997 0.01483679525222552 0.4896142433234421 0.017804154302670624 0.4896142433234421 0.020771513353115726 0.49258160237388726 0.017804154302670624 0.49554896142433236 0.01483679525222552 0.49554896142433236 0.01483679525222552 0.5637982195845698 0.02373887240356083 0.5637982195845698 0.026706231454005934 0.5667655786350149 0.02373887240356083 0.56973293768546 0.01483679525222552 0.56973293768546 0.01483679525222552 0.6053412462908012 0.011869436201780416 0.6083086053412463 0.011869436201780416 0.6142433234421365 0.002967359050445104 0.6261127596439169 0.002967359050445104 0.6409495548961425 0.01483679525222552 0.6528189910979229 0.026706231454005934 0.6528189910979229 0.02967359050445104 0.655786350148368 0.032640949554896145 0.655786350148368 0.03560830860534125 0.658753709198813 0.03560830860534125 0.6617210682492581 0.04451038575667656 0.6617210682492581 0.05637982195845697 0.6706231454005934 0.05637982195845697 0.6735905044510386 0.05341246290801187 0.6765578635014837 0.05341246290801187 0.6943620178041543 0.050445103857566766 0.6973293768545994 0.04747774480712166 0.6973293768545994 0.04747774480712166 0.7299703264094956 0.04451038575667656 0.7329376854599406 0.04451038575667656 0.7359050445103857 0.04154302670623145 0.7388724035608308 0.03857566765578635 0.7388724035608308 0.03857566765578635 0.7507418397626113 0.03560830860534125 0.7537091988130564 0.03560830860534125 0.7685459940652819 0.03857566765578635 0.771513353115727 0.03857566765578635 0.7774480712166172 0.04154302670623145 0.7774480712166172 0.04747774480712166 0.7863501483679525 0.04747774480712166 0.8516320474777448 0.04451038575667656 0.8545994065281899 0.04451038575667656 0.8724035608308606 0.04747774480712166 0.8753709198813057 0.04747774480712166 0.884272997032641 0.05341246290801187 0.884272997032641 0.05637982195845697 0.887240356083086 0.05341246290801187 0.8902077151335311 0.05341246290801187 0.8961424332344213 0.04451038575667656 0.9050445103857567 0.04451038575667656 0.9080118694362018 0.032640949554896145 0.9169139465875371 0.02967359050445104 0.9169139465875371 0.020771513353115726 0.9228486646884273 0.01483679525222552 0.9228486646884273 0.002967359050445104 0.9406528189910979 0.002967359050445104 0.9525222551928784 0 0.9554896142433235 0 0.973293768545994 0.002967359050445104 0.9762611275964391 0.002967359050445104 0.9851632047477745 0.005934718100890208 0.9851632047477745 0.011869436201780416 0.9910979228486647 0.017804154302670624 0.9910979228486647 0.017804154302670624 0.9703264094955489 0.020771513353115726 0.9673590504451038 0.02373887240356083 0.9673590504451038 0.02373887240356083 0.9465875370919882 0.026706231454005934 0.9436201780415431 0.02967359050445104 0.9436201780415431 0.02967359050445104 0.9406528189910979 0.032640949554896145 0.9376854599406528 0.04154302670623145 0.9347181008902077 0.04154302670623145 0.9317507418397626 0.04451038575667656 0.9287833827893175 0.05934718100890208 0.9258160237388724 0.06528189910979229 0.9198813056379822 0.06824925816023739 0.9198813056379822 0.07418397626112759 0.9050445103857567 0.0771513353115727 0.9020771513353115 0.08011869436201781 0.9020771513353115 0.08011869436201781 0.8991097922848664 0.08605341246290801 0.8931750741839762 0.08605341246290801 0.887240356083086 0.08902077151335312 0.884272997032641 0.09198813056379822 0.884272997032641 0.09198813056379822 0.8783382789317508 0.0830860534124629 0.8753709198813057 0.07418397626112759 0.8664688427299704 0.07418397626112759 0.8308605341246291 0.0771513353115727 0.827893175074184 0.0771513353115727 0.7655786350148368 0.0712166172106825 0.7566765578635015 0.0712166172106825 0.7359050445103857 0.07418397626112759 0.7329376854599406 0.07418397626112759 0.6973293768545994 0.08011869436201781 0.6913946587537092 0.0830860534124629 0.6913946587537092 0.0830860534124629 0.6824925816023739 0.08605341246290801 0.6795252225519288 0.08605341246290801 0.6735905044510386 0.08902077151335312 0.6706231454005934 0.09198813056379822 0.6706231454005934 0.09198813056379822 0.6617210682492581 0.08902077151335312 0.6617210682492581 0.08605341246290801 0.658753709198813 0.08605341246290801 0.6379821958456974 0.08902077151335312 0.6350148367952523 0.09198813056379822 0.6350148367952523 0.09198813056379822 0.629080118694362 0.03560830860534125 0.629080118694362 0.02373887240356083 0.6201780415430267 0.02373887240356083 0.5845697329376854 0.026706231454005934 0.5816023738872403 0.026706231454005934 0.5756676557863502 0.02967359050445104 0.5727002967359051 0.032640949554896145 0.5727002967359051 0.03560830860534125 0.5578635014836796 0.03857566765578635 0.5548961424332344 0.04747774480712166 0.5548961424332344 0.04747774480712166 0.5489614243323442 0.03857566765578635 0.5489614243323442 0.03857566765578635 0.5519287833827893 0.03560830860534125 0.5548961424332344 0.02967359050445104 0.5548961424332344 0.02967359050445104 0.5608308605341247 0.026706231454005934 0.5637982195845698 0.02373887240356083 0.5608308605341247 0.02373887240356083 0.49851632047477745 0.026706231454005934 0.49554896142433236 0.026706231454005934 0.4896142433234421 0.02373887240356083 0.486646884272997 0.02373887240356083 0.4421364985163205 0.026706231454005934 0.4391691394658754 0.026706231454005934 0.4362017804154303 0.02373887240356083 0.4332344213649852 0.026706231454005934 0.43026706231454004 0.04747774480712166 0.43026706231454004 0.04747774480712166 0.4065281899109792 0.05934718100890208 0.39465875370919884 0.06231454005934718 0.39465875370919884 0.06231454005934718 0.3916913946587537 0.06528189910979229 0.3887240356083086 0.06824925816023739 0.3887240356083086 0.06824925816023739 0.36795252225519287 0.06528189910979229 0.36795252225519287 0.06231454005934718 0.3649851632047478 0.06231454005934718 0.3115727002967359 0.06528189910979229 0.3086053412462908 0.06824925816023739 0.3086053412462908 0.06824925816023739 0.3056379821958457 0.0712166172106825 0.3026706231454006 0.0712166172106825 0.29080118694362017 0.07418397626112759 0.2878338278931751 0.07418397626112759 0.2818991097922849 0.0771513353115727 0.2789317507418398 0.0771513353115727 0.26706231454005935 0.07418397626112759 0.26409495548961426 0.07418397626112759 0.2551928783382789 0.0771513353115727 0.2522255192878338 0.0771513353115727 0.2433234421364985 0.08011869436201781 0.2403560830860534 0.08011869436201781 0.228486646884273 0.0771513353115727 0.22551928783382788 0.0771513353115727 0.21364985163204747 0.07418397626112759 0.21068249258160238 0.07418397626112759 0.20474777448071216 0.08011869436201781 0.19881305637982197 0.08011869436201781 0.16023738872403562 0.0771513353115727 0.1572700296735905 0.0771513353115727 0.1513353115727003 0.07418397626112759 0.14836795252225518 0.07418397626112759 0.14540059347181009 0.06231454005934718 0.13649851632047477 0.06231454005934718 0.13056379821958458 0.05934718100890208 0.12759643916913946 0.050445103857566766 0.12759643916913946 0.04747774480712166 0.12462908011869436 0.04451038575667656 0.12462908011869436 0.03560830860534125 0.11275964391691394 0.03560830860534125 0.08011869436201781 0.032640949554896145 0.0771513353115727 0.03560830860534125 0.07418397626112759 0.03560830860534125 0.04747774480712166 0.032640949554896145 0.04451038575667656
2 0.8753709198813057 0.685459940652819 0.8724035608308606 0.6884272997032641 0.8694362017804155 0.6884272997032641 0.8635014836795252 0.6943620178041543 0.8635014836795252 0.7032640949554896 0.8664688427299704 0.7062314540059347 0.8664688427299704 0.712166172106825 0.8694362017804155 0.7151335311572701 0.8694362017804155 0.7181008902077152 0.8664688427299704 0.7210682492581603 0.8664688427299704 0.7240356083086054 0.8635014836795252 0.7270029673590505 0.8635014836795252 0.7299703264094956 0.8605341246290801 0.7329376854599406 0.857566765578635 0.7329376854599406 0.8545994065281899 0.7359050445103857 0.8545994065281899 0.7388724035608308 0.8516320474777448 0.7418397626112759 0.8486646884272997 0.7418397626112759 0.8456973293768546 0.744807121661721 0.8456973293768546 0.7537091988130564 0.8427299703264095 0.7566765578635015 0.8427299703264095 0.7655786350148368 0.8397626112759644 0.7685459940652819 0.8397626112759644 0.7744807121661721 0.8367952522255193 0.7774480712166172 0.8338278931750742 0.7774480712166172 0.8338278931750742 0.7863501483679525 0.8308605341246291 0.7893175074183977 0.8219584569732937 0.7893175074183977 0.8219584569732937 0.7952522255192879 0.8189910979228486 0.798219584569733 0.8189910979228486 0.8011869436201781 0.8160237388724035 0.8041543026706232 0.8100890207715133 0.8041543026706232 0.8100890207715133 0.8219584569732937 0.8130563798219584 0.8219584569732937 0.8189910979228486 0.827893175074184 0.8189910979228486 0.8308605341246291 0.8249258160237388 0.8308605341246291 0.8249258160237388 0.8189910979228486 0.827893175074184 0.8160237388724035 0.827893175074184 0.8041543026706232 0.8338278931750742 0.798219584569733 0.8338278931750742 0.7893175074183977 0.8367952522255193 0.7863501483679525 0.8427299703264095 0.7863501483679525 0.8456973293768546 0.7833827893175074 0.8456973293768546 0.7744807121661721 0.8516320474777448 0.7685459940652819 0.8516320474777448 0.7566765578635015 0.8545994065281899 0.7537091988130564 0.857566765578635 0.7537091988130564 0.857566765578635 0.7507418397626113 0.8605341246290801 0.7477744807121661 0.8635014836795252 0.7507418397626113 0.8635014836795252 0.7537091988130564 0.8664688427299704 0.7566765578635015 0.8664688427299704 0.7596439169139466 0.8694362017804155 0.7626112759643917 0.8694362017804155 0.7655786350148368 0.8753709198813057 0.771513353115727 0.8753709198813057 0.7774480712166172 0.8783382789317508 0.7804154302670623 0.8783382789317508 0.7863501483679525 0.8813056379821959 0.7863501483679525 0.884272997032641 0.7893175074183977 0.884272997032641 0.8011869436201781 0.887240356083086 0.8041543026706232 0.887240356083086 0.8071216617210683 0.8902077151335311 0.8100890207715133 0.8902077151335311 0.8130563798219584 0.8961424332344213 0.8189910979228486 0.8961424332344213 0.827893175074184 0.9020771513353115 0.8338278931750742 0.9050445103857567 0.8338278931750742 0.9080118694362018 0.8367952522255193 0.9080118694362018 0.8545994065281899 0.9109792284866469 0.857566765578635 0.9198813056379822 0.857566765578635 0.9198813056379822 0.8516320474777448 0.9228486646884273 0.8486646884272997 0.9228486646884273 0.8338278931750742 0.9198813056379822 0.8338278931750742 0.913946587537092 0.827893175074184 0.913946587537092 0.8249258160237388 0.9080118694362018 0.8249258160237388 0.9050445103857567 0.8219584569732937 0.9050445103857567 0.8189910979228486 0.9020771513353115 0.8160237388724035 0.9020771513353115 0.8130563798219584 0.8961424332344213 0.8071216617210683 0.8961424332344213 0.8011869436201781 0.8902077151335311 0.7952522255192879 0.8902077151335311 0.7863501483679525 0.887240356083086 0.7833827893175074 0.887240356083086 0.7774480712166172 0.884272997032641 0.7774480712166172 0.8813056379821959 0.7744807121661721 0.8813056379821959 0.7655786350148368 0.8783382789317508 0.7626112759643917 0.8783382789317508 0.7596439169139466 0.8724035608308606 0.7537091988130564 0.8724035608308606 0.7388724035608308 0.8753709198813057 0.7359050445103857 0.8753709198813057 0.7329376854599406 0.8783382789317508 0.7299703264094956 0.8783382789317508 0.7240356083086054 0.8813056379821959 0.7210682492581603 0.8813056379821959 0.7151335311572701 0.884272997032641 0.712166172106825 0.887240356083086 0.712166172106825 0.887240356083086 0.6943620178041543 0.8902077151335311 0.6913946587537092 0.8902077151335311 0.685459940652819
2 0.7863501483679525 0.1632047477744807 0.7863501483679525 0.16913946587537093 0.7893175074183977 0.17210682492581603 0.7952522255192879 0.17210682492581603 0.798219584569733 0.17507418397626112 0.8189910979228486 0.17507418397626112 0.8219584569732937 0.17804154302670624 0.8249258160237388 0.17804154302670624 0.827893175074184 0.18100890207715134 0.827893175074184 0.18397626112759644 0.8397626112759644 0.18397626112759644 0.8427299703264095 0.18694362017804153 0.8516320474777448 0.18694362017804153 0.8545994065281899 0.18991097922848665 0.913946587537092 0.18991097922848665 0.9169139465875371 0.19287833827893175 0.9258160237388724 0.19287833827893175 0.9287833827893175 0.18991097922848665 0.9436201780415431 0.18991097922848665 0.9436201780415431 0.18397626112759644 0.9020771513353115 0.18397626112759644 0.8991097922848664 0.18100890207715134 0.887240356083086 0.18100890207715134 0.884272997032641 0.18397626112759644 0.8813056379821959 0.18100890207715134 0.8753709198813057 0.18100890207715134 0.8724035608308606 0.18397626112759644 0.8635014836795252 0.18397626112759644 0.8605341246290801 0.18100890207715134 0.8516320474777448 0.18100890207715134 0.8486646884272997 0.17804154302670624 0.8486646884272997 0.17507418397626112 0.8367952522255193 0.17507418397626112 0.8338278931750742 0.17210682492581603 0.8219584569732937 0.17210682492581603 0.8189910979228486 0.16913946587537093 0.8130563798219584 0.16913946587537093 0.8100890207715133 0.1661721068249258 0.8011869436201781 0.1661721068249258 0.798219584569733 0.1632047477744807