0 0 0.7462121212121212 0 0.9659090909090909 0.011363636363636364 0.9659090909090909 0.015151515151515152 0.9696969696969697 0.041666666666666664 0.9696969696969697 0.045454545454545456 0.9659090909090909 0.04924242424242424 0.9659090909090909 0.05303030303030303 0.9696969696969697 0.08333333333333333 0.9696969696969697 0.08712121212121213 0.9659090909090909 0.11742424242424243 0.9659090909090909 0.12121212121212122 0.9621212121212122 0.13257575757575757 0.9621212121212122 0.13636363636363635 0.9583333333333334 0.14015151515151514 0.9583333333333334 0.14393939393939395 0.9621212121212122 0.17424242424242425 0.9621212121212122 0.17803030303030304 0.9583333333333334 0.25757575757575757 0.9583333333333334 0.26136363636363635 0.9621212121212122 0.2765151515151515 0.9621212121212122 0.2803030303030303 0.9659090909090909 0.2916666666666667 0.9659090909090909 0.29545454545454547 0.9696969696969697 0.3446969696969697 0.9696969696969697 0.3484848484848485 0.9659090909090909 0.3560606060606061 0.9659090909090909 0.35984848484848486 0.9621212121212122 0.3712121212121212 0.9621212121212122 0.375 0.9583333333333334 0.38257575757575757 0.9583333333333334 0.38636363636363635 0.9545454545454546 0.4090909090909091 0.9545454545454546 0.4128787878787879 0.9583333333333334 0.44696969696969696 0.9583333333333334 0.44696969696969696 0.9393939393939394 0.45075757575757575 0.9356060606060606 0.45075757575757575 0.9242424242424242 0.45454545454545453 0.9204545454545454 0.45075757575757575 0.9166666666666666 0.45454545454545453 0.9128787878787878 0.45075757575757575 0.9090909090909091 0.45454545454545453 0.9053030303030303 0.45454545454545453 0.9015151515151515 0.45075757575757575 0.8977272727272727 0.45075757575757575 0.8484848484848485 0.44696969696969696 0.8446969696969697 0.44696969696969696 0.7916666666666666 0.4431818181818182 0.7878787878787878 0.4431818181818182 0.7462121212121212 0.23484848484848486 0.7462121212121212 0.23106060606060605 0.7424242424242424 0.1893939393939394 0.7424242424242424 0.1856060606060606 0.7462121212121212 0.08712121212121213 0.7462121212121212 0.08333333333333333 0.75 0.07954545454545454 0.75 0.07575757575757576 0.7462121212121212 0.045454545454545456 0.7462121212121212 0.041666666666666664 0.75 0.01893939393939394 0.75 0.015151515151515152 0.7462121212121212 0.011363636363636364 0.7462121212121212 0.007575757575757576 0.75 0.003787878787878788 0.7462121212121212
0 0.5227272727272727 0.15151515151515152 0.5227272727272727 0.17803030303030304 0.5265151515151515 0.18181818181818182 0.5265151515151515 0.1856060606060606 0.5227272727272727 0.1893939393939394 0.5227272727272727 0.20075757575757575 0.5189393939393939 0.20454545454545456 0.5189393939393939 0.22727272727272727 0.5151515151515151 0.23106060606060605 0.5189393939393939 0.23484848484848486 0.5227272727272727 0.23484848484848486 0.5909090909090909 0.30303030303030304 0.5946969696969697 0.30303030303030304 0.6325757575757576 0.3409090909090909 0.6363636363636364 0.3409090909090909 0.6590909090909091 0.36363636363636365 0.6628787878787878 0.36363636363636365 0.6666666666666666 0.35984848484848486 0.678030303030303 0.35984848484848486 0.6818181818181818 0.3560606060606061 0.696969696969697 0.3560606060606061 0.7007575757575758 0.35984848484848486 0.8939393939393939 0.35984848484848486 0.8977272727272727 0.36363636363636365 0.9431818181818182 0.36363636363636365 0.946969696969697 0.35984848484848486 0.9772727272727273 0.35984848484848486 0.9810606060606061 0.36363636363636365 0.9962121212121212 0.36363636363636365 0.9962121212121212 0.15151515151515152 0.9924242424242424 0.15151515151515152 0.9886363636363636 0.1553030303030303 0.8712121212121212 0.1553030303030303 0.8674242424242424 0.15151515151515152 0.8446969696969697 0.15151515151515152 0.8409090909090909 0.14772727272727273 0.8333333333333334 0.14772727272727273 0.8295454545454546 0.14393939393939395 0.803030303030303 0.14393939393939395 0.7992424242424242 0.14772727272727273 0.7916666666666666 0.14772727272727273 0.7878787878787878 0.14393939393939395 0.7840909090909091 0.14393939393939395 0.7803030303030303 0.14772727272727273 0.7537878787878788 0.14772727272727273 0.75 0.15151515151515152 0.696969696969697 0.15151515151515152 0.6931818181818182 0.14772727272727273 0.6628787878787878 0.14772727272727273 0.6590909090909091 0.15151515151515152 0.6477272727272727 0.15151515151515152 0.6439393939393939 0.14772727272727273 0.6363636363636364 0.14772727272727273 0.6325757575757576 0.14393939393939395 0.6174242424242424 0.14393939393939395 0.6136363636363636 0.14772727272727273 0.5643939393939394 0.14772727272727273 0.5606060606060606 0.15151515151515152
0 0.11742424242424243 0 0.11742424242424243 0.06818181818181818 0.125 0.06818181818181818 0.12878787878787878 0.07196969696969698 0.14772727272727273 0.07196969696969698 0.15151515151515152 0.07575757575757576 0.1590909090909091 0.07575757575757576 0.16287878787878787 0.07196969696969698 0.17424242424242425 0.07196969696969698 0.17803030303030304 0.06818181818181818 0.18181818181818182 0.06818181818181818 0.1856060606060606 0.07196969696969698 0.19696969696969696 0.07196969696969698 0.20075757575757575 0.07575757575757576 0.20454545454545456 0.07575757575757576 0.20833333333333334 0.07196969696969698 0.2196969696969697 0.07196969696969698 0.22348484848484848 0.06818181818181818 0.2689393939393939 0.06818181818181818 0.2727272727272727 0.07196969696969698 0.2840909090909091 0.07196969696969698 0.2878787878787879 0.07575757575757576 0.3143939393939394 0.07575757575757576 0.3181818181818182 0.07196969696969698 0.3522727272727273 0.07196969696969698 0.3560606060606061 0.06818181818181818 0.35984848484848486 0.06818181818181818 0.36363636363636365 0.07196969696969698 0.4053030303030303 0.07196969696969698 0.4090909090909091 0.06818181818181818 0.4128787878787879 0.07196969696969698 0.5113636363636364 0.07196969696969698 0.5151515151515151 0.07575757575757576 0.553030303030303 0.07575757575757576 0.5568181818181818 0.07196969696969698 0.5757575757575758 0.07196969696969698 0.5795454545454546 0.07575757575757576 0.6439393939393939 0.07575757575757576 0.6477272727272727 0.07954545454545454 0.6553030303030303 0.07954545454545454 0.6590909090909091 0.08333333333333333 0.6818181818181818 0.08333333333333333 0.6856060606060606 0.07954545454545454 0.7007575757575758 0.07954545454545454 0.7045454545454546 0.07575757575757576 0.7310606060606061 0.07575757575757576 0.7348484848484849 0.07196969696969698 0.7651515151515151 0.07196969696969698 0.7689393939393939 0.07575757575757576 0.7765151515151515 0.07575757575757576 0.7803030303030303 0.07954545454545454 0.7992424242424242 0.07954545454545454 0.803030303030303 0.07575757575757576 0.8295454545454546 0.07575757575757576 0.8295454545454546 0.06818181818181818 0.8257575757575758 0.06439393939393939 0.8257575757575758 0.06060606060606061 0.8295454545454546 0.056818181818181816 0.8257575757575758 0.05303030303030303 0.8295454545454546 0.04924242424242424 0.8257575757575758 0.045454545454545456 0.8257575757575758 0.041666666666666664 0.8295454545454546 0.03787878787878788 0.8295454545454546 0.026515151515151516 0.8257575757575758 0.022727272727272728 0.8257575757575758 0.01893939393939394 0.8295454545454546 0.015151515151515152 0.8295454545454546 0.007575757575757576 0.8333333333333334 0.003787878787878788 0.8333333333333334 0 0.6704545454545454 0 0.6628787878787878 0.007575757575757576 0.6477272727272727 0.007575757575757576 0.6439393939393939 0.003787878787878788 0.6439393939393939 0
0 0.9053030303030303 0.42803030303030304 0.9015151515151515 0.4318181818181818 0.8977272727272727 0.4318181818181818 0.8977272727272727 0.4356060606060606 0.8939393939393939 0.4393939393939394 0.8939393939393939 0.44696969696969696 0.8901515151515151 0.45075757575757575 0.8901515151515151 0.4583333333333333 0.8939393939393939 0.4621212121212121 0.8939393939393939 0.4734848484848485 0.8977272727272727 0.4772727272727273 0.8977272727272727 0.5113636363636364 0.8863636363636364 0.5227272727272727 0.8863636363636364 0.5265151515151515 0.8939393939393939 0.5340909090909091 0.8939393939393939 0.5378787878787878 0.8977272727272727 0.5416666666666666 0.8977272727272727 0.5454545454545454 0.9015151515151515 0.5492424242424242 0.9015151515151515 0.5568181818181818 0.8977272727272727 0.5606060606060606 0.9015151515151515 0.5643939393939394 0.9015151515151515 0.5946969696969697 0.8977272727272727 0.5984848484848485 0.8977272727272727 0.6022727272727273 0.9015151515151515 0.6060606060606061 0.8977272727272727 0.6098484848484849 0.8977272727272727 0.6136363636363636 0.8939393939393939 0.6174242424242424 0.8939393939393939 0.625 0.8977272727272727 0.6287878787878788 0.8939393939393939 0.6325757575757576 0.8939393939393939 0.6477272727272727 0.8977272727272727 0.6477272727272727 0.9015151515151515 0.6515151515151515 0.928030303030303 0.6515151515151515 0.9318181818181818 0.6477272727272727 0.9393939393939394 0.6477272727272727 0.9431818181818182 0.6439393939393939 0.9810606060606061 0.6439393939393939 0.9848484848484849 0.6477272727272727 0.9924242424242424 0.6477272727272727 0.9962121212121212 0.6439393939393939 0.9962121212121212 0.4356060606060606 0.9696969696969697 0.4356060606060606 0.9659090909090909 0.4318181818181818 0.9545454545454546 0.4318181818181818 0.9507575757575758 0.4356060606060606 0.9318181818181818 0.4356060606060606 0.928030303030303 0.4318181818181818 0.9090909090909091 0.4318181818181818
0 0.03409090909090909 0.45075757575757575 0.030303030303030304 0.45075757575757575 0.026515151515151516 0.45454545454545453 0.011363636363636364 0.45454545454545453 0.007575757575757576 0.4583333333333333 0 0.4583333333333333 0 0.6704545454545454 0.003787878787878788 0.6666666666666666 0.015151515151515152 0.6666666666666666 0.01893939393939394 0.6628787878787878 0.022727272727272728 0.6628787878787878 0.026515151515151516 0.6666666666666666 0.030303030303030304 0.6666666666666666 0.03409090909090909 0.6704545454545454 0.041666666666666664 0.6704545454545454 0.045454545454545456 0.6666666666666666 0.045454545454545456 0.6628787878787878 0.04924242424242424 0.6590909090909091 0.04924242424242424 0.6515151515151515 0.05303030303030303 0.6477272727272727 0.05303030303030303 0.6287878787878788 0.04924242424242424 0.625 0.04924242424242424 0.6212121212121212 0.045454545454545456 0.6174242424242424 0.045454545454545456 0.6136363636363636 0.041666666666666664 0.6098484848484849 0.041666666666666664 0.5833333333333334 0.03787878787878788 0.5795454545454546 0.03787878787878788 0.5340909090909091 0.041666666666666664 0.5303030303030303 0.041666666666666664 0.5113636363636364 0.03787878787878788 0.5075757575757576 0.03787878787878788 0.49242424242424243 0.03409090909090909 0.48863636363636365 0.03787878787878788 0.48484848484848486 0.03787878787878788 0.4659090909090909 0.03409090909090909 0.4621212121212121
0 0.8939393939393939 0 0.8939393939393939 0.003787878787878788 0.8977272727272727 0.007575757575757576 0.8977272727272727 0.015151515151515152 0.9015151515151515 0.01893939393939394 0.9015151515151515 0.07196969696969698 0.8977272727272727 0.07575757575757576 0.9015151515151515 0.07954545454545454 0.9053030303030303 0.07575757575757576 0.9962121212121212 0.07575757575757576 0.9962121212121212 0
0 0.5227272727272727 0.25757575757575757 0.5227272727272727 0.3560606060606061 0.5303030303030303 0.3560606060606061 0.5340909090909091 0.35984848484848486 0.5416666666666666 0.35984848484848486 0.5454545454545454 0.36363636363636365 0.5568181818181818 0.36363636363636365 0.5606060606060606 0.36742424242424243 0.5984848484848485 0.36742424242424243 0.6022727272727273 0.36363636363636365 0.6136363636363636 0.36363636363636365 0.6174242424242424 0.36742424242424243 0.6363636363636364 0.36742424242424243 0.6098484848484849 0.3409090909090909 0.6060606060606061 0.3409090909090909 0.5833333333333334 0.3181818181818182 0.5795454545454546 0.3181818181818182 0.5492424242424242 0.2878787878787879 0.5492424242424242 0.2840909090909091
0 0 0 0 0.0946969696969697 0.007575757575757576 0.0946969696969697 0.011363636363636364 0.09848484848484848 0.045454545454545456 0.09848484848484848 0.045454545454545456 0.07196969696969698 0.041666666666666664 0.06818181818181818 0.041666666666666664 0.056818181818181816 0.045454545454545456 0.05303030303030303 0.045454545454545456 0.007575757575757576 0.041666666666666664 0.003787878787878788 0.041666666666666664 0
1 0.3522727272727273 0.42803030303030304 0.3522727272727273 0.4393939393939394 0.3560606060606061 0.4431818181818182 0.3560606060606061 0.44696969696969696 0.35984848484848486 0.45075757575757575 0.35984848484848486 0.4583333333333333 0.36363636363636365 0.4621212121212121 0.36742424242424243 0.4621212121212121 0.3787878787878788 0.4734848484848485 0.38257575757575757 0.4734848484848485 0.38636363636363635 0.4772727272727273 0.3939393939393939 0.4772727272727273 0.3977272727272727 0.4810606060606061 0.4090909090909091 0.4810606060606061 0.42045454545454547 0.49242424242424243 0.42045454545454547 0.4962121212121212 0.42424242424242425 0.5 0.42424242424242425 0.5303030303030303 0.42803030303030304 0.5340909090909091 0.42803030303030304 0.553030303030303 0.42424242424242425 0.5568181818181818 0.42424242424242425 0.5681818181818182 0.42045454545454547 0.571969696969697 0.42045454545454547 0.5795454545454546 0.4166666666666667 0.5833333333333334 0.4166666666666667 0.5946969696969697 0.42045454545454547 0.5984848484848485 0.42045454545454547 0.6060606060606061 0.42424242424242425 0.6098484848484849 0.42424242424242425 0.6136363636363636 0.42803030303030304 0.6174242424242424 0.42803030303030304 0.625 0.4621212121212121 0.625 0.4659090909090909 0.6287878787878788 0.4696969696969697 0.6287878787878788 0.4734848484848485 0.6325757575757576 0.4772727272727273 0.6325757575757576 0.48484848484848486 0.6401515151515151 0.49242424242424243 0.6401515151515151 0.4962121212121212 0.6363636363636364 0.5340909090909091 0.6363636363636364 0.5378787878787878 0.6401515151515151 0.5416666666666666 0.6401515151515151 0.553030303030303 0.6287878787878788 0.5833333333333334 0.6287878787878788 0.5871212121212122 0.6325757575757576 0.5946969696969697 0.6325757575757576 0.6022727272727273 0.6401515151515151 0.6060606060606061 0.6401515151515151 0.6098484848484849 0.6439393939393939 0.6325757575757576 0.6439393939393939 0.6325757575757576 0.6401515151515151 0.6363636363636364 0.6363636363636364 0.6477272727272727 0.6363636363636364 0.6515151515151515 0.6325757575757576 0.6931818181818182 0.6325757575757576 0.7007575757575758 0.6401515151515151 0.7083333333333334 0.6401515151515151 0.7121212121212122 0.6439393939393939 0.7121212121212122 0.6477272727272727 0.7159090909090909 0.6477272727272727 0.7196969696969697 0.6515151515151515 0.7537878787878788 0.6515151515151515 0.7575757575757576 0.6477272727272727 0.7613636363636364 0.6477272727272727 0.7651515151515151 0.6439393939393939 0.7689393939393939 0.6439393939393939 0.7765151515151515 0.6363636363636364 0.8068181818181818 0.6363636363636364 0.8106060606060606 0.6325757575757576 0.8295454545454546 0.6325757575757576 0.8333333333333334 0.6287878787878788 0.8333333333333334 0.6098484848484849 0.8371212121212122 0.6060606060606061 0.8371212121212122 0.4583333333333333 0.8333333333333334 0.45454545454545453 0.8333333333333334 0.4318181818181818 0.8295454545454546 0.4318181818181818 0.8257575757575758 0.42803030303030304 0.7007575757575758 0.42803030303030304 0.696969696969697 0.4318181818181818 0.6515151515151515 0.4318181818181818 0.6477272727272727 0.42803030303030304 0.5681818181818182 0.42803030303030304 0.5643939393939394 0.4318181818181818 0.5568181818181818 0.4318181818181818 0.553030303030303 0.42803030303030304 0.5454545454545454 0.42803030303030304 0.5416666666666666 0.4318181818181818 0.5151515151515151 0.4318181818181818 0.5113636363636364 0.42803030303030304 0.44696969696969696 0.42803030303030304 0.4431818181818182 0.4318181818181818 0.4393939393939394 0.42803030303030304 0.4166666666666667 0.42803030303030304 0.4128787878787879 0.42424242424242425 0.3977272727272727 0.42424242424242425 0.3939393939393939 0.42045454545454547 0.38257575757575757 0.42045454545454547 0.3787878787878788 0.42424242424242425 0.35984848484848486 0.42424242424242425 0.3560606060606061 0.42803030303030304
1 0.45075757575757575 0.14772727272727273 0.4166666666666667 0.14772727272727273 0.4128787878787879 0.14393939393939395 0.3371212121212121 0.14393939393939395 0.3333333333333333 0.14015151515151514 0.29924242424242425 0.14015151515151514 0.29545454545454547 0.14393939393939395 0.14393939393939395 0.14393939393939395 0.14015151515151514 0.14772727272727273 0.09090909090909091 0.14772727272727273 0.0946969696969697 0.15151515151515152 0.0946969696969697 0.18181818181818182 0.09090909090909091 0.1856060606060606 0.09090909090909091 0.1893939393939394 0.08712121212121213 0.19318181818181818 0.08712121212121213 0.19696969696969696 0.09090909090909091 0.20075757575757575 0.09090909090909091 0.20454545454545456 0.0946969696969697 0.20833333333333334 0.0946969696969697 0.21212121212121213 0.09848484848484848 0.2159090909090909 0.09848484848484848 0.22348484848484848 0.10606060606060606 0.23106060606060605 0.10606060606060606 0.2537878787878788 0.10227272727272728 0.25757575757575757 0.10227272727272728 0.26136363636363635 0.0946969696969697 0.2689393939393939 0.0946969696969697 0.2727272727272727 0.09090909090909091 0.2765151515151515 0.09090909090909091 0.2803030303030303 0.08712121212121213 0.2840909090909091 0.09090909090909091 0.2878787878787879 0.09090909090909091 0.2916666666666667 0.0946969696969697 0.29545454545454547 0.10984848484848485 0.29545454545454547 0.12121212121212122 0.3068181818181818 0.125 0.3068181818181818 0.12878787878787878 0.3106060606060606 0.12878787878787878 0.3143939393939394 0.13257575757575757 0.3181818181818182 0.13257575757575757 0.32575757575757575 0.12878787878787878 0.32954545454545453 0.12878787878787878 0.3371212121212121 0.13257575757575757 0.3409090909090909 0.19696969696969696 0.3409090909090909 0.20075757575757575 0.3446969696969697 0.22348484848484848 0.3446969696969697 0.22727272727272727 0.3484848484848485 0.26515151515151514 0.3484848484848485 0.2727272727272727 0.3560606060606061 0.2727272727272727 0.35984848484848486 0.2765151515151515 0.36363636363636365 0.2916666666666667 0.36363636363636365 0.29545454545454547 0.35984848484848486 0.29924242424242425 0.35984848484848486 0.3068181818181818 0.3522727272727273 0.4128787878787879 0.3522727272727273 0.4166666666666667 0.3484848484848485 0.4393939393939394 0.3484848484848485 0.4431818181818182 0.3446969696969697 0.45075757575757575 0.3446969696969697 0.45075757575757575 0.3409090909090909 0.45454545454545453 0.3371212121212121 0.45454545454545453 0.3068181818181818 0.4583333333333333 0.30303030303030304 0.4583333333333333 0.2803030303030303 0.4621212121212121 0.2765151515151515 0.4621212121212121 0.19318181818181818 0.4583333333333333 0.1893939393939394 0.4583333333333333 0.17424242424242425 0.45454545454545453 0.17045454545454544 0.45454545454545453 0.1553030303030303 0.45075757575757575 0.15151515151515152
1 0.5189393939393939 0.7424242424242424 0.5189393939393939 0.7727272727272727 0.5227272727272727 0.7765151515151515 0.5227272727272727 0.7916666666666666 0.5265151515151515 0.7954545454545454 0.5265151515151515 0.7992424242424242 0.5340909090909091 0.8068181818181818 0.5340909090909091 0.8484848484848485 0.5303030303030303 0.8522727272727273 0.5303030303030303 0.8636363636363636 0.5265151515151515 0.8674242424242424 0.5265151515151515 0.8712121212121212 0.5227272727272727 0.875 0.5227272727272727 0.8825757575757576 0.5265151515151515 0.8863636363636364 0.5265151515151515 0.8901515151515151 0.5113636363636364 0.9053030303030303 0.5113636363636364 0.9242424242424242 0.5075757575757576 0.928030303030303 0.5075757575757576 0.9431818181818182 0.5189393939393939 0.9545454545454546 0.5265151515151515 0.9545454545454546 0.5303030303030303 0.9583333333333334 0.5492424242424242 0.9583333333333334 0.553030303030303 0.9621212121212122 0.6060606060606061 0.9621212121212122 0.6098484848484849 0.9583333333333334 0.6325757575757576 0.9583333333333334 0.6363636363636364 0.9545454545454546 0.7045454545454546 0.9545454545454546 0.7083333333333334 0.9583333333333334 0.7196969696969697 0.9583333333333334 0.7234848484848485 0.9621212121212122 0.7386363636363636 0.9621212121212122 0.7424242424242424 0.9659090909090909 0.7765151515151515 0.9659090909090909 0.7803030303030303 0.9696969696969697 0.8068181818181818 0.9696969696969697 0.8106060606060606 0.9659090909090909 0.8636363636363636 0.9659090909090909 0.8674242424242424 0.9621212121212122 0.8901515151515151 0.9621212121212122 0.8939393939393939 0.9583333333333334 0.9090909090909091 0.9583333333333334 0.8939393939393939 0.9431818181818182 0.8901515151515151 0.9431818181818182 0.8825757575757576 0.9356060606060606 0.8825757575757576 0.9318181818181818 0.8712121212121212 0.9204545454545454 0.8674242424242424 0.9204545454545454 0.8636363636363636 0.9166666666666666 0.8636363636363636 0.9090909090909091 0.8598484848484849 0.9053030303030303 0.8598484848484849 0.9015151515151515 0.8560606060606061 0.8977272727272727 0.8560606060606061 0.8939393939393939 0.8484848484848485 0.8863636363636364 0.8484848484848485 0.8825757575757576 0.8409090909090909 0.875 0.8409090909090909 0.8712121212121212 0.8333333333333334 0.8636363636363636 0.8333333333333334 0.8598484848484849 0.8295454545454546 0.8598484848484849 0.821969696969697 0.8522727272727273 0.8106060606060606 0.8522727272727273 0.7992424242424242 0.8409090909090909 0.7992424242424242 0.8143939393939394 0.7765151515151515 0.7916666666666666 0.7727272727272727 0.7916666666666666 0.7575757575757576 0.7765151515151515 0.7537878787878788 0.7765151515151515 0.7348484848484849 0.7575757575757576 0.7348484848484849 0.7537878787878788 0.7310606060606061 0.75 0.7310606060606061 0.7462121212121212 0.7234848484848485 0.7386363636363636 0.7007575757575758 0.7386363636363636 0.696969696969697 0.7424242424242424 0.6931818181818182 0.7424242424242424 0.6893939393939394 0.7462121212121212 0.6818181818181818 0.7462121212121212 0.678030303030303 0.7424242424242424 0.6628787878787878 0.7424242424242424 0.6590909090909091 0.7462121212121212 0.6022727272727273 0.7462121212121212 0.5984848484848485 0.7424242424242424 0.5871212121212122 0.7424242424242424 0.5833333333333334 0.7386363636363636 0.5227272727272727 0.7386363636363636
1 0.39015151515151514 0.5454545454545454 0.38257575757575757 0.5454545454545454 0.3787878787878788 0.5416666666666666 0.3787878787878788 0.5378787878787878 0.375 0.5340909090909091 0.375 0.5303030303030303 0.35984848484848486 0.5151515151515151 0.3560606060606061 0.5151515151515151 0.3484848484848485 0.5075757575757576 0.3409090909090909 0.5075757575757576 0.32954545454545453 0.4962121212121212 0.32954545454545453 0.49242424242424243 0.32575757575757575 0.48863636363636365 0.32575757575757575 0.4810606060606061 0.32196969696969696 0.4772727272727273 0.32196969696969696 0.4696969696969697 0.3181818181818182 0.4659090909090909 0.3181818181818182 0.4621212121212121 0.3143939393939394 0.4583333333333333 0.3143939393939394 0.45454545454545453 0.3106060606060606 0.45075757575757575 0.2803030303030303 0.45075757575757575 0.2765151515151515 0.45454545454545453 0.26515151515151514 0.45454545454545453 0.26136363636363635 0.4583333333333333 0.1856060606060606 0.4583333333333333 0.18181818181818182 0.4621212121212121 0.17803030303030304 0.4621212121212121 0.17424242424242425 0.4583333333333333 0.14772727272727273 0.4583333333333333 0.14393939393939395 0.4621212121212121 0.14015151515151514 0.4583333333333333 0.13257575757575757 0.4583333333333333 0.12878787878787878 0.45454545454545453 0.10227272727272728 0.45454545454545453 0.10227272727272728 0.4734848484848485 0.10606060606060606 0.4772727272727273 0.10606060606060606 0.48863636363636365 0.10984848484848485 0.49242424242424243 0.10984848484848485 0.5037878787878788 0.11363636363636363 0.5075757575757576 0.11363636363636363 0.5113636363636364 0.11742424242424243 0.5151515151515151 0.11742424242424243 0.5189393939393939 0.12121212121212122 0.5227272727272727 0.12121212121212122 0.553030303030303 0.11742424242424243 0.5568181818181818 0.11742424242424243 0.5757575757575758 0.11363636363636363 0.5795454545454546 0.11363636363636363 0.5833333333333334 0.10984848484848485 0.5871212121212122 0.10984848484848485 0.5946969696969697 0.10606060606060606 0.5984848484848485 0.10606060606060606 0.6363636363636364 0.10227272727272728 0.6401515151515151 0.10227272727272728 0.6553030303030303 0.10606060606060606 0.6590909090909091 0.10606060606060606 0.6704545454545454 0.11363636363636363 0.678030303030303 0.125 0.678030303030303 0.12878787878787878 0.6818181818181818 0.14772727272727273 0.6818181818181818 0.15151515151515152 0.678030303030303 0.1553030303030303 0.678030303030303 0.16287878787878787 0.6704545454545454 0.16666666666666666 0.6704545454545454 0.17424242424242425 0.6628787878787878 0.17803030303030304 0.6628787878787878 0.18181818181818182 0.6590909090909091 0.1893939393939394 0.6590909090909091 0.19318181818181818 0.6553030303030303 0.20454545454545456 0.6553030303030303 0.20833333333333334 0.6515151515151515 0.24242424242424243 0.6515151515151515 0.24621212121212122 0.6553030303030303 0.26136363636363635 0.6553030303030303 0.26515151515151514 0.6590909090909091 0.2727272727272727 0.6590909090909091 0.2765151515151515 0.6628787878787878 0.29545454545454547 0.6628787878787878 0.29924242424242425 0.6666666666666666 0.30303030303030304 0.6666666666666666 0.3068181818181818 0.6704545454545454 0.3143939393939394 0.6704545454545454 0.3181818181818182 0.6742424242424242 0.3560606060606061 0.6742424242424242 0.35984848484848486 0.6704545454545454 0.36363636363636365 0.6704545454545454 0.36742424242424243 0.6742424242424242 0.39015151515151514 0.6742424242424242 0.39015151515151514 0.6704545454545454 0.3939393939393939 0.6666666666666666 0.3939393939393939 0.6628787878787878 0.39015151515151514 0.6628787878787878 0.3787878787878788 0.6515151515151515 0.3787878787878788 0.6439393939393939 0.375 0.6401515151515151 0.375 0.6287878787878788 0.3712121212121212 0.625 0.3712121212121212 0.5984848484848485 0.375 0.5946969696969697 0.375 0.5871212121212122 0.38257575757575757 0.5795454545454546 0.38257575757575757 0.5681818181818182 0.38636363636363635 0.5643939393939394 0.38636363636363635 0.5568181818181818 0.39015151515151514 0.553030303030303
1 0.7765151515151515 0.7196969696969697 0.7878787878787878 0.7196969696969697 0.7916666666666666 0.7234848484848485 0.7916666666666666 0.7272727272727273 0.803030303030303 0.7386363636363636 0.8068181818181818 0.7386363636363636 0.8106060606060606 0.7424242424242424 0.8143939393939394 0.7424242424242424 0.8257575757575758 0.7537878787878788 0.8257575757575758 0.7651515151515151 0.8295454545454546 0.7689393939393939 0.8295454545454546 0.7840909090909091 0.8257575757575758 0.7878787878787878 0.8257575757575758 0.7954545454545454 0.8295454545454546 0.7992424242424242 0.8295454545454546 0.8068181818181818 0.8371212121212122 0.8143939393939394 0.8446969696969697 0.8143939393939394 0.8522727272727273 0.821969696969697 0.8560606060606061 0.821969696969697 0.8636363636363636 0.8295454545454546 0.8674242424242424 0.8295454545454546 0.8712121212121212 0.8333333333333334 0.8787878787878788 0.8333333333333334 0.8825757575757576 0.8371212121212122 0.8863636363636364 0.8371212121212122 0.8977272727272727 0.8484848484848485 0.8977272727272727 0.8522727272727273 0.9015151515151515 0.8560606060606061 0.9015151515151515 0.8598484848484849 0.9128787878787878 0.8712121212121212 0.9166666666666666 0.8712121212121212 0.9356060606060606 0.8901515151515151 0.9356060606060606 0.8939393939393939 0.9545454545454546 0.9128787878787878 0.9696969696969697 0.9128787878787878 0.9734848484848485 0.9166666666666666 0.9772727272727273 0.9166666666666666 0.9810606060606061 0.9204545454545454 0.9848484848484849 0.9204545454545454 0.9924242424242424 0.928030303030303 0.9962121212121212 0.928030303030303 0.9962121212121212 0.7196969696969697 0.9356060606060606 0.7196969696969697 0.9318181818181818 0.7159090909090909 0.9242424242424242 0.7159090909090909 0.9204545454545454 0.7196969696969697 0.9166666666666666 0.7196969696969697 0.9128787878787878 0.7159090909090909 0.8825757575757576 0.7159090909090909 0.8787878787878788 0.7196969696969697
1 0 0.16666666666666666 0 0.375 0.003787878787878788 0.375 0.007575757575757576 0.3712121212121212 0.011363636363636364 0.3712121212121212 0.015151515151515152 0.375 0.01893939393939394 0.375 0.022727272727272728 0.3787878787878788 0.030303030303030304 0.3787878787878788 0.03409090909090909 0.38257575757575757 0.056818181818181816 0.38257575757575757 0.056818181818181816 0.375 0.06060606060606061 0.3712121212121212 0.06439393939393939 0.3712121212121212 0.07954545454545454 0.3560606060606061 0.07954545454545454 0.3484848484848485 0.06818181818181818 0.3371212121212121 0.06818181818181818 0.3333333333333333 0.06439393939393939 0.32954545454545453 0.06439393939393939 0.2803030303030303 0.06060606060606061 0.2765151515151515 0.06060606060606061 0.2727272727272727 0.056818181818181816 0.2689393939393939 0.056818181818181816 0.2537878787878788 0.05303030303030303 0.25 0.05303030303030303 0.24621212121212122 0.045454545454545456 0.23863636363636365 0.045454545454545456 0.2159090909090909 0.04924242424242424 0.21212121212121213 0.04924242424242424 0.20833333333333334 0.05303030303030303 0.20454545454545456 0.05303030303030303 0.18181818181818182 0.011363636363636364 0.18181818181818182 0.007575757575757576 0.17803030303030304 0.003787878787878788 0.17803030303030304 0 0.17424242424242425
2 0.045454545454545456 0 0.06060606060606061 0.01893939393939394 0.056818181818181816 0.022727272727272728 0.05303030303030303 0.04924242424242424 0.045454545454545456 0.06060606060606061 0.04924242424242424 0.08333333333333333 0.056818181818181816 0.0946969696969697 0.056818181818181816 0.13257575757575757 0.06060606060606061 0.13636363636363635 0.06060606060606061 0.1553030303030303 0.05303030303030303 0.16666666666666666 0.003787878787878788 0.16666666666666666 0.003787878787878788 0.17424242424242425 0.011363636363636364 0.17803030303030304 0.05303030303030303 0.17803030303030304 0.056818181818181816 0.18181818181818182 0.056818181818181816 0.20454545454545456 0.04924242424242424 0.2159090909090909 0.04924242424242424 0.23863636363636365 0.06060606060606061 0.2537878787878788 0.06060606060606061 0.2689393939393939 0.06818181818181818 0.2803030303030303 0.06818181818181818 0.32954545454545453 0.08333333333333333 0.3484848484848485 0.08333333333333333 0.3560606060606061 0.06439393939393939 0.375 0.06060606060606061 0.375 0.06060606060606061 0.3977272727272727 0.07196969696969698 0.4090909090909091 0.09848484848484848 0.4090909090909091 0.10984848484848485 0.4015151515151515 0.11742424242424243 0.4090909090909091 0.13636363636363635 0.4090909090909091 0.14015151515151514 0.4053030303030303 0.15151515151515152 0.4053030303030303 0.16666666666666666 0.4166666666666667 0.1893939393939394 0.4166666666666667 0.20833333333333334 0.4015151515151515 0.23863636363636365 0.4015151515151515 0.24621212121212122 0.3977272727272727 0.25 0.4015151515151515 0.25 0.4090909090909091 0.2727272727272727 0.42803030303030304 0.29545454545454547 0.42803030303030304 0.3181818181818182 0.45454545454545453 0.32575757575757575 0.4696969696969697 0.32575757575757575 0.4772727272727273 0.32954545454545453 0.4810606060606061 0.3333333333333333 0.4962121212121212 0.3409090909090909 0.5037878787878788 0.3484848484848485 0.5037878787878788 0.3560606060606061 0.5113636363636364 0.35984848484848486 0.5113636363636364 0.3787878787878788 0.5303030303030303 0.38257575757575757 0.5416666666666666 0.39015151515151514 0.5416666666666666 0.3939393939393939 0.5454545454545454 0.3939393939393939 0.553030303030303 0.38636363636363635 0.5681818181818182 0.38636363636363635 0.5795454545454546 0.3787878787878788 0.5871212121212122 0.3787878787878788 0.5946969696969697 0.375 0.5984848484848485 0.375 0.625 0.3787878787878788 0.6287878787878788 0.38257575757575757 0.6515151515151515 0.3977272727272727 0.6628787878787878 0.3939393939393939 0.678030303030303 0.4015151515151515 0.6856060606060606 0.4090909090909091 0.6893939393939394 0.4318181818181818 0.6893939393939394 0.4393939393939394 0.6818181818181818 0.45075757575757575 0.6818181818181818 0.4621212121212121 0.6931818181818182 0.4810606060606061 0.6931818181818182 0.48484848484848486 0.6893939393939394 0.49242424242424243 0.6893939393939394 0.5075757575757576 0.678030303030303 0.5113636363636364 0.6818181818181818 0.5265151515151515 0.6818181818181818 0.5303030303030303 0.6856060606060606 0.571969696969697 0.6818181818181818 0.5871212121212122 0.6893939393939394 0.6287878787878788 0.6893939393939394 0.6401515151515151 0.6818181818181818 0.6515151515151515 0.6818181818181818 0.6553030303030303 0.678030303030303 0.6704545454545454 0.6818181818181818 0.6818181818181818 0.6931818181818182 0.6856060606060606 0.6931818181818182 0.696969696969697 0.7083333333333334 0.696969696969697 0.7121212121212122 0.7348484848484849 0.7462121212121212 0.7386363636363636 0.7575757575757576 0.7537878787878788 0.7727272727272727 0.7575757575757576 0.7727272727272727 0.7727272727272727 0.7878787878787878 0.7765151515151515 0.7878787878787878 0.803030303030303 0.8143939393939394 0.803030303030303 0.8409090909090909 0.8106060606060606 0.8484848484848485 0.821969696969697 0.8484848484848485 0.8371212121212122 0.8598484848484849 0.8371212121212122 0.8636363636363636 0.8598484848484849 0.8939393939393939 0.8674242424242424 0.9090909090909091 0.8674242424242424 0.9166666666666666 0.8712121212121212 0.9166666666666666 0.8863636363636364 0.9318181818181818 0.8901515151515151 0.9393939393939394 0.8939393939393939 0.9393939393939394 0.9204545454545454 0.9659090909090909 0.9507575757575758 0.9659090909090909 0.9583333333333334 0.9621212121212122 0.9696969696969697 0.9696969696969697 0.9772727272727273 0.9696969696969697 0.9886363636363636 0.9810606060606061 0.9886363636363636 0.9924242424242424 0.9962121212121212 0.9962121212121212 0.9962121212121212 0.9318181818181818 0.9696969696969697 0.9166666666666666 0.9545454545454546 0.9166666666666666 0.9318181818181818 0.8939393939393939 0.9318181818181818 0.8901515151515151 0.8977272727272727 0.8598484848484849 0.8939393939393939 0.8484848484848485 0.8863636363636364 0.8409090909090909 0.8636363636363636 0.8333333333333334 0.8446969696969697 0.8181818181818182 0.8371212121212122 0.8181818181818182 0.8257575757575758 0.8068181818181818 0.8257575757575758 0.7992424242424242 0.821969696969697 0.7954545454545454 0.821969696969697 0.7878787878787878 0.8257575757575758 0.7840909090909091 0.821969696969697 0.7537878787878788 0.8143939393939394 0.7462121212121212 0.803030303030303 0.7424242424242424 0.7878787878787878 0.7272727272727273 0.7878787878787878 0.7234848484848485 0.7765151515151515 0.7234848484848485 0.7651515151515151 0.7121212121212122 0.7537878787878788 0.6893939393939394 0.7348484848484849 0.6742424242424242 0.7310606060606061 0.6628787878787878 0.7234848484848485 0.6553030303030303 0.7121212121212122 0.6515151515151515 0.7083333333333334 0.6439393939393939 0.7007575757575758 0.6439393939393939 0.6931818181818182 0.6363636363636364 0.6515151515151515 0.6363636363636364 0.6477272727272727 0.6401515151515151 0.6363636363636364 0.6401515151515151 0.6325757575757576 0.6477272727272727 0.6098484848484849 0.6477272727272727 0.5946969696969697 0.6363636363636364 0.5871212121212122 0.6363636363636364 0.5833333333333334 0.6325757575757576 0.553030303030303 0.6325757575757576 0.5416666666666666 0.6439393939393939 0.5340909090909091 0.6401515151515151 0.4962121212121212 0.6401515151515151 0.49242424242424243 0.6439393939393939 0.48484848484848486 0.6439393939393939 0.4772727272727273 0.6363636363636364 0.4621212121212121 0.6287878787878788 0.42803030303030304 0.6287878787878788 0.42424242424242425 0.625 0.42424242424242425 0.6174242424242424 0.4128787878787879 0.5946969696969697 0.4128787878787879 0.5833333333333334 0.4166666666666667 0.5795454545454546 0.42045454545454547 0.5568181818181818 0.42424242424242425 0.553030303030303 0.42424242424242425 0.5340909090909091 0.42045454545454547 0.5303030303030303 0.42045454545454547 0.5 0.4090909090909091 0.48484848484848486 0.38636363636363635 0.4810606060606061 0.3560606060606061 0.4583333333333333 0.3560606060606061 0.45075757575757575 0.3484848484848485 0.4393939393939394 0.3484848484848485 0.42045454545454547 0.3409090909090909 0.4128787878787879 0.3409090909090909 0.4053030303030303 0.3333333333333333 0.4015151515151515 0.32954545454545453 0.39015151515151514 0.3143939393939394 0.375 0.30303030303030304 0.375 0.29924242424242425 0.3712121212121212 0.2878787878787879 0.3712121212121212 0.2840909090909091 0.375 0.2689393939393939 0.35984848484848486 0.26515151515151514 0.3522727272727273 0.22727272727272727 0.3522727272727273 0.22348484848484848 0.3484848484848485 0.20075757575757575 0.3484848484848485 0.19696969696969696 0.3446969696969697 0.13257575757575757 0.3446969696969697 0.125 0.3371212121212121 0.125 0.32954545454545453 0.12878787878787878 0.32575757575757575 0.125 0.3106060606060606 0.12121212121212122 0.3106060606060606 0.10984848484848485 0.29924242424242425 0.0946969696969697 0.29924242424242425 0.08333333333333333 0.2840909090909091 0.10227272727272728 0.2537878787878788 0.10227272727272728 0.23106060606060605 0.0946969696969697 0.22348484848484848 0.0946969696969697 0.2159090909090909 0.08333333333333333 0.19696969696969696 0.09090909090909091 0.18181818181818182 0.09090909090909091 0.15151515151515152 0.08712121212121213 0.14772727272727273 0.08712121212121213 0.09848484848484848 0.09090909090909091 0.0946969696969697 0.09090909090909091 0.07196969696969698 0.08712121212121213 0.06818181818181818 0.08712121212121213 0.06060606060606061 0.07954545454545454 0.045454545454545456 0.07954545454545454 0.03787878787878788 0.08712121212121213 0.026515151515151516 0.08712121212121213 0
2 0.5151515151515151 0.23863636363636365 0.5151515151515151 0.25 0.5189393939393939 0.2537878787878788 0.5227272727272727 0.2537878787878788 0.553030303030303 0.2840909090909091 0.553030303030303 0.2878787878787879 0.5795454545454546 0.3143939393939394 0.5833333333333334 0.3143939393939394 0.6060606060606061 0.3371212121212121 0.6098484848484849 0.3371212121212121 0.6439393939393939 0.3712121212121212 0.6553030303030303 0.3712121212121212 0.6553030303030303 0.36363636363636365 0.6363636363636364 0.3446969696969697 0.6325757575757576 0.3446969696969697 0.5946969696969697 0.3068181818181818 0.5909090909090909 0.3068181818181818 0.5227272727272727 0.23863636363636365