0 0.7804878048780488 0.4268292682926829 0.7764227642276422 0.42276422764227645 0.7764227642276422 0.4105691056910569 0.7723577235772358 0.4065040650406504 0.7723577235772358 0.3983739837398374 0.7682926829268293 0.3943089430894309 0.7682926829268293 0.3902439024390244 0.7601626016260162 0.3821138211382114 0.7479674796747967 0.3821138211382114 0.7439024390243902 0.3780487804878049 0.7195121951219512 0.3780487804878049 0.7154471544715447 0.37398373983739835 0.7032520325203252 0.37398373983739835 0.6991869918699187 0.3699186991869919 0.6869918699186992 0.3699186991869919 0.6829268292682927 0.36585365853658536 0.6666666666666666 0.36585365853658536 0.6626016260162602 0.3617886178861789 0.6585365853658537 0.3617886178861789 0.6544715447154471 0.35772357723577236 0.6178861788617886 0.35772357723577236 0.6138211382113821 0.3617886178861789 0.6016260162601627 0.3617886178861789 0.5975609756097561 0.35772357723577236 0.5853658536585366 0.35772357723577236 0.5813008130081301 0.35365853658536583 0.540650406504065 0.35365853658536583 0.5365853658536586 0.35772357723577236 0.5284552845528455 0.35772357723577236 0.524390243902439 0.3617886178861789 0.5121951219512195 0.3617886178861789 0.508130081300813 0.36585365853658536 0.46747967479674796 0.36585365853658536 0.4634146341463415 0.3699186991869919 0.4268292682926829 0.3699186991869919 0.42276422764227645 0.36585365853658536 0.4105691056910569 0.36585365853658536 0.4065040650406504 0.3617886178861789 0.3821138211382114 0.3617886178861789 0.3780487804878049 0.35772357723577236 0.3699186991869919 0.35772357723577236 0.36585365853658536 0.3617886178861789 0.3130081300813008 0.3617886178861789 0.3089430894308943 0.36585365853658536 0.2601626016260163 0.36585365853658536 0.25609756097560976 0.3617886178861789 0.23577235772357724 0.3617886178861789 0.23170731707317074 0.35772357723577236 0.13414634146341464 0.35772357723577236 0.13008130081300814 0.3617886178861789 0.10975609756097561 0.3617886178861789 0.10569105691056911 0.36585365853658536 0.08943089430894309 0.36585365853658536 0.08536585365853659 0.3699186991869919 0.08130081300813008 0.36585365853658536 0.07317073170731707 0.36585365853658536 0.06910569105691057 0.3617886178861789 0.06097560975609756 0.3617886178861789 0.056910569105691054 0.35772357723577236 0.052845528455284556 0.3617886178861789 0.028455284552845527 0.3617886178861789 0.024390243902439025 0.36585365853658536 0.024390243902439025 0.3780487804878049 0.02032520325203252 0.3821138211382114 0.02032520325203252 0.3902439024390244 0.016260162601626018 0.3943089430894309 0.016260162601626018 0.43089430894308944 0.02032520325203252 0.4349593495934959 0.02032520325203252 0.45121951219512196 0.024390243902439025 0.45528455284552843 0.024390243902439025 0.532520325203252 0.02032520325203252 0.5365853658536586 0.02032520325203252 0.5447154471544715 0.016260162601626018 0.5487804878048781 0.016260162601626018 0.5650406504065041 0.02032520325203252 0.5691056910569106 0.02032520325203252 0.5772357723577236 0.024390243902439025 0.5813008130081301 0.036585365853658534 0.5813008130081301 0.04065040650406504 0.5772357723577236 0.07317073170731707 0.5772357723577236 0.07723577235772358 0.5813008130081301 0.0975609756097561 0.5813008130081301 0.1016260162601626 0.5853658536585366 0.11788617886178862 0.5853658536585366 0.12195121951219512 0.5894308943089431 0.17073170731707318 0.5894308943089431 0.17479674796747968 0.5853658536585366 0.21138211382113822 0.5853658536585366 0.21544715447154472 0.5894308943089431 0.23577235772357724 0.5894308943089431 0.23983739837398374 0.5934959349593496 0.24796747967479674 0.5934959349593496 0.25203252032520324 0.5975609756097561 0.25609756097560976 0.5975609756097561 0.2601626016260163 0.6016260162601627 0.2682926829268293 0.6016260162601627 0.27235772357723576 0.6056910569105691 0.2886178861788618 0.6056910569105691 0.2926829268292683 0.6016260162601627 0.3008130081300813 0.6016260162601627 0.3048780487804878 0.5975609756097561 0.3130081300813008 0.5975609756097561 0.3170731707317073 0.5934959349593496 0.32113821138211385 0.5934959349593496 0.3252032520325203 0.5894308943089431 0.35365853658536583 0.5894308943089431 0.35772357723577236 0.5934959349593496 0.4268292682926829 0.5934959349593496 0.43089430894308944 0.5894308943089431 0.4796747967479675 0.5894308943089431 0.483739837398374 0.5934959349593496 0.5203252032520326 0.5934959349593496 0.524390243902439 0.5894308943089431 0.556910569105691 0.5894308943089431 0.5609756097560976 0.5934959349593496 0.6138211382113821 0.5934959349593496 0.6178861788617886 0.5894308943089431 0.6422764227642277 0.5894308943089431 0.6463414634146342 0.5934959349593496 0.6666666666666666 0.5934959349593496 0.6707317073170732 0.5975609756097561 0.6869918699186992 0.5975609756097561 0.6910569105691057 0.6016260162601627 0.6951219512195121 0.5975609756097561 0.7113821138211383 0.5975609756097561 0.7154471544715447 0.5934959349593496 0.7398373983739838 0.5934959349593496 0.7439024390243902 0.5894308943089431 0.7804878048780488 0.5894308943089431 0.7804878048780488 0.5609756097560976 0.7764227642276422 0.556910569105691 0.7764227642276422 0.5365853658536586 0.7723577235772358 0.532520325203252 0.7723577235772358 0.516260162601626 0.7764227642276422 0.5121951219512195 0.7764227642276422 0.5040650406504065 0.7723577235772358 0.5 0.7723577235772358 0.4796747967479675 0.7764227642276422 0.47560975609756095 0.7764227642276422 0.45934959349593496 0.7804878048780488 0.45528455284552843
0 0.21138211382113822 0.6585365853658537 0.21138211382113822 0.6747967479674797 0.2073170731707317 0.6788617886178862 0.2073170731707317 0.6829268292682927 0.2032520325203252 0.6869918699186992 0.2032520325203252 0.6991869918699187 0.2073170731707317 0.7032520325203252 0.2073170731707317 0.7195121951219512 0.2032520325203252 0.7235772357723578 0.2032520325203252 0.7276422764227642 0.2073170731707317 0.7317073170731707 0.2073170731707317 0.7439024390243902 0.21138211382113822 0.7479674796747967 0.21138211382113822 0.8455284552845529 0.2073170731707317 0.8495934959349594 0.2073170731707317 0.8780487804878049 0.21138211382113822 0.8821138211382114 0.21138211382113822 0.8861788617886179 0.3170731707317073 0.8861788617886179 0.32113821138211385 0.8821138211382114 0.34552845528455284 0.8821138211382114 0.34959349593495936 0.8861788617886179 0.4065040650406504 0.8861788617886179 0.4105691056910569 0.8902439024390244 0.43089430894308944 0.8902439024390244 0.4349593495934959 0.8943089430894309 0.45121951219512196 0.8943089430894309 0.45528455284552843 0.8902439024390244 0.4796747967479675 0.8902439024390244 0.483739837398374 0.8861788617886179 0.5528455284552846 0.8861788617886179 0.556910569105691 0.8902439024390244 0.5813008130081301 0.8902439024390244 0.5853658536585366 0.8861788617886179 0.5853658536585366 0.8739837398373984 0.5894308943089431 0.8699186991869918 0.5894308943089431 0.8658536585365854 0.5934959349593496 0.8617886178861789 0.5934959349593496 0.8577235772357723 0.5975609756097561 0.8536585365853658 0.5975609756097561 0.8333333333333334 0.5894308943089431 0.8252032520325203 0.5894308943089431 0.8170731707317073 0.5853658536585366 0.8130081300813008 0.5853658536585366 0.7845528455284553 0.5813008130081301 0.7804878048780488 0.5813008130081301 0.7764227642276422 0.5853658536585366 0.7723577235772358 0.5813008130081301 0.7682926829268293 0.5813008130081301 0.7520325203252033 0.5853658536585366 0.7479674796747967 0.5853658536585366 0.7154471544715447 0.5894308943089431 0.7113821138211383 0.5894308943089431 0.7073170731707317 0.5934959349593496 0.7032520325203252 0.5934959349593496 0.6869918699186992 0.5894308943089431 0.6829268292682927 0.5934959349593496 0.6788617886178862 0.5934959349593496 0.6747967479674797 0.5894308943089431 0.6707317073170732 0.5894308943089431 0.6626016260162602 0.5853658536585366 0.6585365853658537 0.5487804878048781 0.6585365853658537 0.5447154471544715 0.6544715447154471 0.524390243902439 0.6544715447154471 0.5203252032520326 0.6504065040650406 0.516260162601626 0.6504065040650406 0.5121951219512195 0.6544715447154471 0.5 0.6544715447154471 0.4959349593495935 0.6585365853658537 0.4715447154471545 0.6585365853658537 0.46747967479674796 0.6544715447154471 0.4024390243902439 0.6544715447154471 0.3983739837398374 0.6585365853658537 0.3943089430894309 0.6585365853658537 0.3902439024390244 0.6544715447154471 0.3821138211382114 0.6544715447154471 0.3780487804878049 0.6504065040650406 0.34146341463414637 0.6504065040650406 0.33739837398373984 0.6544715447154471 0.32926829268292684 0.6544715447154471 0.3252032520325203 0.6585365853658537 0.3008130081300813 0.6585365853658537 0.2967479674796748 0.6544715447154471 0.2845528455284553 0.6544715447154471 0.2804878048780488 0.6504065040650406 0.26422764227642276 0.6504065040650406 0.2601626016260163 0.6544715447154471 0.22357723577235772 0.6544715447154471 0.21951219512195122 0.6585365853658537
0 0.2073170731707317 0.11382113821138211 0.2073170731707317 0.11788617886178862 0.2032520325203252 0.12195121951219512 0.2032520325203252 0.1910569105691057 0.1991869918699187 0.1951219512195122 0.2032520325203252 0.1991869918699187 0.2032520325203252 0.24390243902439024 0.2073170731707317 0.24796747967479674 0.2073170731707317 0.2804878048780488 0.2032520325203252 0.2845528455284553 0.2032520325203252 0.3130081300813008 0.24390243902439024 0.3130081300813008 0.24796747967479674 0.3089430894308943 0.2682926829268293 0.3089430894308943 0.27235772357723576 0.3130081300813008 0.2804878048780488 0.3130081300813008 0.2845528455284553 0.3170731707317073 0.3048780487804878 0.3170731707317073 0.3089430894308943 0.3130081300813008 0.32926829268292684 0.3130081300813008 0.3333333333333333 0.3089430894308943 0.33739837398373984 0.3089430894308943 0.34146341463414637 0.3130081300813008 0.36585365853658536 0.3130081300813008 0.3699186991869919 0.3170731707317073 0.3780487804878049 0.3170731707317073 0.3821138211382114 0.32113821138211385 0.4105691056910569 0.32113821138211385 0.4146341463414634 0.3170731707317073 0.42276422764227645 0.3170731707317073 0.4268292682926829 0.3130081300813008 0.43089430894308944 0.3130081300813008 0.4349593495934959 0.3089430894308943 0.44308943089430897 0.3089430894308943 0.44715447154471544 0.3130081300813008 0.4634146341463415 0.3130081300813008 0.46747967479674796 0.3089430894308943 0.5 0.3089430894308943 0.5040650406504065 0.3130081300813008 0.516260162601626 0.3130081300813008 0.5203252032520326 0.3089430894308943 0.540650406504065 0.3089430894308943 0.5447154471544715 0.3130081300813008 0.5487804878048781 0.3130081300813008 0.5528455284552846 0.3170731707317073 0.556910569105691 0.3170731707317073 0.5609756097560976 0.32113821138211385 0.5650406504065041 0.3170731707317073 0.5813008130081301 0.3170731707317073 0.5813008130081301 0.3048780487804878 0.5772357723577236 0.3008130081300813 0.5813008130081301 0.2967479674796748 0.5813008130081301 0.24796747967479674 0.5772357723577236 0.24390243902439024 0.5772357723577236 0.22357723577235772 0.5813008130081301 0.21951219512195122 0.5772357723577236 0.21544715447154472 0.5772357723577236 0.21138211382113822 0.5813008130081301 0.2073170731707317 0.5813008130081301 0.18699186991869918 0.5853658536585366 0.18292682926829268 0.5853658536585366 0.17479674796747968 0.5813008130081301 0.17073170731707318 0.5813008130081301 0.15040650406504066 0.5772357723577236 0.14634146341463414 0.5772357723577236 0.13008130081300814 0.573170731707317 0.12601626016260162 0.573170731707317 0.10569105691056911 0.5650406504065041 0.0975609756097561 0.5203252032520326 0.0975609756097561 0.516260162601626 0.09349593495934959 0.491869918699187 0.09349593495934959 0.4878048780487805 0.08943089430894309 0.43902439024390244 0.08943089430894309 0.4349593495934959 0.08536585365853659 0.3943089430894309 0.08536585365853659 0.3902439024390244 0.08943089430894309 0.3821138211382114 0.08943089430894309 0.3780487804878049 0.09349593495934959 0.36585365853658536 0.09349593495934959 0.3617886178861789 0.08943089430894309 0.3170731707317073 0.08943089430894309 0.3130081300813008 0.09349593495934959 0.2845528455284553 0.09349593495934959 0.2804878048780488 0.08943089430894309 0.24796747967479674 0.08943089430894309 0.24390243902439024 0.09349593495934959 0.23577235772357724 0.09349593495934959 0.23170731707317074 0.0975609756097561 0.22764227642276422 0.0975609756097561 0.22357723577235772 0.1016260162601626 0.21951219512195122 0.1016260162601626
0 0.7723577235772358 0.9959349593495935 0.7723577235772358 0.975609756097561 0.7642276422764228 0.967479674796748 0.7642276422764228 0.9634146341463414 0.7601626016260162 0.9634146341463414 0.7398373983739838 0.943089430894309 0.7357723577235772 0.943089430894309 0.7317073170731707 0.9390243902439024 0.7235772357723578 0.9390243902439024 0.7195121951219512 0.9349593495934959 0.7113821138211383 0.9349593495934959 0.7073170731707317 0.9308943089430894 0.6707317073170732 0.9308943089430894 0.6666666666666666 0.926829268292683 0.6056910569105691 0.926829268292683 0.6016260162601627 0.9308943089430894 0.5975609756097561 0.926829268292683 0.5853658536585366 0.926829268292683 0.5813008130081301 0.9227642276422764 0.5609756097560976 0.9227642276422764 0.556910569105691 0.926829268292683 0.5365853658536586 0.926829268292683 0.532520325203252 0.9308943089430894 0.5203252032520326 0.9308943089430894 0.516260162601626 0.9349593495934959 0.3983739837398374 0.9349593495934959 0.3943089430894309 0.9308943089430894 0.37398373983739835 0.9308943089430894 0.3699186991869919 0.9349593495934959 0.22764227642276422 0.9349593495934959 0.22357723577235772 0.9308943089430894 0.21544715447154472 0.9308943089430894 0.21138211382113822 0.926829268292683 0.2032520325203252 0.926829268292683 0.1991869918699187 0.9308943089430894 0.1951219512195122 0.9308943089430894 0.1910569105691057 0.9349593495934959 0.11788617886178862 0.9349593495934959 0.12601626016260162 0.9349593495934959 0.13821138211382114 0.9471544715447154 0.13821138211382114 0.9552845528455285 0.14227642276422764 0.959349593495935 0.14227642276422764 0.983739837398374 0.13414634146341464 0.991869918699187 0.13821138211382114 0.991869918699187 0.14227642276422764 0.9959349593495935
0 0.991869918699187 0.3617886178861789 0.9796747967479674 0.3617886178861789 0.975609756097561 0.35772357723577236 0.9552845528455285 0.35772357723577236 0.9512195121951219 0.3617886178861789 0.9349593495934959 0.3617886178861789 0.9308943089430894 0.36585365853658536 0.9186991869918699 0.36585365853658536 0.9146341463414634 0.3699186991869919 0.8902439024390244 0.3699186991869919 0.8861788617886179 0.36585365853658536 0.8658536585365854 0.36585365853658536 0.8617886178861789 0.3699186991869919 0.8414634146341463 0.3699186991869919 0.8373983739837398 0.36585365853658536 0.8333333333333334 0.36585365853658536 0.8252032520325203 0.37398373983739835 0.8252032520325203 0.4268292682926829 0.8211382113821138 0.43089430894308944 0.8211382113821138 0.45121951219512196 0.8252032520325203 0.45528455284552843 0.8252032520325203 0.4715447154471545 0.8211382113821138 0.47560975609756095 0.8211382113821138 0.483739837398374 0.8170731707317073 0.4878048780487805 0.8170731707317073 0.5040650406504065 0.8211382113821138 0.508130081300813 0.8211382113821138 0.5447154471544715 0.8170731707317073 0.5487804878048781 0.8170731707317073 0.5772357723577236 0.8130081300813008 0.5813008130081301 0.8130081300813008 0.5853658536585366 0.8170731707317073 0.5894308943089431 0.8170731707317073 0.5934959349593496 0.9065040650406504 0.5934959349593496 0.9105691056910569 0.5975609756097561 0.9349593495934959 0.5975609756097561 0.9390243902439024 0.6016260162601627 0.9796747967479674 0.6016260162601627 0.983739837398374 0.5975609756097561 0.9878048780487805 0.5975609756097561 0.991869918699187 0.5934959349593496 0.9959349593495935 0.5934959349593496 0.9959349593495935 0.36585365853658536
0 0 0.07317073170731707 0 0.3089430894308943 0.044715447154471545 0.3089430894308943 0.04878048780487805 0.3048780487804878 0.09349593495934959 0.3048780487804878 0.0975609756097561 0.3089430894308943 0.11788617886178862 0.3089430894308943 0.12195121951219512 0.3048780487804878 0.13821138211382114 0.3048780487804878 0.14227642276422764 0.3089430894308943 0.14634146341463414 0.3089430894308943 0.15040650406504066 0.3130081300813008 0.16260162601626016 0.3130081300813008 0.16260162601626016 0.3089430894308943 0.15853658536585366 0.3048780487804878 0.15853658536585366 0.2804878048780488 0.16260162601626016 0.2764227642276423 0.16260162601626016 0.26422764227642276 0.15853658536585366 0.2601626016260163 0.15853658536585366 0.25203252032520324 0.16260162601626016 0.24796747967479674 0.16260162601626016 0.23983739837398374 0.16666666666666666 0.23577235772357724 0.16666666666666666 0.22764227642276422 0.16260162601626016 0.22357723577235772 0.16260162601626016 0.21138211382113822 0.15447154471544716 0.2032520325203252 0.15447154471544716 0.1910569105691057 0.15853658536585366 0.18699186991869918 0.15853658536585366 0.18292682926829268 0.15447154471544716 0.17886178861788618 0.15447154471544716 0.15040650406504066 0.15853658536585366 0.14634146341463414 0.15853658536585366 0.14227642276422764 0.15447154471544716 0.13821138211382114 0.15447154471544716 0.13414634146341464 0.15853658536585366 0.13008130081300814 0.15853658536585366 0.12195121951219512 0.15447154471544716 0.11788617886178862 0.15853658536585366 0.11382113821138211 0.15447154471544716 0.10975609756097561 0.15447154471544716 0.08536585365853659 0.14227642276422764 0.08536585365853659 0.13821138211382114 0.08130081300813008 0.12601626016260162 0.08130081300813008 0.11788617886178862 0.07317073170731707 0.11382113821138211 0.07317073170731707 0.10975609756097561 0.06910569105691057 0.10569105691056911 0.06910569105691057 0.1016260162601626 0.07317073170731707 0.0975609756097561 0.06910569105691057 0.07723577235772358 0.06910569105691057 0.06910569105691057 0.07723577235772358 0.06504065040650407 0.07723577235772358 0.06097560975609756 0.08130081300813008 0.028455284552845527 0.08130081300813008 0.024390243902439025 0.07723577235772358 0.0040650406504065045 0.07723577235772358
0 0.15853658536585366 0.6585365853658537 0.14634146341463414 0.6585365853658537 0.14227642276422764 0.6544715447154471 0.13821138211382114 0.6544715447154471 0.13414634146341464 0.6585365853658537 0.10975609756097561 0.6585365853658537 0.10569105691056911 0.6544715447154471 0.0975609756097561 0.6544715447154471 0.09349593495934959 0.6504065040650406 0.06504065040650407 0.6504065040650406 0.06097560975609756 0.6544715447154471 0.028455284552845527 0.6544715447154471 0.024390243902439025 0.6585365853658537 0 0.6585365853658537 0 0.8902439024390244 0.016260162601626018 0.8902439024390244 0.02032520325203252 0.8861788617886179 0.06504065040650407 0.8861788617886179 0.06910569105691057 0.8821138211382114 0.07723577235772358 0.8821138211382114 0.08130081300813008 0.8780487804878049 0.08943089430894309 0.8780487804878049 0.09349593495934959 0.8739837398373984 0.1016260162601626 0.8739837398373984 0.10569105691056911 0.8699186991869918 0.14227642276422764 0.8699186991869918 0.15040650406504066 0.8617886178861789 0.15447154471544716 0.8617886178861789 0.15447154471544716 0.8577235772357723 0.15853658536585366 0.8536585365853658 0.15853658536585366 0.8170731707317073 0.16260162601626016 0.8130081300813008 0.16260162601626016 0.8089430894308943 0.15853658536585366 0.8048780487804879 0.16260162601626016 0.8008130081300813 0.16260162601626016 0.7682926829268293 0.16666666666666666 0.7642276422764228 0.16666666666666666 0.7601626016260162 0.17073170731707318 0.7560975609756098 0.17073170731707318 0.7520325203252033 0.16666666666666666 0.7479674796747967 0.16666666666666666 0.7357723577235772 0.16260162601626016 0.7317073170731707 0.16260162601626016 0.7235772357723578 0.15853658536585366 0.7195121951219512 0.15853658536585366 0.7154471544715447 0.15447154471544716 0.7113821138211383 0.15447154471544716 0.6910569105691057 0.15853658536585366 0.6869918699186992 0.15853658536585366 0.6788617886178862 0.16260162601626016 0.6747967479674797 0.15853658536585366 0.6707317073170732
0 0.016260162601626018 0 0.016260162601626018 0.012195121951219513 0.02032520325203252 0.016260162601626018 0.02032520325203252 0.02032520325203252 0.10569105691056911 0.02032520325203252 0.10975609756097561 0.016260162601626018 0.11382113821138211 0.016260162601626018 0.11788617886178862 0.02032520325203252 0.14634146341463414 0.02032520325203252 0.15040650406504066 0.024390243902439025 0.17479674796747968 0.024390243902439025 0.17886178861788618 0.028455284552845527 0.18292682926829268 0.028455284552845527 0.18699186991869918 0.024390243902439025 0.2032520325203252 0.024390243902439025 0.2073170731707317 0.02032520325203252 0.3170731707317073 0.02032520325203252 0.32113821138211385 0.024390243902439025 0.3252032520325203 0.024390243902439025 0.32926829268292684 0.028455284552845527 0.34959349593495936 0.028455284552845527 0.35365853658536583 0.024390243902439025 0.45121951219512196 0.024390243902439025 0.45528455284552843 0.02032520325203252 0.4634146341463415 0.02032520325203252 0.46747967479674796 0.016260162601626018 0.4878048780487805 0.016260162601626018 0.491869918699187 0.02032520325203252 0.524390243902439 0.02032520325203252 0.5284552845528455 0.024390243902439025 0.573170731707317 0.024390243902439025 0.5772357723577236 0.028455284552845527 0.6138211382113821 0.028455284552845527 0.6178861788617886 0.032520325203252036 0.6300813008130082 0.032520325203252036 0.6341463414634146 0.036585365853658534 0.6626016260162602 0.036585365853658534 0.6666666666666666 0.032520325203252036 0.6747967479674797 0.032520325203252036 0.6788617886178862 0.028455284552845527 0.6869918699186992 0.028455284552845527 0.6910569105691057 0.024390243902439025 0.7154471544715447 0.024390243902439025 0.7195121951219512 0.02032520325203252 0.7764227642276422 0.02032520325203252 0.7764227642276422 0.016260162601626018 0.7804878048780488 0.012195121951219513 0.7804878048780488 0
0 0.9959349593495935 0.9308943089430894 0.9878048780487805 0.9308943089430894 0.983739837398374 0.926829268292683 0.9796747967479674 0.926829268292683 0.975609756097561 0.9308943089430894 0.959349593495935 0.9308943089430894 0.9552845528455285 0.926829268292683 0.9349593495934959 0.926829268292683 0.9308943089430894 0.9308943089430894 0.926829268292683 0.9308943089430894 0.9227642276422764 0.9349593495934959 0.9146341463414634 0.9349593495934959 0.9105691056910569 0.9308943089430894 0.8699186991869918 0.9308943089430894 0.8658536585365854 0.9349593495934959 0.8577235772357723 0.9349593495934959 0.8536585365853658 0.9390243902439024 0.8414634146341463 0.9390243902439024 0.8414634146341463 0.9512195121951219 0.8373983739837398 0.9552845528455285 0.8373983739837398 0.9715447154471545 0.8333333333333334 0.975609756097561 0.8333333333333334 0.9878048780487805 0.8292682926829268 0.991869918699187 0.8292682926829268 0.9959349593495935 0.9959349593495935 0.9959349593495935
0 0.024390243902439025 0.9308943089430894 0.024390243902439025 0.9390243902439024 0.02032520325203252 0.943089430894309 0.02032520325203252 0.9512195121951219 0.016260162601626018 0.9552845528455285 0.016260162601626018 0.991869918699187 0.012195121951219513 0.9959349593495935 0.11382113821138211 0.9959349593495935 0.11382113821138211 0.9878048780487805 0.12195121951219512 0.9796747967479674 0.12195121951219512 0.975609756097561 0.12601626016260162 0.9715447154471545 0.12601626016260162 0.967479674796748 0.11788617886178862 0.959349593495935 0.11788617886178862 0.9552845528455285 0.11382113821138211 0.9512195121951219 0.11382113821138211 0.9471544715447154 0.10569105691056911 0.9471544715447154 0.1016260162601626 0.943089430894309 0.1016260162601626 0.9349593495934959 0.08943089430894309 0.9349593495934959 0.08536585365853659 0.9308943089430894
0 0.8211382113821138 0 0.8211382113821138 0.0040650406504065045 0.8252032520325203 0.0040650406504065045 0.8292682926829268 0.008130081300813009 0.8292682926829268 0.016260162601626018 0.8333333333333334 0.02032520325203252 0.8333333333333334 0.024390243902439025 0.8373983739837398 0.028455284552845527 0.8536585365853658 0.028455284552845527 0.8577235772357723 0.032520325203252036 0.8617886178861789 0.032520325203252036 0.8658536585365854 0.036585365853658534 0.8902439024390244 0.036585365853658534 0.8943089430894309 0.032520325203252036 0.9024390243902439 0.032520325203252036 0.9065040650406504 0.028455284552845527 0.983739837398374 0.028455284552845527 0.9878048780487805 0.024390243902439025 0.991869918699187 0.028455284552845527 0.9959349593495935 0.028455284552845527 0.9959349593495935 0
1 0.6300813008130082 0.6747967479674797 0.6300813008130082 0.6788617886178862 0.6260162601626016 0.6829268292682927 0.6260162601626016 0.6869918699186992 0.6219512195121951 0.6910569105691057 0.6219512195121951 0.7032520325203252 0.6178861788617886 0.7073170731707317 0.6178861788617886 0.7113821138211383 0.6097560975609756 0.7195121951219512 0.6097560975609756 0.7682926829268293 0.6138211382113821 0.7723577235772358 0.6138211382113821 0.7764227642276422 0.6219512195121951 0.7845528455284553 0.6219512195121951 0.7926829268292683 0.6260162601626016 0.7967479674796748 0.6260162601626016 0.8699186991869918 0.6300813008130082 0.8739837398373984 0.6341463414634146 0.8739837398373984 0.6382113821138211 0.8780487804878049 0.6463414634146342 0.8780487804878049 0.6504065040650406 0.8821138211382114 0.6544715447154471 0.8821138211382114 0.6585365853658537 0.8861788617886179 0.6910569105691057 0.8861788617886179 0.6951219512195121 0.8821138211382114 0.8252032520325203 0.8821138211382114 0.8292682926829268 0.8861788617886179 0.8414634146341463 0.8861788617886179 0.8455284552845529 0.8821138211382114 0.8943089430894309 0.8821138211382114 0.8943089430894309 0.8617886178861789 0.8983739837398373 0.8577235772357723 0.8943089430894309 0.8536585365853658 0.8943089430894309 0.8292682926829268 0.8983739837398373 0.8252032520325203 0.8983739837398373 0.8211382113821138 0.9024390243902439 0.8170731707317073 0.9024390243902439 0.7886178861788617 0.8983739837398373 0.7845528455284553 0.8983739837398373 0.7723577235772358 0.9065040650406504 0.7642276422764228 0.9065040650406504 0.7601626016260162 0.9186991869918699 0.7479674796747967 0.9186991869918699 0.7439024390243902 0.9227642276422764 0.7398373983739838 0.9227642276422764 0.7357723577235772 0.926829268292683 0.7317073170731707 0.926829268292683 0.6991869918699187 0.9308943089430894 0.6951219512195121 0.9308943089430894 0.6869918699186992 0.926829268292683 0.6829268292682927 0.9227642276422764 0.6829268292682927 0.9186991869918699 0.6788617886178862 0.9146341463414634 0.6788617886178862 0.9065040650406504 0.6707317073170732 0.9024390243902439 0.6707317073170732 0.8983739837398373 0.6666666666666666 0.8902439024390244 0.6666666666666666 0.8861788617886179 0.6626016260162602 0.8739837398373984 0.6626016260162602 0.8699186991869918 0.6585365853658537 0.8699186991869918 0.6544715447154471 0.8577235772357723 0.6544715447154471 0.8536585365853658 0.6504065040650406 0.7764227642276422 0.6504065040650406 0.7723577235772358 0.6463414634146342 0.7398373983739838 0.6463414634146342 0.7357723577235772 0.6422764227642277 0.6991869918699187 0.6422764227642277 0.6951219512195121 0.6463414634146342 0.6707317073170732 0.6463414634146342 0.6666666666666666 0.6504065040650406 0.6585365853658537 0.6504065040650406 0.6504065040650406 0.6585365853658537 0.6463414634146342 0.6585365853658537
1 0.8983739837398373 0.0975609756097561 0.8902439024390244 0.0975609756097561 0.8861788617886179 0.09349593495934959 0.8658536585365854 0.09349593495934959 0.8536585365853658 0.08130081300813008 0.8495934959349594 0.08130081300813008 0.8455284552845529 0.08536585365853659 0.8292682926829268 0.08536585365853659 0.8252032520325203 0.08130081300813008 0.8252032520325203 0.07723577235772358 0.8170731707317073 0.07723577235772358 0.8130081300813008 0.08130081300813008 0.6300813008130082 0.08130081300813008 0.6260162601626016 0.08536585365853659 0.6260162601626016 0.09349593495934959 0.6219512195121951 0.0975609756097561 0.6219512195121951 0.15040650406504066 0.6178861788617886 0.15447154471544716 0.6178861788617886 0.17886178861788618 0.6138211382113821 0.18292682926829268 0.6138211382113821 0.1910569105691057 0.6097560975609756 0.1951219512195122 0.6097560975609756 0.2073170731707317 0.6138211382113821 0.21138211382113822 0.6138211382113821 0.21544715447154472 0.6178861788617886 0.21951219512195122 0.6178861788617886 0.22357723577235772 0.6219512195121951 0.22764227642276422 0.6219512195121951 0.23577235772357724 0.6260162601626016 0.23983739837398374 0.6260162601626016 0.2682926829268293 0.6300813008130082 0.27235772357723576 0.6300813008130082 0.2845528455284553 0.6382113821138211 0.2926829268292683 0.6382113821138211 0.2967479674796748 0.6422764227642277 0.3008130081300813 0.6463414634146342 0.3008130081300813 0.6504065040650406 0.3048780487804878 0.6585365853658537 0.3048780487804878 0.6626016260162602 0.3089430894308943 0.6910569105691057 0.3089430894308943 0.6951219512195121 0.3130081300813008 0.6991869918699187 0.3130081300813008 0.7032520325203252 0.3170731707317073 0.7276422764227642 0.3170731707317073 0.7317073170731707 0.3130081300813008 0.7560975609756098 0.3130081300813008 0.7601626016260162 0.3089430894308943 0.7682926829268293 0.3089430894308943 0.7723577235772358 0.3130081300813008 0.7967479674796748 0.3130081300813008 0.8008130081300813 0.3170731707317073 0.8089430894308943 0.3170731707317073 0.8130081300813008 0.3130081300813008 0.8333333333333334 0.3130081300813008 0.8373983739837398 0.3089430894308943 0.8617886178861789 0.3089430894308943 0.8658536585365854 0.3130081300813008 0.8861788617886179 0.3130081300813008 0.8861788617886179 0.3089430894308943 0.8943089430894309 0.3008130081300813 0.8943089430894309 0.2967479674796748 0.8983739837398373 0.2926829268292683 0.8983739837398373 0.2804878048780488 0.9024390243902439 0.2764227642276423 0.9024390243902439 0.27235772357723576 0.9105691056910569 0.26422764227642276 0.9105691056910569 0.23983739837398374 0.9024390243902439 0.23170731707317074 0.9024390243902439 0.1991869918699187 0.8943089430894309 0.1910569105691057 0.8943089430894309 0.18699186991869918 0.8902439024390244 0.18292682926829268 0.8902439024390244 0.17886178861788618 0.8861788617886179 0.17479674796747968 0.8861788617886179 0.15447154471544716 0.8902439024390244 0.15040650406504066 0.8902439024390244 0.14634146341463414 0.8943089430894309 0.14227642276422764 0.8943089430894309 0.13821138211382114 0.8983739837398373 0.13414634146341464
1 0.9390243902439024 0.07723577235772358 0.9349593495934959 0.08130081300813008 0.9349593495934959 0.08536585365853659 0.9390243902439024 0.08536585365853659 0.943089430894309 0.08943089430894309 0.943089430894309 0.09349593495934959 0.9471544715447154 0.0975609756097561 0.9471544715447154 0.12601626016260162 0.9512195121951219 0.13008130081300814 0.9512195121951219 0.15447154471544716 0.943089430894309 0.16260162601626016 0.9390243902439024 0.16260162601626016 0.9390243902439024 0.16666666666666666 0.943089430894309 0.17073170731707318 0.943089430894309 0.17479674796747968 0.9471544715447154 0.17886178861788618 0.9512195121951219 0.17886178861788618 0.9552845528455285 0.18292682926829268 0.9552845528455285 0.18699186991869918 0.959349593495935 0.1910569105691057 0.959349593495935 0.2073170731707317 0.9552845528455285 0.21138211382113822 0.9552845528455285 0.21544715447154472 0.9471544715447154 0.22357723577235772 0.9471544715447154 0.22764227642276422 0.9512195121951219 0.23170731707317074 0.9512195121951219 0.23983739837398374 0.9552845528455285 0.24390243902439024 0.9552845528455285 0.25609756097560976 0.9512195121951219 0.2601626016260163 0.9512195121951219 0.2682926829268293 0.9471544715447154 0.27235772357723576 0.9471544715447154 0.2886178861788618 0.9512195121951219 0.2926829268292683 0.9512195121951219 0.3130081300813008 0.9471544715447154 0.3170731707317073 0.9390243902439024 0.3170731707317073 0.959349593495935 0.3170731707317073 0.9634146341463414 0.32113821138211385 0.9959349593495935 0.32113821138211385 0.9959349593495935 0.08130081300813008 0.9715447154471545 0.08130081300813008 0.967479674796748 0.07723577235772358
1 0.9959349593495935 0.6869918699186992 0.983739837398374 0.6991869918699187 0.9796747967479674 0.6991869918699187 0.9715447154471545 0.7073170731707317 0.9715447154471545 0.7195121951219512 0.967479674796748 0.7235772357723578 0.967479674796748 0.7601626016260162 0.9634146341463414 0.7642276422764228 0.9634146341463414 0.7682926829268293 0.959349593495935 0.7723577235772358 0.959349593495935 0.7764227642276422 0.9512195121951219 0.7845528455284553 0.9512195121951219 0.7886178861788617 0.9471544715447154 0.7926829268292683 0.9471544715447154 0.7967479674796748 0.943089430894309 0.8008130081300813 0.943089430894309 0.8130081300813008 0.9390243902439024 0.8170731707317073 0.9390243902439024 0.8252032520325203 0.9552845528455285 0.8414634146341463 0.9552845528455285 0.8495934959349594 0.959349593495935 0.8536585365853658 0.959349593495935 0.8658536585365854 0.9552845528455285 0.8699186991869918 0.9552845528455285 0.8739837398373984 0.9390243902439024 0.8902439024390244 0.9308943089430894 0.8902439024390244 0.9349593495934959 0.8902439024390244 0.9390243902439024 0.8943089430894309 0.943089430894309 0.8943089430894309 0.9471544715447154 0.8983739837398373 0.983739837398374 0.8983739837398373 0.9878048780487805 0.9024390243902439 0.9959349593495935 0.9024390243902439
2 0.8130081300813008 0.008130081300813009 0.8130081300813008 0.036585365853658534 0.8170731707317073 0.04065040650406504 0.8170731707317073 0.04878048780487805 0.8252032520325203 0.056910569105691054 0.8252032520325203 0.06097560975609756 0.8292682926829268 0.06504065040650407 0.8292682926829268 0.08130081300813008 0.8455284552845529 0.08130081300813008 0.8495934959349594 0.07723577235772358 0.8536585365853658 0.07723577235772358 0.8658536585365854 0.08943089430894309 0.8861788617886179 0.08943089430894309 0.8902439024390244 0.09349593495934959 0.8983739837398373 0.09349593495934959 0.9024390243902439 0.0975609756097561 0.9024390243902439 0.13414634146341464 0.8902439024390244 0.15447154471544716 0.8902439024390244 0.17479674796747968 0.8943089430894309 0.17886178861788618 0.8983739837398373 0.1910569105691057 0.9065040650406504 0.1991869918699187 0.9065040650406504 0.23170731707317074 0.9146341463414634 0.23983739837398374 0.9146341463414634 0.26422764227642276 0.9065040650406504 0.27235772357723576 0.9065040650406504 0.2764227642276423 0.9024390243902439 0.2804878048780488 0.9024390243902439 0.2926829268292683 0.8983739837398373 0.2967479674796748 0.8983739837398373 0.3008130081300813 0.8902439024390244 0.3089430894308943 0.8902439024390244 0.3170731707317073 0.8861788617886179 0.32113821138211385 0.8861788617886179 0.3252032520325203 0.8739837398373984 0.33739837398373984 0.8455284552845529 0.33739837398373984 0.8414634146341463 0.3333333333333333 0.8089430894308943 0.3333333333333333 0.8048780487804879 0.33739837398373984 0.8008130081300813 0.33739837398373984 0.7926829268292683 0.34959349593495936 0.7926829268292683 0.3902439024390244 0.7886178861788617 0.3943089430894309 0.7886178861788617 0.4065040650406504 0.7926829268292683 0.4105691056910569 0.7926829268292683 0.42276422764227645 0.7967479674796748 0.4268292682926829 0.7967479674796748 0.43089430894308944 0.8089430894308943 0.45121951219512196 0.8089430894308943 0.46747967479674796 0.8008130081300813 0.47560975609756095 0.7967479674796748 0.47560975609756095 0.7967479674796748 0.4796747967479675 0.7926829268292683 0.483739837398374 0.7926829268292683 0.491869918699187 0.7967479674796748 0.4959349593495935 0.7967479674796748 0.5040650406504065 0.8008130081300813 0.508130081300813 0.8008130081300813 0.5121951219512195 0.8089430894308943 0.5203252032520326 0.8089430894308943 0.532520325203252 0.8048780487804879 0.5365853658536586 0.8048780487804879 0.5447154471544715 0.8008130081300813 0.5487804878048781 0.8008130081300813 0.5609756097560976 0.7967479674796748 0.5650406504065041 0.7967479674796748 0.5853658536585366 0.8089430894308943 0.5934959349593496 0.8130081300813008 0.6056910569105691 0.8252032520325203 0.6178861788617886 0.8292682926829268 0.6178861788617886 0.8495934959349594 0.6382113821138211 0.8536585365853658 0.6382113821138211 0.8658536585365854 0.6504065040650406 0.8699186991869918 0.6504065040650406 0.8739837398373984 0.6544715447154471 0.8739837398373984 0.6585365853658537 0.8861788617886179 0.6585365853658537 0.8902439024390244 0.6626016260162602 0.8983739837398373 0.6626016260162602 0.9024390243902439 0.6666666666666666 0.9065040650406504 0.6666666666666666 0.9146341463414634 0.6747967479674797 0.926829268292683 0.6788617886178862 0.9349593495934959 0.6869918699186992 0.9349593495934959 0.6951219512195121 0.9308943089430894 0.6991869918699187 0.9308943089430894 0.7317073170731707 0.926829268292683 0.7357723577235772 0.9227642276422764 0.7479674796747967 0.9105691056910569 0.7601626016260162 0.9105691056910569 0.7642276422764228 0.9024390243902439 0.7723577235772358 0.9024390243902439 0.7845528455284553 0.9065040650406504 0.7886178861788617 0.9065040650406504 0.8170731707317073 0.8983739837398373 0.8292682926829268 0.8983739837398373 0.8536585365853658 0.9024390243902439 0.8577235772357723 0.8983739837398373 0.8617886178861789 0.8983739837398373 0.8821138211382114 0.8943089430894309 0.8861788617886179 0.8455284552845529 0.8861788617886179 0.8414634146341463 0.8902439024390244 0.8373983739837398 0.8902439024390244 0.8252032520325203 0.9024390243902439 0.8252032520325203 0.9105691056910569 0.8211382113821138 0.9146341463414634 0.8211382113821138 0.9227642276422764 0.8170731707317073 0.926829268292683 0.8170731707317073 0.975609756097561 0.8211382113821138 0.9796747967479674 0.8211382113821138 0.9878048780487805 0.8292682926829268 0.9878048780487805 0.8292682926829268 0.975609756097561 0.8333333333333334 0.9715447154471545 0.8333333333333334 0.9552845528455285 0.8373983739837398 0.9512195121951219 0.8373983739837398 0.9390243902439024 0.8414634146341463 0.9349593495934959 0.8536585365853658 0.9349593495934959 0.8577235772357723 0.9308943089430894 0.8658536585365854 0.9308943089430894 0.8699186991869918 0.926829268292683 0.9105691056910569 0.926829268292683 0.9146341463414634 0.9308943089430894 0.9227642276422764 0.9308943089430894 0.926829268292683 0.926829268292683 0.9308943089430894 0.926829268292683 0.9308943089430894 0.9105691056910569 0.926829268292683 0.9065040650406504 0.926829268292683 0.8902439024390244 0.9308943089430894 0.8861788617886179 0.9390243902439024 0.8861788617886179 0.9512195121951219 0.8739837398373984 0.9512195121951219 0.8699186991869918 0.9552845528455285 0.8658536585365854 0.9552845528455285 0.8536585365853658 0.9512195121951219 0.8495934959349594 0.9512195121951219 0.8414634146341463 0.9349593495934959 0.8252032520325203 0.9349593495934959 0.8170731707317073 0.9390243902439024 0.8130081300813008 0.9390243902439024 0.8008130081300813 0.9634146341463414 0.7601626016260162 0.9634146341463414 0.7235772357723578 0.967479674796748 0.7195121951219512 0.967479674796748 0.7073170731707317 0.9959349593495935 0.6829268292682927 0.9959349593495935 0.6666666666666666 0.983739837398374 0.6666666666666666 0.9796747967479674 0.6626016260162602 0.9796747967479674 0.6504065040650406 0.975609756097561 0.6463414634146342 0.9715447154471545 0.6341463414634146 0.9634146341463414 0.6341463414634146 0.959349593495935 0.6300813008130082 0.959349593495935 0.6219512195121951 0.9512195121951219 0.6138211382113821 0.926829268292683 0.6138211382113821 0.9146341463414634 0.6219512195121951 0.9024390243902439 0.6219512195121951 0.8983739837398373 0.6178861788617886 0.8943089430894309 0.6178861788617886 0.8902439024390244 0.6138211382113821 0.8780487804878049 0.6097560975609756 0.8699186991869918 0.5975609756097561 0.8170731707317073 0.5975609756097561 0.8089430894308943 0.5853658536585366 0.8089430894308943 0.5813008130081301 0.8130081300813008 0.5772357723577236 0.8130081300813008 0.5487804878048781 0.8170731707317073 0.5447154471544715 0.8170731707317073 0.508130081300813 0.8130081300813008 0.5040650406504065 0.8130081300813008 0.4878048780487805 0.8170731707317073 0.483739837398374 0.8170731707317073 0.47560975609756095 0.8211382113821138 0.4715447154471545 0.8211382113821138 0.45528455284552843 0.8170731707317073 0.45121951219512196 0.8170731707317073 0.43089430894308944 0.8211382113821138 0.4268292682926829 0.8211382113821138 0.37398373983739835 0.8333333333333334 0.3617886178861789 0.8373983739837398 0.3617886178861789 0.8414634146341463 0.36585365853658536 0.8617886178861789 0.36585365853658536 0.8658536585365854 0.3617886178861789 0.8861788617886179 0.3617886178861789 0.8902439024390244 0.36585365853658536 0.9146341463414634 0.36585365853658536 0.9186991869918699 0.3617886178861789 0.9308943089430894 0.3617886178861789 0.9308943089430894 0.3170731707317073 0.9349593495934959 0.3130081300813008 0.9471544715447154 0.3130081300813008 0.9471544715447154 0.2926829268292683 0.943089430894309 0.2886178861788618 0.943089430894309 0.27235772357723576 0.9471544715447154 0.2682926829268293 0.9471544715447154 0.2601626016260163 0.9512195121951219 0.25609756097560976 0.9512195121951219 0.24390243902439024 0.9471544715447154 0.23983739837398374 0.9471544715447154 0.23170731707317074 0.943089430894309 0.22764227642276422 0.943089430894309 0.22357723577235772 0.9512195121951219 0.21544715447154472 0.9512195121951219 0.21138211382113822 0.9552845528455285 0.2073170731707317 0.9552845528455285 0.1910569105691057 0.9512195121951219 0.18699186991869918 0.9512195121951219 0.18292682926829268 0.9471544715447154 0.18292682926829268 0.9390243902439024 0.17479674796747968 0.9390243902439024 0.17073170731707318 0.9349593495934959 0.16666666666666666 0.9349593495934959 0.16260162601626016 0.9471544715447154 0.15447154471544716 0.9471544715447154 0.13008130081300814 0.943089430894309 0.12601626016260162 0.943089430894309 0.0975609756097561 0.9390243902439024 0.09349593495934959 0.9390243902439024 0.08943089430894309 0.926829268292683 0.08943089430894309 0.9105691056910569 0.07317073170731707 0.9024390243902439 0.07317073170731707 0.8983739837398373 0.06910569105691057 0.8780487804878049 0.06910569105691057 0.8699186991869918 0.06097560975609756 0.8658536585365854 0.04878048780487805 0.8577235772357723 0.04065040650406504 0.8577235772357723 0.036585365853658534 0.8536585365853658 0.032520325203252036 0.8373983739837398 0.032520325203252036 0.8292682926829268 0.024390243902439025 0.8292682926829268 0.02032520325203252 0.8252032520325203 0.016260162601626018 0.8252032520325203 0.008130081300813009
2 0.10569105691056911 0.9308943089430894 0.10569105691056911 0.943089430894309 0.11382113821138211 0.943089430894309 0.11788617886178862 0.9471544715447154 0.11788617886178862 0.9512195121951219 0.12195121951219512 0.9552845528455285 0.12195121951219512 0.959349593495935 0.13008130081300814 0.967479674796748 0.13008130081300814 0.9715447154471545 0.12601626016260162 0.975609756097561 0.12601626016260162 0.9796747967479674 0.11788617886178862 0.9878048780487805 0.11788617886178862 0.9959349593495935 0.13821138211382114 0.9959349593495935 0.13414634146341464 0.9959349593495935 0.13008130081300814 0.991869918699187 0.13821138211382114 0.983739837398374 0.13821138211382114 0.959349593495935 0.13414634146341464 0.9552845528455285 0.13414634146341464 0.9471544715447154 0.12601626016260162 0.9390243902439024 0.11788617886178862 0.9390243902439024 0.11382113821138211 0.9349593495934959 0.11382113821138211 0.9308943089430894