0 0.11627906976744186 0.18604651162790697 0.11627906976744186 0.2063953488372093 0.11337209302325581 0.20930232558139536 0.11337209302325581 0.27325581395348836 0.11627906976744186 0.2761627906976744 0.11337209302325581 0.27906976744186046 0.11627906976744186 0.2819767441860465 0.11627906976744186 0.3023255813953488 0.11918604651162791 0.30523255813953487 0.11918604651162791 0.311046511627907 0.12209302325581395 0.313953488372093 0.12209302325581395 0.3168604651162791 0.13372093023255813 0.3168604651162791 0.13662790697674418 0.31976744186046513 0.17732558139534885 0.31976744186046513 0.18023255813953487 0.3226744186046512 0.31976744186046513 0.3226744186046512 0.3226744186046512 0.32558139534883723 0.32848837209302323 0.32558139534883723 0.3313953488372093 0.3226744186046512 0.34011627906976744 0.3226744186046512 0.3430232558139535 0.32558139534883723 0.34593023255813954 0.32558139534883723 0.3488372093023256 0.3226744186046512 0.3808139534883721 0.3226744186046512 0.38372093023255816 0.32558139534883723 0.3866279069767442 0.32558139534883723 0.38953488372093026 0.3226744186046512 0.39825581395348836 0.3226744186046512 0.4011627906976744 0.32558139534883723 0.40406976744186046 0.32558139534883723 0.4069767441860465 0.3226744186046512 0.40988372093023256 0.32558139534883723 0.4273255813953488 0.32558139534883723 0.43023255813953487 0.3226744186046512 0.4331395348837209 0.3226744186046512 0.436046511627907 0.32558139534883723 0.5232558139534884 0.32558139534883723 0.5261627906976745 0.3226744186046512 0.5901162790697675 0.3226744186046512 0.5930232558139535 0.31976744186046513 0.625 0.31976744186046513 0.627906976744186 0.3168604651162791 0.6395348837209303 0.3168604651162791 0.6453488372093024 0.311046511627907 0.6453488372093024 0.30523255813953487 0.6482558139534884 0.3023255813953488 0.6482558139534884 0.2936046511627907 0.6511627906976745 0.29069767441860467 0.6511627906976745 0.2558139534883721 0.6540697674418605 0.25290697674418605 0.6540697674418605 0.2005813953488372 0.6569767441860465 0.19767441860465115 0.6569767441860465 0.16569767441860464 0.6598837209302325 0.16279069767441862 0.6569767441860465 0.15988372093023256 0.6569767441860465 0.1569767441860465 0.5552325581395349 0.1569767441860465 0.5523255813953488 0.15406976744186046 0.2063953488372093 0.15406976744186046 0.20348837209302326 0.1569767441860465 0.18313953488372092 0.1569767441860465 0.18023255813953487 0.15988372093023256 0.15988372093023256 0.15988372093023256 0.1569767441860465 0.16279069767441862 0.14534883720930233 0.16279069767441862 0.14244186046511628 0.16569767441860464 0.13372093023255813 0.16569767441860464 0.1308139534883721 0.1686046511627907 0.125 0.1686046511627907 0.11918604651162791 0.1744186046511628 0.11918604651162791 0.18313953488372092
0 0.9534883720930233 0.3488372093023256 0.8546511627906976 0.3488372093023256 0.8575581395348837 0.35174418604651164 0.877906976744186 0.35174418604651164 0.8895348837209303 0.3633720930232558 0.8895348837209303 0.3691860465116279 0.8866279069767442 0.37209302325581395 0.8808139534883721 0.37209302325581395 0.875 0.36627906976744184 0.872093023255814 0.36627906976744184 0.8662790697674418 0.375 0.8575581395348837 0.375 0.8517441860465116 0.3691860465116279 0.8517441860465116 0.36627906976744184 0.8488372093023255 0.36627906976744184 0.8459302325581395 0.3633720930232558 0.8313953488372093 0.3633720930232558 0.8255813953488372 0.35755813953488375 0.813953488372093 0.35755813953488375 0.813953488372093 0.3633720930232558 0.811046511627907 0.36627906976744184 0.811046511627907 0.3691860465116279 0.8052325581395349 0.375 0.7994186046511628 0.375 0.7965116279069767 0.37209302325581395 0.7965116279069767 0.3633720930232558 0.7994186046511628 0.36046511627906974 0.7994186046511628 0.35174418604651164 0.6947674418604651 0.35174418604651164 0.6918604651162791 0.3546511627906977 0.5145348837209303 0.3546511627906977 0.5116279069767442 0.35755813953488375 0.4069767441860465 0.35755813953488375 0.4069767441860465 0.5203488372093024 0.622093023255814 0.5203488372093024 0.625 0.5174418604651163 0.627906976744186 0.5203488372093024 0.6337209302325582 0.5203488372093024 0.6366279069767442 0.5174418604651163 0.6424418604651163 0.5174418604651163 0.6453488372093024 0.5203488372093024 0.6947674418604651 0.5203488372093024 0.6976744186046512 0.5174418604651163 0.7296511627906976 0.5174418604651163 0.7325581395348837 0.5203488372093024 0.7354651162790697 0.5174418604651163 0.7383720930232558 0.5203488372093024 0.7761627906976745 0.5203488372093024 0.7790697674418605 0.5174418604651163 0.9302325581395349 0.5174418604651163 0.9331395348837209 0.5145348837209303 0.936046511627907 0.5174418604651163 0.9505813953488372 0.5174418604651163 0.9505813953488372 0.5145348837209303 0.9534883720930233 0.5116279069767442 0.9534883720930233 0.4127906976744186 0.9476744186046512 0.4127906976744186 0.9476744186046512 0.41569767441860467 0.9447674418604651 0.4186046511627907 0.9418604651162791 0.4186046511627907 0.9418604651162791 0.42151162790697677 0.938953488372093 0.42441860465116277 0.938953488372093 0.436046511627907 0.936046511627907 0.438953488372093 0.9447674418604651 0.4476744186046512 0.9447674418604651 0.45348837209302323 0.9476744186046512 0.45348837209302323 0.9505813953488372 0.4563953488372093 0.9505813953488372 0.46511627906976744 0.9476744186046512 0.4680232558139535 0.9418604651162791 0.4680232558139535 0.938953488372093 0.46511627906976744 0.938953488372093 0.4563953488372093 0.9302325581395349 0.45348837209302323 0.9273255813953488 0.45058139534883723 0.9273255813953488 0.44476744186046513 0.9244186046511628 0.44476744186046513 0.9215116279069767 0.4418604651162791 0.9215116279069767 0.4331395348837209 0.9244186046511628 0.43023255813953487 0.9244186046511628 0.4186046511627907 0.9273255813953488 0.41569767441860467 0.936046511627907 0.4127906976744186 0.936046511627907 0.4069767441860465 0.9302325581395349 0.4069767441860465 0.9244186046511628 0.4011627906976744 0.9244186046511628 0.3953488372093023 0.9215116279069767 0.39244186046511625 0.9215116279069767 0.3808139534883721 0.9186046511627907 0.37790697674418605 0.9069767441860465 0.37790697674418605 0.9011627906976745 0.38372093023255816 0.8924418604651163 0.38372093023255816 0.8866279069767442 0.37790697674418605 0.8866279069767442 0.37209302325581395 0.8895348837209303 0.3691860465116279 0.9011627906976745 0.3691860465116279 0.9098837209302325 0.3633720930232558 0.9215116279069767 0.3633720930232558 0.936046511627907 0.375 0.936046511627907 0.3808139534883721 0.9331395348837209 0.38372093023255816 0.9331395348837209 0.39244186046511625 0.936046511627907 0.3953488372093023 0.9505813953488372 0.3953488372093023 0.9534883720930233 0.39825581395348836 0.9534883720930233 0.3866279069767442 0.9505813953488372 0.38372093023255816 0.9505813953488372 0.37209302325581395 0.9534883720930233 0.3691860465116279
0 0.4186046511627907 0.752906976744186 0.4186046511627907 0.9127906976744186 0.7034883720930233 0.9127906976744186 0.7063953488372093 0.9156976744186046 0.7122093023255814 0.9156976744186046 0.7151162790697675 0.9127906976744186 0.7936046511627907 0.9127906976744186 0.7965116279069767 0.9156976744186046 0.9127906976744186 0.9156976744186046 0.9156976744186046 0.9127906976744186 0.9186046511627907 0.9127906976744186 0.9215116279069767 0.9156976744186046 0.9651162790697675 0.9156976744186046 0.9680232558139535 0.9127906976744186 0.9680232558139535 0.9069767441860465 0.9651162790697675 0.9040697674418605 0.9651162790697675 0.8546511627906976 0.9680232558139535 0.8517441860465116 0.9680232558139535 0.8052325581395349 0.9651162790697675 0.8023255813953488 0.9680232558139535 0.7994186046511628 0.9680232558139535 0.7587209302325582 0.9651162790697675 0.7587209302325582 0.9593023255813954 0.752906976744186 0.9156976744186046 0.752906976744186 0.9215116279069767 0.7616279069767442 0.9215116279069767 0.7674418604651163 0.9186046511627907 0.7703488372093024 0.9186046511627907 0.7732558139534884 0.9215116279069767 0.7761627906976745 0.9215116279069767 0.7790697674418605 0.9273255813953488 0.7790697674418605 0.9331395348837209 0.7848837209302325 0.9331395348837209 0.7994186046511628 0.936046511627907 0.8023255813953488 0.936046511627907 0.8226744186046512 0.9331395348837209 0.8255813953488372 0.9331395348837209 0.8343023255813954 0.9302325581395349 0.8372093023255814 0.9302325581395349 0.8459302325581395 0.9273255813953488 0.8488372093023255 0.9273255813953488 0.8546511627906976 0.9244186046511628 0.8575581395348837 0.9186046511627907 0.8575581395348837 0.9156976744186046 0.8546511627906976 0.9156976744186046 0.8488372093023255 0.9186046511627907 0.8459302325581395 0.9186046511627907 0.8313953488372093 0.9244186046511628 0.8226744186046512 0.9244186046511628 0.8052325581395349 0.9215116279069767 0.8023255813953488 0.9215116279069767 0.7936046511627907 0.9186046511627907 0.7906976744186046 0.9186046511627907 0.7848837209302325 0.9127906976744186 0.7848837209302325 0.9069767441860465 0.7790697674418605 0.9069767441860465 0.7674418604651163 0.9098837209302325 0.7645348837209303 0.9069767441860465 0.7645348837209303 0.8982558139534884 0.7558139534883721 0.8982558139534884 0.752906976744186 0.75 0.752906976744186 0.747093023255814 0.75 0.6976744186046512 0.75 0.6947674418604651 0.752906976744186 0.44476744186046513 0.752906976744186 0.4418604651162791 0.75 0.42151162790697677 0.75
0 0.42441860465116277 0.005813953488372093 0.4273255813953488 0.00872093023255814 0.42441860465116277 0.011627906976744186 0.42441860465116277 0.040697674418604654 0.42151162790697677 0.0436046511627907 0.42151162790697677 0.061046511627906974 0.4186046511627907 0.06395348837209303 0.4186046511627907 0.07848837209302326 0.41569767441860467 0.08139534883720931 0.41569767441860467 0.10755813953488372 0.4186046511627907 0.11046511627906977 0.42151162790697677 0.11046511627906977 0.42441860465116277 0.11337209302325581 0.4273255813953488 0.11046511627906977 0.43023255813953487 0.11337209302325581 0.4418604651162791 0.11337209302325581 0.44476744186046513 0.11627906976744186 0.4476744186046512 0.11337209302325581 0.4563953488372093 0.11337209302325581 0.45930232558139533 0.11627906976744186 0.49127906976744184 0.11627906976744186 0.4941860465116279 0.11918604651162791 0.49709302325581395 0.11918604651162791 0.5 0.11627906976744186 0.5465116279069767 0.11627906976744186 0.5494186046511628 0.11918604651162791 0.5581395348837209 0.11918604651162791 0.561046511627907 0.11627906976744186 0.563953488372093 0.11627906976744186 0.5668604651162791 0.11918604651162791 0.5726744186046512 0.11918604651162791 0.5755813953488372 0.11627906976744186 0.5930232558139535 0.11627906976744186 0.5959302325581395 0.11918604651162791 0.6540697674418605 0.11918604651162791 0.6569767441860465 0.11627906976744186 0.6598837209302325 0.11627906976744186 0.6627906976744186 0.11918604651162791 0.813953488372093 0.11918604651162791 0.8168604651162791 0.12209302325581395 0.8226744186046512 0.12209302325581395 0.8255813953488372 0.11918604651162791 0.8343023255813954 0.11918604651162791 0.8372093023255814 0.12209302325581395 0.8401162790697675 0.12209302325581395 0.8430232558139535 0.11918604651162791 0.9331395348837209 0.11918604651162791 0.936046511627907 0.12209302325581395 0.938953488372093 0.12209302325581395 0.9418604651162791 0.11918604651162791 0.9534883720930233 0.11918604651162791 0.9534883720930233 0.11627906976744186 0.9563953488372093 0.11337209302325581 0.9563953488372093 0.09593023255813954 0.9593023255813954 0.09302325581395349 0.9593023255813954 0 0.4273255813953488 0 0.4273255813953488 0.0029069767441860465
0 0 0.35755813953488375 0 0.5232558139534884 0.13372093023255813 0.5232558139534884 0.13662790697674418 0.5203488372093024 0.20348837209302326 0.5203488372093024 0.2063953488372093 0.5232558139534884 0.23255813953488372 0.5232558139534884 0.23546511627906977 0.5203488372093024 0.26744186046511625 0.5203488372093024 0.2703488372093023 0.5232558139534884 0.27906976744186046 0.5232558139534884 0.2819767441860465 0.5203488372093024 0.3691860465116279 0.5203488372093024 0.3691860465116279 0.44476744186046513 0.36627906976744184 0.4418604651162791 0.3691860465116279 0.438953488372093 0.3691860465116279 0.3953488372093023 0.36627906976744184 0.39244186046511625 0.36627906976744184 0.38953488372093026 0.3691860465116279 0.3866279069767442 0.3691860465116279 0.36046511627906974 0.36627906976744184 0.35755813953488375 0.36627906976744184 0.3546511627906977 0.3633720930232558 0.35174418604651164 0.313953488372093 0.35174418604651164 0.311046511627907 0.3546511627906977 0.2238372093023256 0.3546511627906977 0.22093023255813954 0.35174418604651164 0.2063953488372093 0.35174418604651164 0.20348837209302326 0.3546511627906977 0.14534883720930233 0.3546511627906977 0.14244186046511628 0.35174418604651164 0.13662790697674418 0.35174418604651164 0.13372093023255813 0.3546511627906977 0.014534883720930232 0.3546511627906977 0.011627906976744186 0.35755813953488375
0 0.6918604651162791 0.15988372093023256 0.6918604651162791 0.18895348837209303 0.6947674418604651 0.18895348837209303 0.6976744186046512 0.19186046511627908 0.6976744186046512 0.2005813953488372 0.6947674418604651 0.20348837209302326 0.6918604651162791 0.20348837209302326 0.6918604651162791 0.23546511627906977 0.688953488372093 0.23837209302325582 0.6918604651162791 0.24127906976744187 0.688953488372093 0.2441860465116279 0.688953488372093 0.3226744186046512 0.8197674418604651 0.3226744186046512 0.8226744186046512 0.32558139534883723 0.8255813953488372 0.32558139534883723 0.8284883720930233 0.3226744186046512 0.8313953488372093 0.32558139534883723 0.8343023255813954 0.32558139534883723 0.8372093023255814 0.3226744186046512 0.8401162790697675 0.3226744186046512 0.8430232558139535 0.32558139534883723 0.8546511627906976 0.32558139534883723 0.8575581395348837 0.3226744186046512 0.872093023255814 0.3226744186046512 0.875 0.32558139534883723 0.877906976744186 0.3226744186046512 0.9418604651162791 0.3226744186046512 0.9447674418604651 0.32558139534883723 0.9505813953488372 0.32558139534883723 0.9534883720930233 0.3226744186046512 0.9709302325581395 0.3226744186046512 0.9738372093023255 0.32558139534883723 0.9825581395348837 0.32558139534883723 0.9854651162790697 0.3226744186046512 0.997093023255814 0.3226744186046512 0.997093023255814 0.15406976744186046 0.9651162790697675 0.15406976744186046 0.9622093023255814 0.1569767441860465 0.9127906976744186 0.1569767441860465 0.9098837209302325 0.15406976744186046 0.8924418604651163 0.15406976744186046 0.8895348837209303 0.1569767441860465 0.875 0.1569767441860465 0.872093023255814 0.15406976744186046 0.8575581395348837 0.15406976744186046 0.8546511627906976 0.1569767441860465 0.811046511627907 0.1569767441860465 0.8081395348837209 0.15406976744186046 0.8052325581395349 0.15406976744186046 0.8023255813953488 0.1569767441860465 0.7616279069767442 0.1569767441860465 0.7587209302325582 0.15406976744186046 0.75 0.15406976744186046 0.747093023255814 0.1569767441860465 0.7151162790697675 0.1569767441860465 0.7122093023255814 0.15406976744186046 0.6976744186046512 0.15406976744186046
0 0.6802325581395349 0.5465116279069767 0.6802325581395349 0.5523255813953488 0.6773255813953488 0.5552325581395349 0.6773255813953488 0.5581395348837209 0.6802325581395349 0.561046511627907 0.6773255813953488 0.563953488372093 0.6773255813953488 0.5726744186046512 0.6802325581395349 0.5755813953488372 0.6773255813953488 0.5784883720930233 0.6802325581395349 0.5813953488372093 0.6802325581395349 0.5843023255813954 0.6773255813953488 0.5872093023255814 0.6802325581395349 0.5901162790697675 0.6802325581395349 0.5930232558139535 0.6773255813953488 0.5959302325581395 0.6773255813953488 0.6366279069767442 0.6802325581395349 0.6395348837209303 0.686046511627907 0.6395348837209303 0.688953488372093 0.6366279069767442 0.688953488372093 0.6337209302325582 0.6947674418604651 0.627906976744186 0.6976744186046512 0.627906976744186 0.6976744186046512 0.6162790697674418 0.7005813953488372 0.6133720930232558 0.7005813953488372 0.6104651162790697 0.686046511627907 0.5959302325581395 0.686046511627907 0.5901162790697675 0.688953488372093 0.5872093023255814 0.6976744186046512 0.5872093023255814 0.7005813953488372 0.5901162790697675 0.7005813953488372 0.5930232558139535 0.7122093023255814 0.6046511627906976 0.7122093023255814 0.6075581395348837 0.7151162790697675 0.6104651162790697 0.7151162790697675 0.6162790697674418 0.7122093023255814 0.6191860465116279 0.7122093023255814 0.6308139534883721 0.7005813953488372 0.6424418604651163 0.7005813953488372 0.6453488372093024 0.7063953488372093 0.6453488372093024 0.7122093023255814 0.6511627906976745 0.7122093023255814 0.6627906976744186 0.7151162790697675 0.6656976744186046 0.7151162790697675 0.6715116279069767 0.7180232558139535 0.6744186046511628 0.7238372093023255 0.6744186046511628 0.7267441860465116 0.6715116279069767 0.7296511627906976 0.6715116279069767 0.7325581395348837 0.6686046511627907 0.7441860465116279 0.6686046511627907 0.747093023255814 0.6715116279069767 0.747093023255814 0.6744186046511628 0.75 0.6773255813953488 0.75 0.6831395348837209 0.747093023255814 0.686046511627907 0.7383720930232558 0.686046511627907 0.7354651162790697 0.6831395348837209 0.7267441860465116 0.6831395348837209 0.7238372093023255 0.686046511627907 0.7063953488372093 0.686046511627907 0.7005813953488372 0.6802325581395349 0.7005813953488372 0.6569767441860465 0.688953488372093 0.6569767441860465 0.686046511627907 0.6540697674418605 0.6802325581395349 0.6540697674418605 0.6802325581395349 0.6627906976744186 0.6831395348837209 0.6656976744186046 0.6831395348837209 0.6773255813953488 0.686046511627907 0.6802325581395349 0.686046511627907 0.6918604651162791 0.688953488372093 0.6947674418604651 0.688953488372093 0.6976744186046512 0.6918604651162791 0.7005813953488372 0.6976744186046512 0.7005813953488372 0.7005813953488372 0.6976744186046512 0.7267441860465116 0.6976744186046512 0.7296511627906976 0.6947674418604651 0.75 0.6947674418604651 0.752906976744186 0.6918604651162791 0.7558139534883721 0.6947674418604651 0.7848837209302325 0.6947674418604651 0.7877906976744186 0.6976744186046512 0.7994186046511628 0.6976744186046512 0.8023255813953488 0.7005813953488372 0.8197674418604651 0.7005813953488372 0.8226744186046512 0.7034883720930233 0.8372093023255814 0.7034883720930233 0.8401162790697675 0.7063953488372093 0.8546511627906976 0.7063953488372093 0.8575581395348837 0.7093023255813954 0.8895348837209303 0.7093023255813954 0.8924418604651163 0.7063953488372093 0.936046511627907 0.7063953488372093 0.938953488372093 0.7093023255813954 0.997093023255814 0.7093023255813954 0.997093023255814 0.5465116279069767 0.75 0.5465116279069767 0.747093023255814 0.5436046511627907 0.7238372093023255 0.5436046511627907 0.7209302325581395 0.5465116279069767
0 0 0 0 0.125 0.005813953488372093 0.125 0.00872093023255814 0.12790697674418605 0.014534883720930232 0.12790697674418605 0.01744186046511628 0.125 0.046511627906976744 0.125 0.04941860465116279 0.12209302325581395 0.10174418604651163 0.12209302325581395 0.10465116279069768 0.125 0.10755813953488372 0.12209302325581395 0.11337209302325581 0.12209302325581395 0.11627906976744186 0.125 0.25290697674418605 0.125 0.2558139534883721 0.12209302325581395 0.3023255813953488 0.12209302325581395 0.30523255813953487 0.11918604651162791 0.3430232558139535 0.11918604651162791 0.34593023255813954 0.11627906976744186 0.36046511627906974 0.11627906976744186 0.36627906976744184 0.11046511627906977 0.36627906976744184 0.10174418604651163 0.3691860465116279 0.09883720930232558 0.3691860465116279 0.04941860465116279 0.36627906976744184 0.046511627906976744 0.36627906976744184 0
0 0.09011627906976744 0.9534883720930233 0.09011627906976744 0.9680232558139535 0.09302325581395349 0.9709302325581395 0.09302325581395349 0.997093023255814 0.6337209302325582 0.997093023255814 0.6337209302325582 0.9941860465116279 0.6366279069767442 0.9912790697674418 0.6366279069767442 0.9563953488372093 0.6191860465116279 0.9563953488372093 0.6162790697674418 0.9534883720930233 0.5784883720930233 0.9534883720930233 0.5755813953488372 0.9505813953488372 0.09302325581395349 0.9505813953488372
0 0.686046511627907 0.9941860465116279 0.686046511627907 0.997093023255814 0.997093023255814 0.997093023255814 0.997093023255814 0.9534883720930233 0.9651162790697675 0.9534883720930233 0.9622093023255814 0.9505813953488372 0.8895348837209303 0.9505813953488372 0.8866279069767442 0.9534883720930233 0.8837209302325582 0.9534883720930233 0.8808139534883721 0.9505813953488372 0.7732558139534884 0.9505813953488372 0.7703488372093024 0.9534883720930233 0.7151162790697675 0.9534883720930233 0.7122093023255814 0.9563953488372093 0.6976744186046512 0.9563953488372093 0.6947674418604651 0.9593023255813954 0.6918604651162791 0.9593023255813954 0.6918604651162791 0.9709302325581395 0.688953488372093 0.9738372093023255 0.688953488372093 0.9912790697674418
0 0 0.1511627906976744 0 0.3226744186046512 0.0755813953488372 0.3226744186046512 0.0755813953488372 0.311046511627907 0.07267441860465117 0.3081395348837209 0.0755813953488372 0.30523255813953487 0.0755813953488372 0.3023255813953488 0.07267441860465117 0.29941860465116277 0.07267441860465117 0.2936046511627907 0.0755813953488372 0.29069767441860467 0.0755813953488372 0.28488372093023256 0.07267441860465117 0.2819767441860465 0.07267441860465117 0.2761627906976744 0.0755813953488372 0.27325581395348836 0.07267441860465117 0.2703488372093023 0.07267441860465117 0.2616279069767442 0.0755813953488372 0.25872093023255816 0.0755813953488372 0.18023255813953487 0.07267441860465117 0.17732558139534885 0.07267441860465117 0.1686046511627907 0.0755813953488372 0.16569767441860464 0.07267441860465117 0.16279069767441862 0.07267441860465117 0.15988372093023256 0.06686046511627906 0.15406976744186046 0.0436046511627907 0.15406976744186046 0.040697674418604654 0.1569767441860465 0.03488372093023256 0.1569767441860465 0.03197674418604651 0.15406976744186046 0.014534883720930232 0.15406976744186046 0.011627906976744186 0.1511627906976744
0 0 0.5494186046511628 0 0.5523255813953488 0.00872093023255814 0.5523255813953488 0.011627906976744186 0.5552325581395349 0.023255813953488372 0.5552325581395349 0.02616279069767442 0.5581395348837209 0.02616279069767442 0.563953488372093 0.023255813953488372 0.5668604651162791 0.020348837209302327 0.5668604651162791 0.01744186046511628 0.5697674418604651 0.011627906976744186 0.5697674418604651 0.00872093023255814 0.5668604651162791 0.0029069767441860465 0.5668604651162791 0 0.563953488372093 0 0.7093023255813954 0.02616279069767442 0.7093023255813954 0.029069767441860465 0.7063953488372093 0.0436046511627907 0.7063953488372093 0.046511627906976744 0.7034883720930233 0.05813953488372093 0.7034883720930233 0.05813953488372093 0.7005813953488372 0.061046511627906974 0.6976744186046512 0.061046511627906974 0.6918604651162791 0.06395348837209303 0.688953488372093 0.06395348837209303 0.6598837209302325 0.061046511627906974 0.6569767441860465 0.061046511627906974 0.6540697674418605 0.06395348837209303 0.6511627906976745 0.06395348837209303 0.6366279069767442 0.061046511627906974 0.6337209302325582 0.061046511627906974 0.6017441860465116 0.06395348837209303 0.5988372093023255 0.06395348837209303 0.5901162790697675 0.061046511627906974 0.5872093023255814 0.061046511627906974 0.5843023255813954 0.06395348837209303 0.5813953488372093 0.06395348837209303 0.5784883720930233 0.061046511627906974 0.5755813953488372 0.061046511627906974 0.5668604651162791 0.05813953488372093 0.563953488372093 0.05813953488372093 0.5581395348837209 0.055232558139534885 0.5552325581395349 0.0436046511627907 0.5552325581395349 0.040697674418604654 0.5523255813953488 0.01744186046511628 0.5523255813953488 0.014534883720930232 0.5494186046511628
0 0 0.9505813953488372 0 0.997093023255814 0.06686046511627906 0.997093023255814 0.06686046511627906 0.9796511627906976 0.06395348837209303 0.9767441860465116 0.06395348837209303 0.9534883720930233 0.0436046511627907 0.9534883720930233 0.040697674418604654 0.9505813953488372
0 0.997093023255814 0.36627906976744184 0.997093023255814 0.3691860465116279 0.9941860465116279 0.37209302325581395 0.9941860465116279 0.375 0.9912790697674418 0.37790697674418605 0.9912790697674418 0.38372093023255816 0.9883720930232558 0.3866279069767442 0.9883720930232558 0.39244186046511625 0.9912790697674418 0.3953488372093023 0.9883720930232558 0.39825581395348836 0.9883720930232558 0.4476744186046512 0.9854651162790697 0.45058139534883723 0.9883720930232558 0.45348837209302323 0.9883720930232558 0.4563953488372093 0.9854651162790697 0.45930232558139533 0.9854651162790697 0.4883720930232558 0.9825581395348837 0.49127906976744184 0.9825581395348837 0.5145348837209303 0.997093023255814 0.5145348837209303
0 0.997093023255814 0 0.997093023255814 0.0029069767441860465 0.9941860465116279 0.005813953488372093 0.9941860465116279 0.05232558139534884 0.9912790697674418 0.055232558139534885 0.9912790697674418 0.0755813953488372 0.9883720930232558 0.07848837209302326 0.9883720930232558 0.09302325581395349 0.9854651162790697 0.09593023255813954 0.9854651162790697 0.10755813953488372 0.9883720930232558 0.11046511627906977 0.9883720930232558 0.11337209302325581 0.9912790697674418 0.11627906976744186 0.997093023255814 0.11627906976744186
1 0.6453488372093024 0.5436046511627907 0.5552325581395349 0.5436046511627907 0.5523255813953488 0.5406976744186046 0.48255813953488375 0.5406976744186046 0.4796511627906977 0.5436046511627907 0.39244186046511625 0.5436046511627907 0.3866279069767442 0.5494186046511628 0.35174418604651164 0.5494186046511628 0.3488372093023256 0.5523255813953488 0.34593023255813954 0.5523255813953488 0.3372093023255814 0.561046511627907 0.3313953488372093 0.561046511627907 0.32848837209302323 0.563953488372093 0.31976744186046513 0.563953488372093 0.3168604651162791 0.5668604651162791 0.3081395348837209 0.5668604651162791 0.30523255813953487 0.563953488372093 0.2936046511627907 0.563953488372093 0.29069767441860467 0.561046511627907 0.27906976744186046 0.561046511627907 0.2761627906976744 0.563953488372093 0.18895348837209303 0.563953488372093 0.18604651162790697 0.5668604651162791 0.18313953488372092 0.5668604651162791 0.18313953488372092 0.5697674418604651 0.16569767441860464 0.5872093023255814 0.16569767441860464 0.5959302325581395 0.1686046511627907 0.5988372093023255 0.1686046511627907 0.6191860465116279 0.1569767441860465 0.6308139534883721 0.1569767441860465 0.6395348837209303 0.1511627906976744 0.6453488372093024 0.1511627906976744 0.6482558139534884 0.14244186046511628 0.6569767441860465 0.13953488372093023 0.6569767441860465 0.13372093023255813 0.6627906976744186 0.1308139534883721 0.6627906976744186 0.125 0.6686046511627907 0.12209302325581395 0.6686046511627907 0.11337209302325581 0.6773255813953488 0.11046511627906977 0.6773255813953488 0.10755813953488372 0.6802325581395349 0.10755813953488372 0.686046511627907 0.10465116279069768 0.688953488372093 0.10465116279069768 0.6947674418604651 0.10174418604651163 0.6976744186046512 0.09883720930232558 0.6976744186046512 0.09883720930232558 0.7063953488372093 0.10174418604651163 0.7093023255813954 0.1308139534883721 0.7093023255813954 0.13372093023255813 0.7122093023255814 0.1686046511627907 0.7122093023255814 0.17151162790697674 0.7151162790697675 0.27906976744186046 0.7151162790697675 0.2819767441860465 0.7122093023255814 0.29941860465116277 0.7122093023255814 0.3023255813953488 0.7093023255813954 0.30523255813953487 0.7122093023255814 0.35755813953488375 0.7122093023255814 0.36046511627906974 0.7093023255813954 0.4069767441860465 0.7093023255813954 0.40988372093023256 0.7122093023255814 0.4273255813953488 0.7122093023255814 0.43023255813953487 0.7093023255813954 0.45930232558139533 0.7093023255813954 0.4622093023255814 0.7122093023255814 0.49709302325581395 0.7122093023255814 0.5 0.7093023255813954 0.5232558139534884 0.7093023255813954 0.5261627906976745 0.7122093023255814 0.5348837209302325 0.7122093023255814 0.5377906976744186 0.7093023255813954 0.5406976744186046 0.7093023255813954 0.5436046511627907 0.7122093023255814 0.5552325581395349 0.7122093023255814 0.5581395348837209 0.7093023255813954 0.6017441860465116 0.7093023255813954 0.6046511627906976 0.7122093023255814 0.6104651162790697 0.7122093023255814 0.6133720930232558 0.7093023255813954 0.622093023255814 0.7093023255813954 0.625 0.7063953488372093 0.6337209302325582 0.7063953488372093 0.6366279069767442 0.7034883720930233 0.6424418604651163 0.7034883720930233 0.6453488372093024 0.7005813953488372 0.6453488372093024 0.686046511627907 0.6482558139534884 0.6831395348837209 0.6482558139534884 0.5901162790697675 0.6453488372093024 0.5872093023255814
1 0.05813953488372093 0.7616279069767442 0.06395348837209303 0.7674418604651163 0.06395348837209303 0.7732558139534884 0.06686046511627906 0.7761627906976745 0.06686046511627906 0.8226744186046512 0.06395348837209303 0.8255813953488372 0.06395348837209303 0.8284883720930233 0.061046511627906974 0.8313953488372093 0.061046511627906974 0.8343023255813954 0.05813953488372093 0.8372093023255814 0.05813953488372093 0.8430232558139535 0.061046511627906974 0.8459302325581395 0.061046511627906974 0.872093023255814 0.05813953488372093 0.875 0.05813953488372093 0.8895348837209303 0.061046511627906974 0.8924418604651163 0.061046511627906974 0.8953488372093024 0.06395348837209303 0.8982558139534884 0.06395348837209303 0.9011627906976745 0.06686046511627906 0.9011627906976745 0.06976744186046512 0.9040697674418605 0.07267441860465117 0.9040697674418605 0.0755813953488372 0.9069767441860465 0.08139534883720931 0.9069767441860465 0.08430232558139535 0.9098837209302325 0.08430232558139535 0.9156976744186046 0.09011627906976744 0.9156976744186046 0.09302325581395349 0.9186046511627907 0.21511627906976744 0.9186046511627907 0.2180232558139535 0.9215116279069767 0.23837209302325582 0.9215116279069767 0.24127906976744187 0.9186046511627907 0.25290697674418605 0.9186046511627907 0.2558139534883721 0.9215116279069767 0.38372093023255816 0.9215116279069767 0.3866279069767442 0.9186046511627907 0.3866279069767442 0.8982558139534884 0.38953488372093026 0.8953488372093024 0.38953488372093026 0.875 0.3866279069767442 0.872093023255814 0.3866279069767442 0.8401162790697675 0.38953488372093026 0.8372093023255814 0.38953488372093026 0.7936046511627907 0.3866279069767442 0.7906976744186046 0.3866279069767442 0.7848837209302325 0.38372093023255816 0.7819767441860465 0.38372093023255816 0.7761627906976745 0.375 0.7674418604651163 0.37209302325581395 0.7674418604651163 0.3691860465116279 0.7645348837209303 0.36046511627906974 0.7645348837209303 0.35755813953488375 0.7616279069767442 0.3546511627906977 0.7616279069767442 0.35174418604651164 0.7587209302325582 0.34011627906976744 0.7587209302325582 0.3372093023255814 0.7558139534883721 0.24709302325581395 0.7558139534883721 0.2441860465116279 0.7587209302325582 0.24127906976744187 0.7558139534883721 0.23255813953488372 0.7558139534883721 0.22965116279069767 0.7587209302325582 0.22093023255813954 0.7587209302325582 0.2180232558139535 0.7558139534883721 0.1686046511627907 0.7558139534883721 0.16569767441860464 0.752906976744186 0.13372093023255813 0.752906976744186 0.1308139534883721 0.75 0.08430232558139535 0.75 0.07848837209302326 0.7558139534883721 0.06686046511627906 0.7558139534883721 0.06395348837209303 0.7587209302325582 0.061046511627906974 0.7587209302325582
1 0 0.7616279069767442 0 0.9186046511627907 0.005813953488372093 0.9186046511627907 0.00872093023255814 0.9156976744186046 0.029069767441860465 0.9156976744186046 0.020348837209302327 0.9069767441860465 0.020348837209302327 0.9040697674418605 0.01744186046511628 0.9011627906976745 0.01744186046511628 0.8895348837209303 0.014534883720930232 0.8866279069767442 0.014534883720930232 0.8808139534883721 0.011627906976744186 0.877906976744186 0.011627906976744186 0.8604651162790697 0.01744186046511628 0.8546511627906976 0.01744186046511628 0.8343023255813954 0.020348837209302327 0.8313953488372093 0.020348837209302327 0.8197674418604651 0.023255813953488372 0.8168604651162791 0.023255813953488372 0.811046511627907 0.02616279069767442 0.8081395348837209 0.02616279069767442 0.7848837209302325 0.023255813953488372 0.7819767441860465 0.023255813953488372 0.7761627906976745 0.01744186046511628 0.7761627906976745 0.014534883720930232 0.7732558139534884 0.00872093023255814 0.7732558139534884 0 0.7645348837209303
1 0.15988372093023256 0.5494186046511628 0.1511627906976744 0.5494186046511628 0.14825581395348839 0.5523255813953488 0.14244186046511628 0.5523255813953488 0.13953488372093023 0.5552325581395349 0.13372093023255813 0.5552325581395349 0.12790697674418605 0.561046511627907 0.125 0.561046511627907 0.11918604651162791 0.5668604651162791 0.11918604651162791 0.5697674418604651 0.11627906976744186 0.5726744186046512 0.11627906976744186 0.5784883720930233 0.11337209302325581 0.5813953488372093 0.11337209302325581 0.5959302325581395 0.11046511627906977 0.5988372093023255 0.11046511627906977 0.6337209302325582 0.11918604651162791 0.625 0.11918604651162791 0.622093023255814 0.12209302325581395 0.6191860465116279 0.12209302325581395 0.6162790697674418 0.125 0.6133720930232558 0.125 0.6104651162790697 0.12790697674418605 0.6075581395348837 0.125 0.6046511627906976 0.125 0.5813953488372093 0.12790697674418605 0.5784883720930233 0.12790697674418605 0.5755813953488372 0.1511627906976744 0.5523255813953488 0.15406976744186046 0.5523255813953488 0.1569767441860465 0.5494186046511628
2 0.9854651162790697 0 0.9622093023255814 0 0.9622093023255814 0.09302325581395349 0.9593023255813954 0.09593023255813954 0.9593023255813954 0.11337209302325581 0.9534883720930233 0.12209302325581395 0.9418604651162791 0.12209302325581395 0.938953488372093 0.125 0.9244186046511628 0.12209302325581395 0.9127906976744186 0.13662790697674418 0.9011627906976745 0.13662790697674418 0.8982558139534884 0.13953488372093023 0.811046511627907 0.14244186046511628 0.8052325581395349 0.14534883720930233 0.7936046511627907 0.13953488372093023 0.7412790697674418 0.13953488372093023 0.7383720930232558 0.14244186046511628 0.7296511627906976 0.14244186046511628 0.7267441860465116 0.13953488372093023 0.7122093023255814 0.13953488372093023 0.7093023255813954 0.13662790697674418 0.688953488372093 0.13662790697674418 0.6744186046511628 0.14534883720930233 0.6598837209302325 0.16569767441860464 0.6540697674418605 0.29069767441860467 0.6511627906976745 0.2936046511627907 0.6482558139534884 0.311046511627907 0.6395348837209303 0.31976744186046513 0.627906976744186 0.31976744186046513 0.622093023255814 0.32558139534883723 0.6191860465116279 0.3226744186046512 0.561046511627907 0.32558139534883723 0.5377906976744186 0.34011627906976744 0.48546511627906974 0.34011627906976744 0.48255813953488375 0.3372093023255814 0.4738372093023256 0.3372093023255814 0.4680232558139535 0.3313953488372093 0.45930232558139533 0.32848837209302323 0.4476744186046512 0.32848837209302323 0.41569767441860467 0.34593023255813954 0.4069767441860465 0.34593023255813954 0.38372093023255816 0.36627906976744184 0.3808139534883721 0.375 0.3808139534883721 0.39825581395348836 0.38372093023255816 0.40406976744186046 0.375 0.42151162790697677 0.375 0.43023255813953487 0.37790697674418605 0.4331395348837209 0.37790697674418605 0.45930232558139533 0.37209302325581395 0.4680232558139535 0.37209302325581395 0.5203488372093024 0.3691860465116279 0.5232558139534884 0.31976744186046513 0.5232558139534884 0.3168604651162791 0.5261627906976745 0.311046511627907 0.5232558139534884 0.2819767441860465 0.5232558139534884 0.27906976744186046 0.5290697674418605 0.26744186046511625 0.5290697674418605 0.2616279069767442 0.5232558139534884 0.25290697674418605 0.5232558139534884 0.24709302325581395 0.5290697674418605 0.19186046511627908 0.5290697674418605 0.1744186046511628 0.5348837209302325 0.15988372093023256 0.5523255813953488 0.1511627906976744 0.5552325581395349 0.1308139534883721 0.5755813953488372 0.12790697674418605 0.5813953488372093 0.12790697674418605 0.6046511627906976 0.1308139534883721 0.6075581395348837 0.12209302325581395 0.625 0.09883720930232558 0.6453488372093024 0.0872093023255814 0.6453488372093024 0.07267441860465117 0.6569767441860465 0.06686046511627906 0.6656976744186046 0.06686046511627906 0.688953488372093 0.061046511627906974 0.7034883720930233 0.0436046511627907 0.7093023255813954 0.029069767441860465 0.7093023255813954 0.029069767441860465 0.7180232558139535 0.020348837209302327 0.7267441860465116 0.00872093023255814 0.7296511627906976 0 0.7412790697674418 0 0.7587209302325582 0.00872093023255814 0.7703488372093024 0.023255813953488372 0.7732558139534884 0.029069767441860465 0.7848837209302325 0.029069767441860465 0.8081395348837209 0.020348837209302327 0.8343023255813954 0.020348837209302327 0.8546511627906976 0.014534883720930232 0.8604651162790697 0.014534883720930232 0.877906976744186 0.020348837209302327 0.8895348837209303 0.020348837209302327 0.9011627906976745 0.03197674418604651 0.9156976744186046 0.0436046511627907 0.938953488372093 0.0436046511627907 0.9505813953488372 0.06395348837209303 0.9505813953488372 0.06686046511627906 0.9534883720930233 0.06976744186046512 0.997093023255814 0.09011627906976744 0.997093023255814 0.09011627906976744 0.9709302325581395 0.08430232558139535 0.9593023255813954 0.0872093023255814 0.9273255813953488 0.08139534883720931 0.9098837209302325 0.06395348837209303 0.9040697674418605 0.055232558139534885 0.8895348837209303 0.055232558139534885 0.875 0.05813953488372093 0.872093023255814 0.05813953488372093 0.8459302325581395 0.055232558139534885 0.8372093023255814 0.06395348837209303 0.8226744186046512 0.06395348837209303 0.7761627906976745 0.061046511627906974 0.7674418604651163 0.055232558139534885 0.7616279069767442 0.06686046511627906 0.752906976744186 0.07848837209302326 0.752906976744186 0.08139534883720931 0.75 0.08430232558139535 0.7209302325581395 0.09302325581395349 0.6976744186046512 0.10174418604651163 0.6947674418604651 0.10465116279069768 0.6802325581395349 0.11046511627906977 0.6744186046511628 0.14244186046511628 0.6540697674418605 0.15406976744186046 0.6395348837209303 0.15406976744186046 0.6308139534883721 0.16569767441860464 0.6191860465116279 0.16279069767441862 0.5872093023255814 0.18023255813953487 0.5668604651162791 0.18895348837209303 0.561046511627907 0.2761627906976744 0.561046511627907 0.27906976744186046 0.5581395348837209 0.3168604651162791 0.563953488372093 0.31976744186046513 0.561046511627907 0.3372093023255814 0.5581395348837209 0.35174418604651164 0.5465116279069767 0.3866279069767442 0.5465116279069767 0.4011627906976744 0.5319767441860465 0.40406976744186046 0.5232558139534884 0.40406976744186046 0.35755813953488375 0.4069767441860465 0.3546511627906977 0.6918604651162791 0.35174418604651164 0.6918604651162791 0.3430232558139535 0.6773255813953488 0.3313953488372093 0.6802325581395349 0.28488372093023256 0.6831395348837209 0.2819767441860465 0.6831395348837209 0.2616279069767442 0.6802325581395349 0.25290697674418605 0.688953488372093 0.23255813953488372 0.688953488372093 0.20348837209302326 0.6947674418604651 0.2005813953488372 0.6947674418604651 0.19186046511627908 0.688953488372093 0.18895348837209303 0.688953488372093 0.15988372093023256 0.6976744186046512 0.1511627906976744 0.7122093023255814 0.1511627906976744 0.7151162790697675 0.15406976744186046 0.747093023255814 0.15406976744186046 0.75 0.1511627906976744 0.7587209302325582 0.1511627906976744 0.7616279069767442 0.15406976744186046 0.8023255813953488 0.15406976744186046 0.8052325581395349 0.1511627906976744 0.811046511627907 0.15406976744186046 0.8546511627906976 0.15406976744186046 0.8575581395348837 0.1511627906976744 0.872093023255814 0.1511627906976744 0.875 0.15406976744186046 0.8895348837209303 0.15406976744186046 0.8924418604651163 0.1511627906976744 0.9098837209302325 0.1511627906976744 0.9127906976744186 0.15406976744186046 0.9622093023255814 0.15406976744186046 0.9738372093023255 0.13953488372093023 0.9767441860465116 0.1308139534883721 0.9767441860465116 0.12209302325581395 0.9796511627906976 0.11918604651162791 0.9796511627906976 0.08430232558139535 0.9767441860465116 0.08139534883720931 0.9825581395348837 0.0755813953488372 0.9825581395348837 0.06395348837209303 0.9912790697674418 0.05232558139534884 0.9912790697674418 0.005813953488372093
2 0.8023255813953488 0.35174418604651164 0.8023255813953488 0.36046511627906974 0.7994186046511628 0.3633720930232558 0.7994186046511628 0.37209302325581395 0.8052325581395349 0.37209302325581395 0.8081395348837209 0.3691860465116279 0.8081395348837209 0.36627906976744184 0.811046511627907 0.3633720930232558 0.811046511627907 0.35755813953488375 0.813953488372093 0.3546511627906977 0.8255813953488372 0.3546511627906977 0.8313953488372093 0.36046511627906974 0.8459302325581395 0.36046511627906974 0.8488372093023255 0.3633720930232558 0.8517441860465116 0.3633720930232558 0.8546511627906976 0.36627906976744184 0.8546511627906976 0.3691860465116279 0.8575581395348837 0.37209302325581395 0.8662790697674418 0.37209302325581395 0.8662790697674418 0.3691860465116279 0.872093023255814 0.3633720930232558 0.875 0.3633720930232558 0.8808139534883721 0.3691860465116279 0.8866279069767442 0.3691860465116279 0.8895348837209303 0.37209302325581395 0.8895348837209303 0.37790697674418605 0.8924418604651163 0.3808139534883721 0.9011627906976745 0.3808139534883721 0.9069767441860465 0.375 0.9186046511627907 0.375 0.9244186046511628 0.3808139534883721 0.9244186046511628 0.39244186046511625 0.9273255813953488 0.3953488372093023 0.9273255813953488 0.4011627906976744 0.9302325581395349 0.40406976744186046 0.936046511627907 0.40406976744186046 0.938953488372093 0.4069767441860465 0.938953488372093 0.4127906976744186 0.936046511627907 0.41569767441860467 0.9331395348837209 0.41569767441860467 0.9302325581395349 0.4186046511627907 0.9273255813953488 0.4186046511627907 0.9273255813953488 0.43023255813953487 0.9244186046511628 0.4331395348837209 0.9244186046511628 0.4418604651162791 0.9273255813953488 0.4418604651162791 0.9302325581395349 0.44476744186046513 0.9302325581395349 0.45058139534883723 0.9331395348837209 0.45058139534883723 0.936046511627907 0.45348837209302323 0.938953488372093 0.45348837209302323 0.9418604651162791 0.4563953488372093 0.9418604651162791 0.46511627906976744 0.9476744186046512 0.46511627906976744 0.9476744186046512 0.4563953488372093 0.9447674418604651 0.4563953488372093 0.9418604651162791 0.45348837209302323 0.9418604651162791 0.4476744186046512 0.9331395348837209 0.438953488372093 0.936046511627907 0.436046511627907 0.936046511627907 0.42441860465116277 0.938953488372093 0.42151162790697677 0.938953488372093 0.4186046511627907 0.9418604651162791 0.41569767441860467 0.9447674418604651 0.41569767441860467 0.9447674418604651 0.4127906976744186 0.9476744186046512 0.40988372093023256 0.9563953488372093 0.40988372093023256 0.9563953488372093 0.4011627906976744 0.9534883720930233 0.4011627906976744 0.9505813953488372 0.39825581395348836 0.936046511627907 0.39825581395348836 0.9302325581395349 0.39244186046511625 0.9302325581395349 0.38372093023255816 0.9331395348837209 0.3808139534883721 0.9331395348837209 0.375 0.9302325581395349 0.37209302325581395 0.9273255813953488 0.37209302325581395 0.9215116279069767 0.36627906976744184 0.9098837209302325 0.36627906976744184 0.9069767441860465 0.3691860465116279 0.9040697674418605 0.3691860465116279 0.9011627906976745 0.37209302325581395 0.8895348837209303 0.37209302325581395 0.8866279069767442 0.3691860465116279 0.8866279069767442 0.3633720930232558 0.877906976744186 0.3546511627906977 0.8575581395348837 0.3546511627906977 0.8517441860465116 0.3488372093023256 0.8459302325581395 0.3488372093023256 0.8430232558139535 0.34593023255813954 0.8343023255813954 0.34593023255813954 0.8313953488372093 0.3488372093023256 0.8284883720930233 0.34593023255813954 0.8226744186046512 0.34593023255813954 0.8197674418604651 0.3488372093023256 0.811046511627907 0.3488372093023256 0.8081395348837209 0.35174418604651164
2 0.688953488372093 0.5901162790697675 0.688953488372093 0.5959302325581395 0.7034883720930233 0.6104651162790697 0.7034883720930233 0.6133720930232558 0.7005813953488372 0.6162790697674418 0.7005813953488372 0.627906976744186 0.6976744186046512 0.6308139534883721 0.6947674418604651 0.6308139534883721 0.6918604651162791 0.6337209302325582 0.6918604651162791 0.6366279069767442 0.686046511627907 0.6424418604651163 0.6773255813953488 0.6424418604651163 0.6773255813953488 0.6482558139534884 0.6802325581395349 0.6511627906976745 0.686046511627907 0.6511627906976745 0.688953488372093 0.6540697674418605 0.7005813953488372 0.6540697674418605 0.7034883720930233 0.6569767441860465 0.7034883720930233 0.6802325581395349 0.7063953488372093 0.6831395348837209 0.7238372093023255 0.6831395348837209 0.7267441860465116 0.6802325581395349 0.7354651162790697 0.6802325581395349 0.7383720930232558 0.6831395348837209 0.747093023255814 0.6831395348837209 0.747093023255814 0.6773255813953488 0.7441860465116279 0.6744186046511628 0.7441860465116279 0.6715116279069767 0.7325581395348837 0.6715116279069767 0.7296511627906976 0.6744186046511628 0.7267441860465116 0.6744186046511628 0.7238372093023255 0.6773255813953488 0.7180232558139535 0.6773255813953488 0.7122093023255814 0.6715116279069767 0.7122093023255814 0.6656976744186046 0.7093023255813954 0.6627906976744186 0.7093023255813954 0.6511627906976745 0.7063953488372093 0.6482558139534884 0.7005813953488372 0.6482558139534884 0.6976744186046512 0.6453488372093024 0.6976744186046512 0.6424418604651163 0.7093023255813954 0.6308139534883721 0.7093023255813954 0.6191860465116279 0.7122093023255814 0.6162790697674418 0.7122093023255814 0.6104651162790697 0.7093023255813954 0.6075581395348837 0.7093023255813954 0.6046511627906976 0.6976744186046512 0.5930232558139535 0.6976744186046512 0.5901162790697675
2 0.9011627906976745 0.75 0.9011627906976745 0.7558139534883721 0.9069767441860465 0.7616279069767442 0.9098837209302325 0.7616279069767442 0.9127906976744186 0.7645348837209303 0.9098837209302325 0.7674418604651163 0.9098837209302325 0.7790697674418605 0.9127906976744186 0.7819767441860465 0.9186046511627907 0.7819767441860465 0.9215116279069767 0.7848837209302325 0.9215116279069767 0.7906976744186046 0.9244186046511628 0.7936046511627907 0.9244186046511628 0.8023255813953488 0.9273255813953488 0.8052325581395349 0.9273255813953488 0.8226744186046512 0.9244186046511628 0.8255813953488372 0.9244186046511628 0.8284883720930233 0.9215116279069767 0.8313953488372093 0.9215116279069767 0.8459302325581395 0.9186046511627907 0.8488372093023255 0.9186046511627907 0.8546511627906976 0.9244186046511628 0.8546511627906976 0.9244186046511628 0.8488372093023255 0.9273255813953488 0.8459302325581395 0.9273255813953488 0.8372093023255814 0.9302325581395349 0.8343023255813954 0.9302325581395349 0.8255813953488372 0.9331395348837209 0.8226744186046512 0.9331395348837209 0.8023255813953488 0.9302325581395349 0.7994186046511628 0.9302325581395349 0.7848837209302325 0.9273255813953488 0.7819767441860465 0.9215116279069767 0.7819767441860465 0.9186046511627907 0.7790697674418605 0.9186046511627907 0.7761627906976745 0.9156976744186046 0.7732558139534884 0.9156976744186046 0.7703488372093024 0.9186046511627907 0.7674418604651163 0.9186046511627907 0.7616279069767442 0.9156976744186046 0.7587209302325582 0.9156976744186046 0.7558139534883721 0.9098837209302325 0.75
2 0 0.5552325581395349 0 0.561046511627907 0.0029069767441860465 0.563953488372093 0.00872093023255814 0.563953488372093 0.011627906976744186 0.5668604651162791 0.01744186046511628 0.5668604651162791 0.020348837209302327 0.563953488372093 0.023255813953488372 0.563953488372093 0.023255813953488372 0.5581395348837209 0.011627906976744186 0.5581395348837209 0.00872093023255814 0.5552325581395349