0 0.1040268456375839 0.5 0.1040268456375839 0.5234899328859061 0.10738255033557047 0.5268456375838926 0.10738255033557047 0.5369127516778524 0.1040268456375839 0.540268456375839 0.1040268456375839 0.5604026845637584 0.10738255033557047 0.5637583892617449 0.10738255033557047 0.5771812080536913 0.1040268456375839 0.5805369127516778 0.1040268456375839 0.5939597315436241 0.10738255033557047 0.5973154362416108 0.10738255033557047 0.610738255033557 0.1040268456375839 0.6140939597315436 0.1040268456375839 0.6208053691275168 0.10738255033557047 0.6241610738255033 0.10738255033557047 0.6409395973154363 0.1040268456375839 0.6442953020134228 0.1040268456375839 0.6711409395973155 0.10067114093959731 0.674496644295302 0.10067114093959731 0.6879194630872483 0.1174496644295302 0.6879194630872483 0.12080536912751678 0.6912751677852349 0.1610738255033557 0.6912751677852349 0.1644295302013423 0.6879194630872483 0.1912751677852349 0.6879194630872483 0.19463087248322147 0.6845637583892618 0.28859060402684567 0.6845637583892618 0.29194630872483224 0.6879194630872483 0.3087248322147651 0.6879194630872483 0.31208053691275167 0.6845637583892618 0.3288590604026846 0.6845637583892618 0.33221476510067116 0.6879194630872483 0.34563758389261745 0.6879194630872483 0.348993288590604 0.6845637583892618 0.44966442953020136 0.6845637583892618 0.45302013422818793 0.6879194630872483 0.4664429530201342 0.6879194630872483 0.4697986577181208 0.6912751677852349 0.4966442953020134 0.6912751677852349 0.5 0.6879194630872483 0.5067114093959731 0.6879194630872483 0.5100671140939598 0.6912751677852349 0.5704697986577181 0.6912751677852349 0.5738255033557047 0.6879194630872483 0.6879194630872483 0.6879194630872483 0.6912751677852349 0.6912751677852349 0.7348993288590604 0.6912751677852349 0.738255033557047 0.6879194630872483 0.738255033557047 0.6711409395973155 0.7416107382550335 0.6677852348993288 0.7416107382550335 0.6543624161073825 0.7449664429530202 0.6510067114093959 0.7416107382550335 0.6476510067114094 0.7449664429530202 0.6442953020134228 0.7449664429530202 0.6241610738255033 0.7483221476510067 0.6208053691275168 0.7483221476510067 0.6140939597315436 0.7449664429530202 0.610738255033557 0.7449664429530202 0.6006711409395973 0.7483221476510067 0.5973154362416108 0.7449664429530202 0.5939597315436241 0.7449664429530202 0.5805369127516778 0.7416107382550335 0.5771812080536913 0.7416107382550335 0.5536912751677853 0.7449664429530202 0.5503355704697986 0.7449664429530202 0.5469798657718121 0.7416107382550335 0.5436241610738255 0.7449664429530202 0.540268456375839 0.7449664429530202 0.5335570469798657 0.7416107382550335 0.5302013422818792 0.7416107382550335 0.5033557046979866 0.738255033557047 0.5 0.7248322147651006 0.5 0.7214765100671141 0.4966442953020134 0.7046979865771812 0.4966442953020134 0.7013422818791947 0.5 0.6912751677852349 0.5 0.6879194630872483 0.5033557046979866 0.5939597315436241 0.5033557046979866 0.5906040268456376 0.5 0.5771812080536913 0.5 0.5738255033557047 0.4966442953020134 0.5436241610738255 0.4966442953020134 0.540268456375839 0.5 0.4395973154362416 0.5 0.436241610738255 0.4966442953020134 0.4261744966442953 0.4966442953020134 0.4228187919463087 0.49328859060402686 0.412751677852349 0.49328859060402686 0.40939597315436244 0.4899328859060403 0.37583892617449666 0.4899328859060403 0.3724832214765101 0.49328859060402686 0.36577181208053694 0.49328859060402686 0.3624161073825503 0.4966442953020134 0.35570469798657717 0.4966442953020134 0.3523489932885906 0.5 0.3389261744966443 0.5 0.33557046979865773 0.5033557046979866 0.2651006711409396 0.5033557046979866 0.26174496644295303 0.5 0.21476510067114093 0.5 0.21140939597315436 0.4966442953020134 0.2080536912751678 0.4966442953020134 0.20469798657718122 0.5 0.17785234899328858 0.5 0.174496644295302 0.4966442953020134 0.1610738255033557 0.4966442953020134 0.15771812080536912 0.49328859060402686 0.1342281879194631 0.49328859060402686 0.13087248322147652 0.4966442953020134 0.12751677852348994 0.4966442953020134 0.12416107382550336 0.49328859060402686 0.11409395973154363 0.49328859060402686 0.11073825503355705 0.4966442953020134 0.10738255033557047 0.4966442953020134
0 0.1174496644295302 0.006711409395973154 0.1174496644295302 0.030201342281879196 0.12080536912751678 0.03355704697986577 0.12080536912751678 0.06375838926174497 0.12416107382550336 0.06711409395973154 0.12416107382550336 0.12080536912751678 0.12080536912751678 0.12416107382550336 0.12080536912751678 0.15100671140939598 0.1174496644295302 0.15436241610738255 0.1174496644295302 0.17785234899328858 0.12080536912751678 0.18120805369127516 0.12416107382550336 0.18120805369127516 0.12751677852348994 0.18456375838926176 0.15100671140939598 0.18456375838926176 0.15436241610738255 0.18120805369127516 0.15771812080536912 0.18120805369127516 0.1610738255033557 0.18456375838926176 0.21140939597315436 0.18456375838926176 0.21476510067114093 0.18120805369127516 0.24496644295302014 0.18120805369127516 0.2483221476510067 0.17785234899328858 0.2651006711409396 0.17785234899328858 0.2684563758389262 0.18120805369127516 0.2986577181208054 0.18120805369127516 0.30201342281879195 0.17785234899328858 0.45302013422818793 0.17785234899328858 0.4563758389261745 0.18120805369127516 0.4597315436241611 0.17785234899328858 0.46308724832214765 0.17785234899328858 0.4664429530201342 0.18120805369127516 0.4798657718120805 0.18120805369127516 0.48322147651006714 0.18456375838926176 0.5167785234899329 0.18456375838926176 0.5201342281879194 0.18791946308724833 0.5268456375838926 0.18791946308724833 0.5302013422818792 0.18456375838926176 0.5469798657718121 0.18456375838926176 0.5503355704697986 0.18120805369127516 0.6308724832214765 0.18120805369127516 0.6342281879194631 0.18456375838926176 0.6912751677852349 0.18456375838926176 0.6946308724832215 0.18791946308724833 0.7013422818791947 0.18791946308724833 0.7046979865771812 0.18456375838926176 0.7315436241610739 0.18456375838926176 0.7348993288590604 0.18120805369127516 0.7583892617449665 0.18120805369127516 0.7583892617449665 0.17785234899328858 0.7550335570469798 0.174496644295302 0.7550335570469798 0.14093959731543623 0.7583892617449665 0.13758389261744966 0.7583892617449665 0.11073825503355705 0.761744966442953 0.10738255033557047 0.761744966442953 0.09731543624161074 0.7583892617449665 0.09395973154362416 0.7583892617449665 0.06711409395973154 0.7550335570469798 0.06375838926174497 0.7583892617449665 0.06040268456375839 0.7583892617449665 0.03355704697986577 0.761744966442953 0.030201342281879196 0.7583892617449665 0.026845637583892617 0.761744966442953 0.02348993288590604 0.761744966442953 0.006711409395973154 0.7583892617449665 0.003355704697986577 0.7583892617449665 0 0.12080536912751678 0 0.12080536912751678 0.003355704697986577
0 0.44966442953020136 0.24496644295302014 0.44966442953020136 0.2751677852348993 0.45302013422818793 0.2785234899328859 0.45302013422818793 0.32550335570469796 0.44966442953020136 0.3288590604026846 0.44966442953020136 0.3926174496644295 0.45302013422818793 0.3959731543624161 0.45302013422818793 0.42953020134228187 0.44966442953020136 0.43288590604026844 0.4563758389261745 0.43288590604026844 0.4597315436241611 0.436241610738255 0.5201342281879194 0.436241610738255 0.5234899328859061 0.43288590604026844 0.5570469798657718 0.43288590604026844 0.5604026845637584 0.436241610738255 0.6174496644295302 0.436241610738255 0.6208053691275168 0.43288590604026844 0.6442953020134228 0.43288590604026844 0.6476510067114094 0.42953020134228187 0.6711409395973155 0.42953020134228187 0.674496644295302 0.43288590604026844 0.6778523489932886 0.43288590604026844 0.6812080536912751 0.436241610738255 0.6845637583892618 0.436241610738255 0.6879194630872483 0.4395973154362416 0.7114093959731543 0.4395973154362416 0.714765100671141 0.436241610738255 0.7214765100671141 0.436241610738255 0.7248322147651006 0.43288590604026844 0.7751677852348994 0.43288590604026844 0.7785234899328859 0.42953020134228187 0.7986577181208053 0.42953020134228187 0.802013422818792 0.4261744966442953 0.8322147651006712 0.4261744966442953 0.8355704697986577 0.42953020134228187 0.8557046979865772 0.42953020134228187 0.8590604026845637 0.4261744966442953 0.889261744966443 0.4261744966442953 0.8926174496644296 0.42953020134228187 0.9026845637583892 0.42953020134228187 0.9060402684563759 0.43288590604026844 0.9093959731543624 0.42953020134228187 0.9328859060402684 0.42953020134228187 0.9362416107382551 0.4261744966442953 0.9966442953020134 0.4261744966442953 0.9966442953020134 0.24496644295302014 0.9362416107382551 0.24496644295302014 0.9328859060402684 0.24161073825503357 0.8959731543624161 0.24161073825503357 0.8926174496644296 0.24496644295302014 0.8758389261744967 0.24496644295302014 0.87248322147651 0.24161073825503357 0.8523489932885906 0.24161073825503357 0.8489932885906041 0.23825503355704697 0.8389261744966443 0.23825503355704697 0.8355704697986577 0.24161073825503357 0.8087248322147651 0.24161073825503357 0.8053691275167785 0.23825503355704697 0.7348993288590604 0.23825503355704697 0.7315436241610739 0.24161073825503357 0.7114093959731543 0.24161073825503357 0.7080536912751678 0.24496644295302014 0.674496644295302 0.24496644295302014 0.6711409395973155 0.24161073825503357 0.6577181208053692 0.24161073825503357 0.6543624161073825 0.23825503355704697 0.6510067114093959 0.23825503355704697 0.6476510067114094 0.2348993288590604 0.6409395973154363 0.2348993288590604 0.6375838926174496 0.23825503355704697 0.6308724832214765 0.23825503355704697 0.62751677852349 0.24161073825503357 0.6140939597315436 0.24161073825503357 0.610738255033557 0.24496644295302014 0.5939597315436241 0.24496644295302014 0.5906040268456376 0.2483221476510067 0.5436241610738255 0.2483221476510067 0.540268456375839 0.24496644295302014 0.5302013422818792 0.24496644295302014 0.5268456375838926 0.24161073825503357 0.46308724832214765 0.24161073825503357 0.4597315436241611 0.24496644295302014
0 0.4697986577181208 0.7550335570469798 0.4697986577181208 0.7684563758389261 0.4664429530201342 0.7718120805369127 0.4664429530201342 0.785234899328859 0.46308724832214765 0.7885906040268457 0.46308724832214765 0.7953020134228188 0.4664429530201342 0.7953020134228188 0.4697986577181208 0.7986577181208053 0.4697986577181208 0.8087248322147651 0.4664429530201342 0.8120805369127517 0.46308724832214765 0.8120805369127517 0.4664429530201342 0.8120805369127517 0.4697986577181208 0.8087248322147651 0.47651006711409394 0.8087248322147651 0.4798657718120805 0.8120805369127517 0.48322147651006714 0.8120805369127517 0.4865771812080537 0.8154362416107382 0.4865771812080537 0.8221476510067114 0.48322147651006714 0.825503355704698 0.4664429530201342 0.825503355704698 0.4664429530201342 0.8456375838926175 0.46308724832214765 0.8489932885906041 0.4664429530201342 0.8523489932885906 0.4664429530201342 0.8825503355704698 0.46308724832214765 0.8859060402684564 0.46308724832214765 0.9395973154362416 0.4697986577181208 0.9395973154362416 0.47315436241610737 0.9429530201342282 0.4798657718120805 0.9429530201342282 0.48322147651006714 0.9463087248322147 0.49328859060402686 0.9463087248322147 0.4966442953020134 0.9496644295302014 0.5 0.9496644295302014 0.5033557046979866 0.9463087248322147 0.5134228187919463 0.9463087248322147 0.5167785234899329 0.9429530201342282 0.6073825503355704 0.9429530201342282 0.610738255033557 0.9463087248322147 0.6510067114093959 0.9463087248322147 0.6543624161073825 0.9429530201342282 0.6912751677852349 0.9429530201342282 0.6946308724832215 0.9463087248322147 0.714765100671141 0.9463087248322147 0.7181208053691275 0.9496644295302014 0.7214765100671141 0.9463087248322147 0.7348993288590604 0.9463087248322147 0.738255033557047 0.9429530201342282 0.785234899328859 0.9429530201342282 0.7885906040268457 0.9395973154362416 0.802013422818792 0.9395973154362416 0.8053691275167785 0.9429530201342282 0.8154362416107382 0.9429530201342282 0.8187919463087249 0.9463087248322147 0.8355704697986577 0.9463087248322147 0.8389261744966443 0.9496644295302014 0.9060402684563759 0.9496644295302014 0.9093959731543624 0.9463087248322147 0.9161073825503355 0.9463087248322147 0.9194630872483222 0.9429530201342282 0.9362416107382551 0.9429530201342282 0.9395973154362416 0.9395973154362416 0.9664429530201343 0.9395973154362416 0.9697986577181208 0.9429530201342282 0.9899328859060402 0.9429530201342282 0.9932885906040269 0.9463087248322147 0.9966442953020134 0.9463087248322147 0.9966442953020134 0.7483221476510067 0.9798657718120806 0.7483221476510067 0.9765100671140939 0.7516778523489933 0.9328859060402684 0.7516778523489933 0.9295302013422819 0.7483221476510067 0.9228187919463087 0.7483221476510067 0.9194630872483222 0.7516778523489933 0.912751677852349 0.7516778523489933 0.9093959731543624 0.7550335570469798 0.8791946308724832 0.7550335570469798 0.8758389261744967 0.7516778523489933 0.8489932885906041 0.7516778523489933 0.8456375838926175 0.7483221476510067 0.8389261744966443 0.7483221476510067 0.8355704697986577 0.7516778523489933 0.8120805369127517 0.7516778523489933 0.8087248322147651 0.7550335570469798 0.7751677852348994 0.7550335570469798 0.7718120805369127 0.7516778523489933 0.738255033557047 0.7516778523489933 0.7348993288590604 0.7483221476510067 0.7315436241610739 0.7483221476510067 0.7281879194630873 0.7516778523489933 0.7114093959731543 0.7516778523489933 0.7080536912751678 0.7550335570469798 0.6174496644295302 0.7550335570469798 0.6140939597315436 0.7516778523489933 0.5805369127516778 0.7516778523489933 0.5771812080536913 0.7550335570469798 0.5637583892617449 0.7550335570469798 0.5604026845637584 0.7516778523489933 0.5100671140939598 0.7516778523489933 0.5067114093959731 0.7550335570469798
0 0.9966442953020134 0.4899328859060403 0.912751677852349 0.4899328859060403 0.9093959731543624 0.4865771812080537 0.9026845637583892 0.4865771812080537 0.8993288590604027 0.4899328859060403 0.889261744966443 0.4899328859060403 0.8859060402684564 0.49328859060402686 0.87248322147651 0.49328859060402686 0.8691275167785235 0.4966442953020134 0.8120805369127517 0.4966442953020134 0.8120805369127517 0.5167785234899329 0.8087248322147651 0.5201342281879194 0.8087248322147651 0.5436241610738255 0.8053691275167785 0.5469798657718121 0.8053691275167785 0.5704697986577181 0.802013422818792 0.5738255033557047 0.802013422818792 0.6040268456375839 0.8053691275167785 0.6073825503355704 0.8053691275167785 0.6140939597315436 0.8087248322147651 0.6174496644295302 0.8087248322147651 0.6409395973154363 0.8053691275167785 0.6442953020134228 0.8053691275167785 0.6510067114093959 0.802013422818792 0.6543624161073825 0.802013422818792 0.6577181208053692 0.7986577181208053 0.6610738255033557 0.7986577181208053 0.6711409395973155 0.802013422818792 0.674496644295302 0.802013422818792 0.6778523489932886 0.8053691275167785 0.6812080536912751 0.8389261744966443 0.6812080536912751 0.8422818791946308 0.6845637583892618 0.8456375838926175 0.6812080536912751 0.8959731543624161 0.6812080536912751 0.8993288590604027 0.6845637583892618 0.9161073825503355 0.6845637583892618 0.9194630872483222 0.6879194630872483 0.9261744966442953 0.6879194630872483 0.9295302013422819 0.6845637583892618 0.959731543624161 0.6845637583892618 0.9630872483221476 0.6812080536912751 0.9765100671140939 0.6812080536912751 0.9798657718120806 0.6778523489932886 0.9865771812080537 0.6778523489932886 0.9899328859060402 0.6812080536912751 0.9966442953020134 0.6812080536912751
0 0.8288590604026845 0 0.8288590604026845 0.006711409395973154 0.8322147651006712 0.010067114093959731 0.8322147651006712 0.03355704697986577 0.8288590604026845 0.03691275167785235 0.8288590604026845 0.06711409395973154 0.825503355704698 0.07046979865771812 0.825503355704698 0.087248322147651 0.8221476510067114 0.09060402684563758 0.8221476510067114 0.12416107382550336 0.825503355704698 0.12751677852348994 0.825503355704698 0.14093959731543623 0.8221476510067114 0.14429530201342283 0.8221476510067114 0.15436241610738255 0.8187919463087249 0.15771812080536912 0.8187919463087249 0.16778523489932887 0.8154362416107382 0.17114093959731544 0.8154362416107382 0.17785234899328858 0.8187919463087249 0.18120805369127516 0.8187919463087249 0.18456375838926176 0.8221476510067114 0.18791946308724833 0.825503355704698 0.18791946308724833 0.8288590604026845 0.1912751677852349 0.8422818791946308 0.1912751677852349 0.8456375838926175 0.18791946308724833 0.8489932885906041 0.18791946308724833 0.8523489932885906 0.1912751677852349 0.8657718120805369 0.1912751677852349 0.87248322147651 0.18456375838926176 0.8758389261744967 0.18456375838926176 0.8825503355704698 0.17785234899328858 0.9060402684563759 0.17785234899328858 0.9093959731543624 0.18120805369127516 0.9295302013422819 0.18120805369127516 0.9328859060402684 0.18456375838926176 0.9463087248322147 0.18456375838926176 0.9496644295302014 0.18120805369127516 0.959731543624161 0.18120805369127516 0.9630872483221476 0.17785234899328858 0.9765100671140939 0.17785234899328858 0.9798657718120806 0.18120805369127516 0.9966442953020134 0.18120805369127516 0.9966442953020134 0
0 0 0 0 0.1644295302013423 0.02348993288590604 0.1644295302013423 0.026845637583892617 0.1610738255033557 0.040268456375838924 0.1610738255033557 0.0436241610738255 0.1644295302013423 0.050335570469798654 0.1644295302013423 0.053691275167785234 0.1610738255033557 0.0738255033557047 0.1610738255033557 0.0738255033557047 0.1342281879194631 0.07046979865771812 0.13087248322147652 0.07046979865771812 0.06040268456375839 0.0738255033557047 0.05704697986577181 0.0738255033557047 0.050335570469798654 0.07718120805369127 0.04697986577181208 0.07718120805369127 0.03355704697986577 0.08389261744966443 0.026845637583892617 0.08389261744966443 0.02348993288590604 0.07718120805369127 0.016778523489932886 0.07718120805369127 0.006711409395973154 0.08053691275167785 0.003355704697986577 0.08053691275167785 0
0 0.03691275167785235 0.4798657718120805 0.03355704697986577 0.48322147651006714 0.02348993288590604 0.48322147651006714 0.020134228187919462 0.4865771812080537 0 0.4865771812080537 0 0.6778523489932886 0.020134228187919462 0.6778523489932886 0.02348993288590604 0.6812080536912751 0.03355704697986577 0.6812080536912751 0.04697986577181208 0.6677852348993288 0.04697986577181208 0.6577181208053692 0.050335570469798654 0.6543624161073825 0.050335570469798654 0.6308724832214765 0.04697986577181208 0.62751677852349 0.04697986577181208 0.6140939597315436 0.0436241610738255 0.610738255033557 0.0436241610738255 0.5939597315436241 0.04697986577181208 0.5906040268456376 0.04697986577181208 0.5704697986577181 0.050335570469798654 0.5671140939597316 0.050335570469798654 0.5604026845637584 0.053691275167785234 0.5570469798657718 0.050335570469798654 0.5536912751677853 0.050335570469798654 0.5369127516778524 0.04697986577181208 0.5335570469798657 0.04697986577181208 0.5268456375838926 0.0436241610738255 0.5234899328859061 0.0436241610738255 0.5201342281879194 0.04697986577181208 0.5167785234899329 0.04697986577181208 0.5134228187919463 0.050335570469798654 0.5100671140939598 0.050335570469798654 0.5033557046979866 0.053691275167785234 0.5 0.053691275167785234 0.48322147651006714 0.040268456375838924 0.48322147651006714
0 0.1342281879194631 0.9966442953020134 0.436241610738255 0.9966442953020134 0.37919463087248323 0.9966442953020134 0.37583892617449666 0.9932885906040269 0.3624161073825503 0.9932885906040269 0.35906040268456374 0.9966442953020134 0.25838926174496646 0.9966442953020134 0.2550335570469799 0.9932885906040269 0.24496644295302014 0.9932885906040269 0.24161073825503357 0.9899328859060402 0.21476510067114093 0.9899328859060402 0.21140939597315436 0.9932885906040269 0.20134228187919462 0.9932885906040269 0.19798657718120805 0.9966442953020134
0 0.4463087248322148 0.9966442953020134 0.5805369127516778 0.9966442953020134 0.5671140939597316 0.9966442953020134 0.5637583892617449 0.9932885906040269 0.5536912751677853 0.9932885906040269 0.5503355704697986 0.9899328859060402 0.5201342281879194 0.9899328859060402 0.5167785234899329 0.9932885906040269 0.5067114093959731 0.9932885906040269 0.5033557046979866 0.9966442953020134 0.5 0.9966442953020134 0.4966442953020134 0.9932885906040269 0.4865771812080537 0.9932885906040269 0.48322147651006714 0.9899328859060402 0.46308724832214765 0.9899328859060402 0.4597315436241611 0.9932885906040269 0.4563758389261745 0.9932885906040269 0.45302013422818793 0.9966442953020134
0 0 0.9899328859060402 0 0.9966442953020134 0.07718120805369127 0.9966442953020134 0.07718120805369127 0.9899328859060402 0.0738255033557047 0.9932885906040269 0.053691275167785234 0.9932885906040269 0.050335570469798654 0.9899328859060402 0.026845637583892617 0.9899328859060402 0.02348993288590604 0.9865771812080537 0.020134228187919462 0.9899328859060402
0 0.5973154362416108 0.9966442953020134 0.6711409395973155 0.9966442953020134 0.6543624161073825 0.9966442953020134 0.6510067114093959 0.9932885906040269 0.6140939597315436 0.9932885906040269 0.610738255033557 0.9966442953020134
0 0.9093959731543624 0.9966442953020134 0.9966442953020134 0.9966442953020134 0.9966442953020134 0.9932885906040269 0.9932885906040269 0.9966442953020134 0.9261744966442953 0.9966442953020134 0.9228187919463087 0.9932885906040269 0.9194630872483222 0.9966442953020134
1 0.40604026845637586 0.761744966442953 0.39932885906040266 0.7550335570469798 0.3959731543624161 0.7550335570469798 0.3926174496644295 0.7516778523489933 0.38926174496644295 0.7516778523489933 0.3859060402684564 0.7483221476510067 0.37919463087248323 0.7483221476510067 0.37583892617449666 0.7449664429530202 0.3724832214765101 0.7449664429530202 0.3691275167785235 0.7416107382550335 0.3523489932885906 0.7416107382550335 0.348993288590604 0.7449664429530202 0.3389261744966443 0.7449664429530202 0.33557046979865773 0.7483221476510067 0.32550335570469796 0.7483221476510067 0.3221476510067114 0.7516778523489933 0.28523489932885904 0.7516778523489933 0.28187919463087246 0.7483221476510067 0.24161073825503357 0.7483221476510067 0.23825503355704697 0.7516778523489933 0.22818791946308725 0.7516778523489933 0.22483221476510068 0.7483221476510067 0.19463087248322147 0.7483221476510067 0.1912751677852349 0.7449664429530202 0.13087248322147652 0.7449664429530202 0.12751677852348994 0.7483221476510067 0.1174496644295302 0.7483221476510067 0.11409395973154363 0.7516778523489933 0.11073825503355705 0.7516778523489933 0.10738255033557047 0.7483221476510067 0.08389261744966443 0.7483221476510067 0.08053691275167785 0.7449664429530202 0.0738255033557047 0.7449664429530202 0.07718120805369127 0.7483221476510067 0.07718120805369127 0.7550335570469798 0.0738255033557047 0.7583892617449665 0.0738255033557047 0.7718120805369127 0.07046979865771812 0.7751677852348994 0.07046979865771812 0.7785234899328859 0.06711409395973154 0.7818791946308725 0.06711409395973154 0.785234899328859 0.06375838926174497 0.7885906040268457 0.06375838926174497 0.7953020134228188 0.06711409395973154 0.7986577181208053 0.06711409395973154 0.802013422818792 0.0738255033557047 0.8087248322147651 0.0738255033557047 0.8120805369127517 0.07718120805369127 0.8154362416107382 0.07718120805369127 0.8322147651006712 0.0738255033557047 0.8355704697986577 0.0738255033557047 0.8389261744966443 0.06711409395973154 0.8456375838926175 0.06711409395973154 0.8657718120805369 0.06040268456375839 0.87248322147651 0.06040268456375839 0.8859060402684564 0.06375838926174497 0.889261744966443 0.06375838926174497 0.9026845637583892 0.06711409395973154 0.9060402684563759 0.06711409395973154 0.9261744966442953 0.07718120805369127 0.9362416107382551 0.08053691275167785 0.9362416107382551 0.08389261744966443 0.9395973154362416 0.08389261744966443 0.9429530201342282 0.09060402684563758 0.9429530201342282 0.09395973154362416 0.9463087248322147 0.174496644295302 0.9463087248322147 0.17785234899328858 0.9429530201342282 0.25838926174496646 0.9429530201342282 0.26174496644295303 0.9395973154362416 0.2986577181208054 0.9395973154362416 0.30201342281879195 0.9429530201342282 0.3422818791946309 0.9429530201342282 0.34563758389261745 0.9463087248322147 0.38926174496644295 0.9463087248322147 0.3926174496644295 0.9496644295302014 0.39932885906040266 0.9496644295302014 0.40268456375838924 0.9463087248322147 0.40268456375838924 0.9362416107382551 0.40604026845637586 0.9328859060402684 0.40604026845637586 0.9228187919463087 0.40268456375838924 0.9194630872483222 0.40604026845637586 0.9161073825503355
1 0.3959731543624161 0.2550335570469799 0.3926174496644295 0.2516778523489933 0.38926174496644295 0.2516778523489933 0.3859060402684564 0.2483221476510067 0.35906040268456374 0.2483221476510067 0.348993288590604 0.23825503355704697 0.34563758389261745 0.23825503355704697 0.3422818791946309 0.2348993288590604 0.3221476510067114 0.2348993288590604 0.3187919463087248 0.23154362416107382 0.2953020134228188 0.23154362416107382 0.29194630872483224 0.2348993288590604 0.28523489932885904 0.2348993288590604 0.28187919463087246 0.23825503355704697 0.2651006711409396 0.23825503355704697 0.26174496644295303 0.24161073825503357 0.24161073825503357 0.24161073825503357 0.23825503355704697 0.24496644295302014 0.2080536912751678 0.24496644295302014 0.20469798657718122 0.24161073825503357 0.18120805369127516 0.24161073825503357 0.17785234899328858 0.24496644295302014 0.174496644295302 0.24161073825503357 0.15436241610738255 0.24161073825503357 0.15100671140939598 0.23825503355704697 0.13758389261744966 0.23825503355704697 0.1342281879194631 0.2348993288590604 0.09060402684563758 0.2348993288590604 0.09060402684563758 0.24161073825503357 0.087248322147651 0.24496644295302014 0.09395973154362416 0.2516778523489933 0.09395973154362416 0.2684563758389262 0.09060402684563758 0.27181208053691275 0.09060402684563758 0.2751677852348993 0.087248322147651 0.2785234899328859 0.087248322147651 0.28187919463087246 0.08389261744966443 0.28523489932885904 0.08389261744966443 0.28859060402684567 0.06711409395973154 0.3053691275167785 0.06711409395973154 0.31543624161073824 0.07046979865771812 0.3187919463087248 0.07046979865771812 0.3523489932885906 0.06711409395973154 0.35570469798657717 0.06711409395973154 0.3624161073825503 0.06375838926174497 0.36577181208053694 0.06375838926174497 0.3691275167785235 0.06040268456375839 0.3724832214765101 0.06040268456375839 0.3859060402684564 0.06711409395973154 0.3926174496644295 0.06711409395973154 0.3959731543624161 0.07046979865771812 0.39932885906040266 0.07046979865771812 0.4161073825503356 0.06375838926174497 0.4228187919463087 0.06711409395973154 0.4261744966442953 0.07046979865771812 0.4261744966442953 0.0738255033557047 0.42953020134228187 0.0738255033557047 0.436241610738255 0.08053691275167785 0.436241610738255 0.08389261744966443 0.43288590604026844 0.17785234899328858 0.43288590604026844 0.18120805369127516 0.42953020134228187 0.29194630872483224 0.42953020134228187 0.2953020134228188 0.43288590604026844 0.3288590604026846 0.43288590604026844 0.33221476510067116 0.42953020134228187 0.3859060402684564 0.42953020134228187 0.38926174496644295 0.4261744966442953 0.38926174496644295 0.41946308724832215 0.3926174496644295 0.4161073825503356 0.3926174496644295 0.2953020134228188 0.38926174496644295 0.29194630872483224 0.38926174496644295 0.2785234899328859 0.3926174496644295 0.2751677852348993 0.3926174496644295 0.2684563758389262 0.3959731543624161 0.2651006711409396
1 0 0.23154362416107382 0 0.41946308724832215 0.003355704697986577 0.4228187919463087 0.02348993288590604 0.4228187919463087 0.020134228187919462 0.41946308724832215 0.020134228187919462 0.40939597315436244 0.026845637583892617 0.40268456375838924 0.030201342281879196 0.40268456375838924 0.030201342281879196 0.38926174496644295 0.03355704697986577 0.3859060402684564 0.03691275167785235 0.3859060402684564 0.03691275167785235 0.35570469798657717 0.040268456375838924 0.3523489932885906 0.040268456375838924 0.3422818791946309 0.03691275167785235 0.3389261744966443 0.03691275167785235 0.3221476510067114 0.03355704697986577 0.3187919463087248 0.03355704697986577 0.3053691275167785 0.03691275167785235 0.30201342281879195 0.03691275167785235 0.2785234899328859 0.040268456375838924 0.2751677852348993 0.040268456375838924 0.2651006711409396 0.050335570469798654 0.2550335570469799 0.053691275167785234 0.2550335570469799 0.053691275167785234 0.2483221476510067 0.05704697986577181 0.24496644295302014 0.053691275167785234 0.24161073825503357 0.02348993288590604 0.24161073825503357 0.020134228187919462 0.23825503355704697 0.016778523489932886 0.23825503355704697 0.013422818791946308 0.2348993288590604 0.006711409395973154 0.2348993288590604 0.003355704697986577 0.23154362416107382
1 0.04697986577181208 0.7281879194630873 0.013422818791946308 0.7281879194630873 0.010067114093959731 0.7315436241610739 0 0.7315436241610739 0 0.9328859060402684 0.016778523489932886 0.9328859060402684 0.020134228187919462 0.9295302013422819 0.050335570469798654 0.9295302013422819 0.0436241610738255 0.9295302013422819 0.040268456375838924 0.9261744966442953 0.040268456375838924 0.9161073825503355 0.03691275167785235 0.912751677852349 0.03691275167785235 0.9060402684563759 0.030201342281879196 0.8993288590604027 0.030201342281879196 0.8926174496644296 0.026845637583892617 0.889261744966443 0.026845637583892617 0.8791946308724832 0.02348993288590604 0.8758389261744967 0.02348993288590604 0.87248322147651 0.020134228187919462 0.87248322147651 0.016778523489932886 0.8691275167785235 0.016778523489932886 0.8489932885906041 0.02348993288590604 0.8422818791946308 0.026845637583892617 0.8422818791946308 0.030201342281879196 0.8389261744966443 0.030201342281879196 0.8355704697986577 0.026845637583892617 0.8322147651006712 0.026845637583892617 0.8187919463087249 0.030201342281879196 0.8154362416107382 0.030201342281879196 0.8087248322147651 0.040268456375838924 0.7986577181208053 0.040268456375838924 0.7953020134228188 0.03691275167785235 0.7919463087248322 0.03691275167785235 0.785234899328859 0.03355704697986577 0.7818791946308725 0.03355704697986577 0.7684563758389261 0.03691275167785235 0.7651006711409396 0.03691275167785235 0.7483221476510067 0.0436241610738255 0.7416107382550335 0.053691275167785234 0.7416107382550335 0.04697986577181208 0.7348993288590604
2 0.087248322147651 0.006711409395973154 0.08053691275167785 0.006711409395973154 0.08053691275167785 0.016778523489932886 0.087248322147651 0.02348993288590604 0.087248322147651 0.026845637583892617 0.08053691275167785 0.03355704697986577 0.08053691275167785 0.04697986577181208 0.07718120805369127 0.050335570469798654 0.07718120805369127 0.05704697986577181 0.0738255033557047 0.06040268456375839 0.0738255033557047 0.13087248322147652 0.07718120805369127 0.1342281879194631 0.07718120805369127 0.1610738255033557 0.0738255033557047 0.1644295302013423 0.053691275167785234 0.1644295302013423 0.053691275167785234 0.16778523489932887 0.04697986577181208 0.174496644295302 0.04697986577181208 0.18791946308724833 0.0436241610738255 0.1912751677852349 0.0436241610738255 0.19798657718120805 0.03691275167785235 0.20469798657718122 0.013422818791946308 0.20469798657718122 0 0.2181208053691275 0 0.22818791946308725 0.003355704697986577 0.22818791946308725 0.006711409395973154 0.23154362416107382 0.013422818791946308 0.23154362416107382 0.02348993288590604 0.23825503355704697 0.053691275167785234 0.23825503355704697 0.06040268456375839 0.24496644295302014 0.05704697986577181 0.2483221476510067 0.05704697986577181 0.2550335570469799 0.053691275167785234 0.25838926174496646 0.050335570469798654 0.25838926174496646 0.0436241610738255 0.2651006711409396 0.0436241610738255 0.2751677852348993 0.040268456375838924 0.2785234899328859 0.040268456375838924 0.30201342281879195 0.03691275167785235 0.3053691275167785 0.03691275167785235 0.3187919463087248 0.040268456375838924 0.3221476510067114 0.040268456375838924 0.3389261744966443 0.0436241610738255 0.3422818791946309 0.0436241610738255 0.3523489932885906 0.040268456375838924 0.35570469798657717 0.040268456375838924 0.3859060402684564 0.03691275167785235 0.38926174496644295 0.03355704697986577 0.38926174496644295 0.03355704697986577 0.40268456375838924 0.02348993288590604 0.40939597315436244 0.02348993288590604 0.41946308724832215 0.030201342281879196 0.4261744966442953 0.04697986577181208 0.4261744966442953 0.050335570469798654 0.42953020134228187 0.04697986577181208 0.43288590604026844 0.04697986577181208 0.45302013422818793 0.0436241610738255 0.4563758389261745 0.0436241610738255 0.4697986577181208 0.040268456375838924 0.47315436241610737 0.040268456375838924 0.4798657718120805 0.053691275167785234 0.4798657718120805 0.05704697986577181 0.48322147651006714 0.05704697986577181 0.5 0.053691275167785234 0.5033557046979866 0.053691275167785234 0.5100671140939598 0.050335570469798654 0.5134228187919463 0.050335570469798654 0.5335570469798657 0.053691275167785234 0.5369127516778524 0.053691275167785234 0.5536912751677853 0.05704697986577181 0.5570469798657718 0.053691275167785234 0.5604026845637584 0.053691275167785234 0.5671140939597316 0.050335570469798654 0.5704697986577181 0.050335570469798654 0.5906040268456376 0.04697986577181208 0.5939597315436241 0.04697986577181208 0.6040268456375839 0.053691275167785234 0.610738255033557 0.053691275167785234 0.6140939597315436 0.050335570469798654 0.6174496644295302 0.050335570469798654 0.62751677852349 0.053691275167785234 0.6308724832214765 0.053691275167785234 0.6543624161073825 0.050335570469798654 0.6577181208053692 0.050335570469798654 0.674496644295302 0.0436241610738255 0.6845637583892618 0.0436241610738255 0.7046979865771812 0.04697986577181208 0.7080536912751678 0.04697986577181208 0.7181208053691275 0.050335570469798654 0.7214765100671141 0.050335570469798654 0.7348993288590604 0.05704697986577181 0.7416107382550335 0.053691275167785234 0.7449664429530202 0.0436241610738255 0.7449664429530202 0.040268456375838924 0.7483221476510067 0.040268456375838924 0.7651006711409396 0.03691275167785235 0.7684563758389261 0.03691275167785235 0.7818791946308725 0.040268456375838924 0.785234899328859 0.040268456375838924 0.7919463087248322 0.0436241610738255 0.7953020134228188 0.0436241610738255 0.7986577181208053 0.03355704697986577 0.8087248322147651 0.03355704697986577 0.8154362416107382 0.030201342281879196 0.8187919463087249 0.030201342281879196 0.8322147651006712 0.03355704697986577 0.8355704697986577 0.03355704697986577 0.8389261744966443 0.026845637583892617 0.8456375838926175 0.02348993288590604 0.8456375838926175 0.020134228187919462 0.8489932885906041 0.020134228187919462 0.8691275167785235 0.02348993288590604 0.8691275167785235 0.030201342281879196 0.8791946308724832 0.030201342281879196 0.889261744966443 0.03355704697986577 0.8926174496644296 0.03355704697986577 0.8993288590604027 0.040268456375838924 0.9060402684563759 0.040268456375838924 0.912751677852349 0.0436241610738255 0.9161073825503355 0.0436241610738255 0.9261744966442953 0.050335570469798654 0.9261744966442953 0.053691275167785234 0.9295302013422819 0.04697986577181208 0.9362416107382551 0.04697986577181208 0.9530201342281879 0.0436241610738255 0.9563758389261745 0.03355704697986577 0.959731543624161 0.026845637583892617 0.9664429530201343 0.026845637583892617 0.9865771812080537 0.050335570469798654 0.9865771812080537 0.053691275167785234 0.9899328859060402 0.0738255033557047 0.9899328859060402 0.0738255033557047 0.9798657718120806 0.07046979865771812 0.9765100671140939 0.07046979865771812 0.9697986577181208 0.0738255033557047 0.9664429530201343 0.0738255033557047 0.959731543624161 0.08053691275167785 0.9496644295302014 0.08053691275167785 0.9395973154362416 0.07718120805369127 0.9395973154362416 0.06375838926174497 0.9261744966442953 0.06375838926174497 0.9060402684563759 0.06040268456375839 0.9026845637583892 0.06040268456375839 0.889261744966443 0.05704697986577181 0.8859060402684564 0.05704697986577181 0.87248322147651 0.06375838926174497 0.8657718120805369 0.06375838926174497 0.8456375838926175 0.07046979865771812 0.8389261744966443 0.07046979865771812 0.8355704697986577 0.0738255033557047 0.8322147651006712 0.0738255033557047 0.8154362416107382 0.07046979865771812 0.8120805369127517 0.07046979865771812 0.8087248322147651 0.06375838926174497 0.802013422818792 0.06375838926174497 0.7986577181208053 0.06040268456375839 0.7953020134228188 0.06040268456375839 0.7885906040268457 0.07046979865771812 0.7718120805369127 0.07046979865771812 0.7583892617449665 0.0738255033557047 0.7550335570469798 0.0738255033557047 0.7483221476510067 0.07046979865771812 0.7449664429530202 0.07046979865771812 0.738255033557047 0.0738255033557047 0.7348993288590604 0.0738255033557047 0.7281879194630873 0.07046979865771812 0.7248322147651006 0.07046979865771812 0.7181208053691275 0.06711409395973154 0.714765100671141 0.06711409395973154 0.7013422818791947 0.0738255033557047 0.6946308724832215 0.0738255033557047 0.6879194630872483 0.07718120805369127 0.6845637583892618 0.07718120805369127 0.6677852348993288 0.07046979865771812 0.6577181208053692 0.07046979865771812 0.6476510067114094 0.0738255033557047 0.6442953020134228 0.0738255033557047 0.610738255033557 0.07046979865771812 0.6073825503355704 0.07046979865771812 0.5973154362416108 0.0738255033557047 0.5939597315436241 0.0738255033557047 0.5369127516778524 0.07046979865771812 0.5335570469798657 0.07046979865771812 0.5234899328859061 0.06711409395973154 0.5201342281879194 0.06711409395973154 0.47651006711409394 0.0738255033557047 0.4697986577181208 0.0738255033557047 0.4463087248322148 0.07046979865771812 0.4429530201342282 0.07046979865771812 0.42953020134228187 0.06711409395973154 0.42953020134228187 0.06040268456375839 0.4228187919463087 0.06711409395973154 0.4161073825503356 0.06711409395973154 0.39932885906040266 0.06375838926174497 0.3959731543624161 0.06375838926174497 0.3926174496644295 0.05704697986577181 0.3859060402684564 0.05704697986577181 0.3724832214765101 0.06040268456375839 0.3691275167785235 0.06040268456375839 0.36577181208053694 0.06375838926174497 0.3624161073825503 0.06375838926174497 0.35570469798657717 0.06711409395973154 0.3523489932885906 0.06711409395973154 0.3187919463087248 0.06375838926174497 0.31543624161073824 0.06375838926174497 0.3053691275167785 0.08053691275167785 0.28859060402684567 0.08053691275167785 0.28523489932885904 0.09060402684563758 0.2684563758389262 0.09060402684563758 0.2516778523489933 0.08389261744966443 0.24496644295302014 0.087248322147651 0.24161073825503357 0.087248322147651 0.23154362416107382 0.08389261744966443 0.22818791946308725 0.08389261744966443 0.22483221476510068 0.07046979865771812 0.21140939597315436 0.07046979865771812 0.20469798657718122 0.08389261744966443 0.1912751677852349 0.08389261744966443 0.17114093959731544 0.087248322147651 0.16778523489932887 0.087248322147651 0.1610738255033557 0.09060402684563758 0.15771812080536912 0.09060402684563758 0.12416107382550336 0.09731543624161074 0.1174496644295302 0.09731543624161074 0.11409395973154363 0.10067114093959731 0.11073825503355705 0.10067114093959731 0.09731543624161074 0.087248322147651 0.07718120805369127 0.09060402684563758 0.0738255033557047 0.09060402684563758 0.05704697986577181 0.09395973154362416 0.053691275167785234 0.09395973154362416 0.04697986577181208 0.09060402684563758 0.0436241610738255 0.09060402684563758 0.03355704697986577 0.09395973154362416 0.030201342281879196 0.09395973154362416 0.026845637583892617 0.09060402684563758 0.02348993288590604 0.09060402684563758 0.016778523489932886 0.087248322147651 0.013422818791946308
2 0.4597315436241611 0.7986577181208053 0.4597315436241611 0.8087248322147651 0.4664429530201342 0.8087248322147651 0.4697986577181208 0.8120805369127517 0.4664429530201342 0.8154362416107382 0.46308724832214765 0.8154362416107382 0.46308724832214765 0.8221476510067114 0.48322147651006714 0.8221476510067114 0.48322147651006714 0.8154362416107382 0.4798657718120805 0.8154362416107382 0.47651006711409394 0.8120805369127517 0.4697986577181208 0.8120805369127517 0.4664429530201342 0.8087248322147651 0.4664429530201342 0.7986577181208053