0 0.09696969696969697 0.44545454545454544 0.09696969696969697 0.47878787878787876 0.09090909090909091 0.48787878787878786 0.09090909090909091 0.503030303030303 0.09393939393939393 0.5060606060606061 0.09393939393939393 0.5151515151515151 0.09696969696969697 0.5181818181818182 0.09696969696969697 0.5454545454545454 0.1 0.5484848484848485 0.1 0.5787878787878787 0.10303030303030303 0.5818181818181818 0.10303030303030303 0.593939393939394 0.10606060606060606 0.5969696969696969 0.10606060606060606 0.6151515151515151 0.10909090909090909 0.6151515151515151 0.11212121212121212 0.6181818181818182 0.11212121212121212 0.6303030303030303 0.11515151515151516 0.6303030303030303 0.11818181818181818 0.6333333333333333 0.1393939393939394 0.6333333333333333 0.14242424242424243 0.6303030303030303 0.15454545454545454 0.6303030303030303 0.15757575757575756 0.6333333333333333 0.18181818181818182 0.6333333333333333 0.18484848484848485 0.6363636363636364 0.19393939393939394 0.6363636363636364 0.19696969696969696 0.6393939393939394 0.19696969696969696 0.6424242424242425 0.20909090909090908 0.6424242424242425 0.21212121212121213 0.6454545454545455 0.23636363636363636 0.6454545454545455 0.23636363636363636 0.6393939393939394 0.23939393939393938 0.6363636363636364 0.2787878787878788 0.6363636363636364 0.2818181818181818 0.6333333333333333 0.37272727272727274 0.6333333333333333 0.37575757575757573 0.6363636363636364 0.40606060606060607 0.6363636363636364 0.4090909090909091 0.6393939393939394 0.4090909090909091 0.6424242424242425 0.41515151515151516 0.6424242424242425 0.41515151515151516 0.6393939393939394 0.41818181818181815 0.6363636363636364 0.43333333333333335 0.6363636363636364 0.43636363636363634 0.6393939393939394 0.43636363636363634 0.6424242424242425 0.44242424242424244 0.6424242424242425 0.44545454545454544 0.6454545454545455 0.4696969696969697 0.6454545454545455 0.4727272727272727 0.6484848484848484 0.47575757575757577 0.6484848484848484 0.47878787878787876 0.6454545454545455 0.4909090909090909 0.6454545454545455 0.49393939393939396 0.6424242424242425 0.5 0.6424242424242425 0.503030303030303 0.6454545454545455 0.5333333333333333 0.6454545454545455 0.5363636363636364 0.6424242424242425 0.5454545454545454 0.6424242424242425 0.5454545454545454 0.6393939393939394 0.5484848484848485 0.6363636363636364 0.603030303030303 0.6363636363636364 0.6060606060606061 0.6393939393939394 0.6060606060606061 0.6424242424242425 0.6424242424242425 0.6424242424242425 0.6424242424242425 0.6393939393939394 0.6454545454545455 0.6363636363636364 0.6848484848484848 0.6363636363636364 0.6878787878787879 0.6333333333333333 0.6909090909090909 0.6363636363636364 0.7151515151515152 0.6363636363636364 0.7181818181818181 0.6333333333333333 0.7272727272727273 0.6333333333333333 0.7303030303030303 0.6303030303030303 0.7424242424242424 0.6303030303030303 0.7454545454545455 0.6272727272727273 0.7575757575757576 0.6272727272727273 0.7606060606060606 0.6242424242424243 0.7606060606060606 0.6181818181818182 0.7636363636363637 0.6151515151515151 0.7606060606060606 0.6121212121212121 0.7606060606060606 0.603030303030303 0.7575757575757576 0.6 0.7575757575757576 0.5696969696969697 0.7636363636363637 0.5636363636363636 0.7636363636363637 0.5606060606060606 0.7606060606060606 0.5575757575757576 0.7606060606060606 0.5515151515151515 0.7666666666666667 0.5454545454545454 0.7666666666666667 0.5424242424242425 0.7696969696969697 0.5393939393939394 0.7696969696969697 0.5181818181818182 0.7666666666666667 0.5151515151515151 0.7666666666666667 0.5121212121212121 0.7606060606060606 0.503030303030303 0.7606060606060606 0.45151515151515154 0.7636363636363637 0.4484848484848485 0.7606060606060606 0.44545454545454544 0.7606060606060606 0.44242424242424244 0.7424242424242424 0.44242424242424244 0.7393939393939394 0.4393939393939394 0.7272727272727273 0.4393939393939394 0.7242424242424242 0.43636363636363634 0.7212121212121212 0.4393939393939394 0.703030303030303 0.4393939393939394 0.7 0.44242424242424244 0.6787878787878788 0.44242424242424244 0.6757575757575758 0.44545454545454544 0.6424242424242425 0.44545454545454544 0.6393939393939394 0.44242424242424244 0.6121212121212121 0.44242424242424244 0.6090909090909091 0.44545454545454544 0.5757575757575758 0.44545454545454544 0.5727272727272728 0.4484848484848485 0.5606060606060606 0.4484848484848485 0.5575757575757576 0.45151515151515154 0.5545454545454546 0.4484848484848485 0.4818181818181818 0.4484848484848485 0.47878787878787876 0.45151515151515154 0.4727272727272727 0.45151515151515154 0.4696969696969697 0.4484848484848485 0.4575757575757576 0.4484848484848485 0.45454545454545453 0.44545454545454544 0.4484848484848485 0.44545454545454544 0.44545454545454544 0.44242424242424244 0.4393939393939394 0.44242424242424244 0.4303030303030303 0.43636363636363634 0.41818181818181815 0.43636363636363634 0.41515151515151516 0.4393939393939394 0.396969696969697 0.4393939393939394 0.3939393939393939 0.44242424242424244 0.37575757575757573 0.44242424242424244 0.37272727272727274 0.44545454545454544 0.35454545454545455 0.44545454545454544 0.3515151515151515 0.44242424242424244 0.3424242424242424 0.44242424242424244 0.3393939393939394 0.4393939393939394 0.3212121212121212 0.4393939393939394 0.3181818181818182 0.44242424242424244 0.30606060606060603 0.44242424242424244 0.30303030303030304 0.44545454545454544 0.2909090909090909 0.44545454545454544 0.2878787878787879 0.44242424242424244 0.2696969696969697 0.44242424242424244 0.26666666666666666 0.44545454545454544 0.23030303030303031 0.44545454545454544 0.22727272727272727 0.44242424242424244 0.18181818181818182 0.44242424242424244 0.1787878787878788 0.4393939393939394 0.14242424242424243 0.4393939393939394 0.1393939393939394 0.43636363636363634 0.12727272727272726 0.43636363636363634 0.12424242424242424 0.4393939393939394 0.12121212121212122 0.4393939393939394 0.11515151515151516 0.44545454545454544
0 0.4393939393939394 0.2 0.4393939393939394 0.20606060606060606 0.43636363636363634 0.20909090909090908 0.43636363636363634 0.2545454545454545 0.4393939393939394 0.25757575757575757 0.4393939393939394 0.30303030303030304 0.43636363636363634 0.30606060606060603 0.43636363636363634 0.3212121212121212 0.43333333333333335 0.3242424242424242 0.43333333333333335 0.3424242424242424 0.4303030303030303 0.34545454545454546 0.4303030303030303 0.3484848484848485 0.43333333333333335 0.3515151515151515 0.43333333333333335 0.36363636363636365 0.43636363636363634 0.36666666666666664 0.43636363636363634 0.3787878787878788 0.4393939393939394 0.38181818181818183 0.4393939393939394 0.39090909090909093 0.44242424242424244 0.39090909090909093 0.44545454545454544 0.3939393939393939 0.4575757575757576 0.3939393939393939 0.46060606060606063 0.396969696969697 0.4696969696969697 0.396969696969697 0.4727272727272727 0.3939393939393939 0.47575757575757577 0.3939393939393939 0.47878787878787876 0.39090909090909093 0.48787878787878786 0.39090909090909093 0.48787878787878786 0.3878787878787879 0.4909090909090909 0.38484848484848483 0.49393939393939396 0.3878787878787879 0.49393939393939396 0.39090909090909093 0.5121212121212121 0.39090909090909093 0.5151515151515151 0.3939393939393939 0.5393939393939394 0.3939393939393939 0.5424242424242425 0.396969696969697 0.5727272727272728 0.396969696969697 0.5757575757575758 0.4 0.5818181818181818 0.4 0.5848484848484848 0.396969696969697 0.6121212121212121 0.396969696969697 0.6151515151515151 0.3939393939393939 0.6363636363636364 0.3939393939393939 0.6393939393939394 0.39090909090909093 0.6818181818181818 0.39090909090909093 0.6848484848484848 0.3939393939393939 0.696969696969697 0.3939393939393939 0.7 0.396969696969697 0.7151515151515152 0.396969696969697 0.7181818181818181 0.3939393939393939 0.7333333333333333 0.3939393939393939 0.7363636363636363 0.396969696969697 0.7636363636363637 0.396969696969697 0.7666666666666667 0.3939393939393939 0.7818181818181819 0.3939393939393939 0.7848484848484848 0.39090909090909093 0.8606060606060606 0.39090909090909093 0.8636363636363636 0.3939393939393939 0.8787878787878788 0.3939393939393939 0.8818181818181818 0.396969696969697 0.8848484848484849 0.396969696969697 0.8878787878787879 0.4 0.9272727272727272 0.4 0.9303030303030303 0.396969696969697 0.9484848484848485 0.396969696969697 0.9515151515151515 0.3939393939393939 0.9696969696969697 0.3939393939393939 0.9727272727272728 0.396969696969697 0.9878787878787879 0.396969696969697 0.990909090909091 0.3939393939393939 0.996969696969697 0.3939393939393939 0.996969696969697 0.18787878787878787 0.990909090909091 0.18787878787878787 0.9878787878787879 0.19090909090909092 0.9666666666666667 0.19090909090909092 0.9636363636363636 0.19393939393939394 0.9606060606060606 0.19393939393939394 0.9575757575757575 0.19090909090909092 0.9393939393939394 0.19090909090909092 0.9363636363636364 0.18787878787878787 0.9121212121212121 0.18787878787878787 0.9090909090909091 0.19090909090909092 0.896969696969697 0.19090909090909092 0.8939393939393939 0.19393939393939394 0.8878787878787879 0.19393939393939394 0.8848484848484849 0.19090909090909092 0.8636363636363636 0.19090909090909092 0.8606060606060606 0.18787878787878787 0.8484848484848485 0.18787878787878787 0.8454545454545455 0.19090909090909092 0.8333333333333334 0.19090909090909092 0.8303030303030303 0.19393939393939394 0.803030303030303 0.19393939393939394 0.8 0.19090909090909092 0.7818181818181819 0.19090909090909092 0.7787878787878788 0.18787878787878787 0.7363636363636363 0.18787878787878787 0.7333333333333333 0.19090909090909092 0.7 0.19090909090909092 0.696969696969697 0.18787878787878787 0.6878787878787879 0.18787878787878787 0.6848484848484848 0.18484848484848485 0.6848484848484848 0.18181818181818182 0.6787878787878788 0.18181818181818182 0.6757575757575758 0.1787878787878788 0.6666666666666666 0.1787878787878788 0.6636363636363637 0.17575757575757575 0.6575757575757576 0.17575757575757575 0.6545454545454545 0.1787878787878788 0.6454545454545455 0.1787878787878788 0.6424242424242425 0.18181818181818182 0.6363636363636364 0.18181818181818182 0.6363636363636364 0.18484848484848485 0.6333333333333333 0.18787878787878787 0.6272727272727273 0.18787878787878787 0.6242424242424243 0.19090909090909092 0.6212121212121212 0.19090909090909092 0.6181818181818182 0.19393939393939394 0.5636363636363636 0.19393939393939394 0.5606060606060606 0.19090909090909092 0.5303030303030303 0.19090909090909092 0.5272727272727272 0.19393939393939394 0.5151515151515151 0.19393939393939394 0.5121212121212121 0.19696969696969696 0.5 0.19696969696969696 0.49696969696969695 0.2 0.47878787878787876 0.2 0.47878787878787876 0.20303030303030303 0.47575757575757577 0.20606060606060606 0.45454545454545453 0.20606060606060606 0.45151515151515154 0.20303030303030303 0.45151515151515154 0.2
0 0.4484848484848485 0.7 0.4484848484848485 0.7515151515151515 0.44545454545454544 0.7545454545454545 0.44545454545454544 0.7575757575757576 0.44242424242424244 0.7606060606060606 0.4393939393939394 0.7606060606060606 0.4393939393939394 0.7666666666666667 0.43636363636363634 0.7696969696969697 0.43636363636363634 0.7757575757575758 0.43333333333333335 0.7787878787878788 0.43333333333333335 0.7909090909090909 0.43636363636363634 0.793939393939394 0.43636363636363634 0.8121212121212121 0.4393939393939394 0.8151515151515152 0.4393939393939394 0.8181818181818182 0.43636363636363634 0.8212121212121212 0.43636363636363634 0.8787878787878788 0.43333333333333335 0.8818181818181818 0.43333333333333335 0.8909090909090909 0.45151515151515154 0.8909090909090909 0.45454545454545453 0.8939393939393939 0.49393939393939396 0.8939393939393939 0.49696969696969695 0.8909090909090909 0.5151515151515151 0.8909090909090909 0.5181818181818182 0.8939393939393939 0.5606060606060606 0.8939393939393939 0.5636363636363636 0.8909090909090909 0.5818181818181818 0.8909090909090909 0.5848484848484848 0.8939393939393939 0.603030303030303 0.8939393939393939 0.6060606060606061 0.8909090909090909 0.6121212121212121 0.8909090909090909 0.6121212121212121 0.8878787878787879 0.6151515151515151 0.8848484848484849 0.6212121212121212 0.8848484848484849 0.6242424242424243 0.8818181818181818 0.693939393939394 0.8818181818181818 0.696969696969697 0.8848484848484849 0.703030303030303 0.8848484848484849 0.706060606060606 0.8878787878787879 0.706060606060606 0.8909090909090909 0.7333333333333333 0.8909090909090909 0.7363636363636363 0.8939393939393939 0.7878787878787878 0.8939393939393939 0.7909090909090909 0.8909090909090909 0.8181818181818182 0.8909090909090909 0.8212121212121212 0.8939393939393939 0.8848484848484849 0.8939393939393939 0.8878787878787879 0.896969696969697 0.9090909090909091 0.896969696969697 0.9121212121212121 0.8939393939393939 0.9333333333333333 0.8939393939393939 0.9363636363636364 0.8909090909090909 0.9666666666666667 0.8909090909090909 0.9696969696969697 0.8939393939393939 0.996969696969697 0.8939393939393939 0.996969696969697 0.6878787878787879 0.9757575757575757 0.6878787878787879 0.9666666666666667 0.696969696969697 0.9606060606060606 0.696969696969697 0.9575757575757575 0.7 0.9181818181818182 0.7 0.9151515151515152 0.696969696969697 0.9121212121212121 0.7 0.906060606060606 0.7 0.9030303030303031 0.696969696969697 0.8878787878787879 0.696969696969697 0.8848484848484849 0.7 0.8636363636363636 0.7 0.8606060606060606 0.696969696969697 0.8363636363636363 0.696969696969697 0.8333333333333334 0.693939393939394 0.8 0.693939393939394 0.796969696969697 0.6909090909090909 0.7818181818181819 0.6909090909090909 0.7787878787878788 0.693939393939394 0.7575757575757576 0.693939393939394 0.7545454545454545 0.696969696969697 0.7212121212121212 0.696969696969697 0.7181818181818181 0.693939393939394 0.703030303030303 0.693939393939394 0.7 0.6909090909090909 0.696969696969697 0.6909090909090909 0.693939393939394 0.6878787878787879 0.6848484848484848 0.6878787878787879 0.6818181818181818 0.6848484848484848 0.6787878787878788 0.6848484848484848 0.6757575757575758 0.6878787878787879 0.6636363636363637 0.6878787878787879 0.6606060606060606 0.6909090909090909 0.6545454545454545 0.6909090909090909 0.6515151515151515 0.693939393939394 0.6393939393939394 0.693939393939394 0.6363636363636364 0.6909090909090909 0.6272727272727273 0.6909090909090909 0.6242424242424243 0.6878787878787879 0.6151515151515151 0.6878787878787879 0.6121212121212121 0.6909090909090909 0.6 0.6909090909090909 0.5969696969696969 0.693939393939394 0.5787878787878787 0.693939393939394 0.5757575757575758 0.696969696969697 0.45454545454545453 0.696969696969697 0.45151515151515154 0.7
0 0.10303030303030303 0 0.10303030303030303 0.03636363636363636 0.1 0.03939393939393939 0.1 0.07878787878787878 0.09696969696969697 0.08181818181818182 0.09696969696969697 0.12424242424242424 0.1 0.12727272727272726 0.1 0.1303030303030303 0.10303030303030303 0.12727272727272726 0.11212121212121212 0.12727272727272726 0.11515151515151516 0.1303030303030303 0.11818181818181818 0.1303030303030303 0.12424242424242424 0.13636363636363635 0.12424242424242424 0.14545454545454545 0.12121212121212122 0.1484848484848485 0.11515151515151516 0.1484848484848485 0.11212121212121212 0.14545454545454545 0.11212121212121212 0.14242424242424243 0.10909090909090909 0.14242424242424243 0.10606060606060606 0.1393939393939394 0.10606060606060606 0.14242424242424243 0.10909090909090909 0.14242424242424243 0.11515151515151516 0.1484848484848485 0.11818181818181818 0.1484848484848485 0.12121212121212122 0.15151515151515152 0.1303030303030303 0.15151515151515152 0.13333333333333333 0.15454545454545454 0.15151515151515152 0.15454545454545454 0.15454545454545454 0.15151515151515152 0.1606060606060606 0.15151515151515152 0.16363636363636364 0.1484848484848485 0.16666666666666666 0.1484848484848485 0.1696969696969697 0.15151515151515152 0.20606060606060606 0.15151515151515152 0.20909090909090908 0.1484848484848485 0.21212121212121213 0.1484848484848485 0.21212121212121213 0.13636363636363635 0.21515151515151515 0.13333333333333333 0.21818181818181817 0.13333333333333333 0.22727272727272727 0.12727272727272726 0.23333333333333334 0.12727272727272726 0.23333333333333334 0.12424242424242424 0.23939393939393938 0.11818181818181818 0.23939393939393938 0.11515151515151516 0.24848484848484848 0.10606060606060606 0.2606060606060606 0.10606060606060606 0.26666666666666666 0.11515151515151516 0.26666666666666666 0.12424242424242424 0.2636363636363636 0.12727272727272726 0.2606060606060606 0.12727272727272726 0.25757575757575757 0.1303030303030303 0.2545454545454545 0.1303030303030303 0.2515151515151515 0.13333333333333333 0.24848484848484848 0.13333333333333333 0.24545454545454545 0.13636363636363635 0.24242424242424243 0.13636363636363635 0.23636363636363636 0.14242424242424243 0.23030303030303031 0.14242424242424243 0.23030303030303031 0.14545454545454545 0.24545454545454545 0.14545454545454545 0.24848484848484848 0.1484848484848485 0.2606060606060606 0.1484848484848485 0.2636363636363636 0.15151515151515152 0.2696969696969697 0.15151515151515152 0.2727272727272727 0.15454545454545454 0.296969696969697 0.15454545454545454 0.30606060606060603 0.1484848484848485 0.32727272727272727 0.1484848484848485 0.3303030303030303 0.14545454545454545 0.39090909090909093 0.14545454545454545 0.3939393939393939 0.1484848484848485 0.4575757575757576 0.1484848484848485 0.46060606060606063 0.14545454545454545 0.49696969696969695 0.14545454545454545 0.5 0.1484848484848485 0.5121212121212121 0.1484848484848485 0.5151515151515151 0.15151515151515152 0.5303030303030303 0.15151515151515152 0.5333333333333333 0.15454545454545454 0.5909090909090909 0.15454545454545454 0.593939393939394 0.15151515151515152 0.6090909090909091 0.15151515151515152 0.6121212121212121 0.1484848484848485 0.6363636363636364 0.1484848484848485 0.6393939393939394 0.15151515151515152 0.6757575757575758 0.15151515151515152 0.6848484848484848 0.14545454545454545 0.7181818181818181 0.14545454545454545 0.7212121212121212 0.14242424242424243 0.7272727272727273 0.14242424242424243 0.7272727272727273 0.1393939393939394 0.7303030303030303 0.13636363636363635 0.7393939393939394 0.13636363636363635 0.7424242424242424 0.13333333333333333 0.7484848484848485 0.13333333333333333 0.7515151515151515 0.1303030303030303 0.7545454545454545 0.1303030303030303 0.7606060606060606 0.12424242424242424 0.7606060606060606 0.11818181818181818 0.7636363636363637 0.11515151515151516 0.7636363636363637 0.10909090909090909 0.7606060606060606 0.10606060606060606 0.7606060606060606 0.09090909090909091 0.7575757575757576 0.08787878787878788 0.7575757575757576 0.015151515151515152 0.7606060606060606 0.012121212121212121 0.7606060606060606 0
0 0.8151515151515152 0.44545454545454544 0.8151515151515152 0.48787878787878786 0.8121212121212121 0.4909090909090909 0.8121212121212121 0.509090909090909 0.8151515151515152 0.5121212121212121 0.8151515151515152 0.5484848484848485 0.8121212121212121 0.5515151515151515 0.8121212121212121 0.5787878787878787 0.8090909090909091 0.5818181818181818 0.8090909090909091 0.5878787878787879 0.8121212121212121 0.5909090909090909 0.8090909090909091 0.593939393939394 0.8090909090909091 0.6212121212121212 0.8121212121212121 0.6242424242424243 0.8121212121212121 0.6333333333333333 0.8090909090909091 0.6363636363636364 0.8090909090909091 0.6424242424242425 0.8121212121212121 0.6454545454545455 0.8212121212121212 0.6454545454545455 0.8242424242424242 0.6424242424242425 0.8272727272727273 0.6424242424242425 0.8272727272727273 0.6393939393939394 0.8303030303030303 0.6363636363636364 0.8424242424242424 0.6363636363636364 0.8454545454545455 0.6393939393939394 0.8454545454545455 0.6424242424242425 0.8636363636363636 0.6424242424242425 0.8636363636363636 0.6393939393939394 0.8666666666666667 0.6363636363636364 0.8848484848484849 0.6363636363636364 0.8878787878787879 0.6333333333333333 0.8909090909090909 0.6333333333333333 0.8939393939393939 0.6363636363636364 0.906060606060606 0.6363636363636364 0.9090909090909091 0.6393939393939394 0.9090909090909091 0.6424242424242425 0.9303030303030303 0.6424242424242425 0.9303030303030303 0.6393939393939394 0.9333333333333333 0.6363636363636364 0.9363636363636364 0.6363636363636364 0.9393939393939394 0.6393939393939394 0.9393939393939394 0.6424242424242425 0.9666666666666667 0.6424242424242425 0.9696969696969697 0.6454545454545455 0.9787878787878788 0.6454545454545455 0.9818181818181818 0.6424242424242425 0.9878787878787879 0.6424242424242425 0.9878787878787879 0.6393939393939394 0.990909090909091 0.6363636363636364 0.996969696969697 0.6363636363636364 0.996969696969697 0.4393939393939394 0.9939393939393939 0.4393939393939394 0.990909090909091 0.43636363636363634 0.9575757575757575 0.43636363636363634 0.9545454545454546 0.4393939393939394 0.9303030303030303 0.4393939393939394 0.9272727272727272 0.44242424242424244 0.8909090909090909 0.44242424242424244 0.8878787878787879 0.4393939393939394 0.8848484848484849 0.4393939393939394 0.8787878787878788 0.43333333333333335 0.8787878787878788 0.4303030303030303 0.8636363636363636 0.4303030303030303 0.8636363636363636 0.43333333333333335 0.8606060606060606 0.43636363636363634 0.8484848484848485 0.43636363636363634 0.8454545454545455 0.4393939393939394 0.8424242424242424 0.4393939393939394 0.8393939393939394 0.44242424242424244 0.8363636363636363 0.44242424242424244 0.8333333333333334 0.44545454545454544
0 0.09393939393939393 0.9727272727272728 0.09393939393939393 0.9818181818181818 0.09696969696969697 0.9848484848484849 0.09696969696969697 0.996969696969697 0.7636363636363637 0.996969696969697 0.7636363636363637 0.9939393939393939 0.7666666666666667 0.990909090909091 0.7666666666666667 0.9848484848484849 0.7696969696969697 0.9818181818181818 0.7696969696969697 0.9636363636363636 0.7666666666666667 0.9606060606060606 0.7666666666666667 0.9575757575757575 0.7575757575757576 0.9575757575757575 0.7545454545454545 0.9545454545454546 0.7545454545454545 0.9515151515151515 0.7272727272727273 0.9515151515151515 0.7242424242424242 0.9484848484848485 0.7181818181818181 0.9484848484848485 0.7151515151515152 0.9454545454545454 0.6393939393939394 0.9454545454545454 0.6363636363636364 0.9484848484848485 0.6363636363636364 0.9515151515151515 0.6424242424242425 0.9515151515151515 0.6454545454545455 0.9545454545454546 0.6484848484848484 0.9545454545454546 0.6484848484848484 0.9484848484848485 0.6515151515151515 0.9454545454545454 0.6575757575757576 0.9454545454545454 0.6636363636363637 0.9545454545454546 0.6666666666666666 0.9545454545454546 0.6727272727272727 0.9606060606060606 0.6757575757575758 0.9606060606060606 0.6818181818181818 0.9666666666666667 0.6878787878787879 0.9666666666666667 0.6909090909090909 0.9696969696969697 0.6909090909090909 0.9727272727272728 0.693939393939394 0.9696969696969697 0.696969696969697 0.9696969696969697 0.7 0.9727272727272728 0.706060606060606 0.9727272727272728 0.7090909090909091 0.9757575757575757 0.7151515151515152 0.9757575757575757 0.7181818181818181 0.9727272727272728 0.7242424242424242 0.9727272727272728 0.7333333333333333 0.9787878787878788 0.7424242424242424 0.9787878787878788 0.7454545454545455 0.9818181818181818 0.7454545454545455 0.990909090909091 0.7424242424242424 0.9939393939393939 0.7333333333333333 0.9939393939393939 0.7303030303030303 0.990909090909091 0.7242424242424242 0.990909090909091 0.7212121212121212 0.9878787878787879 0.7121212121212122 0.9878787878787879 0.7090909090909091 0.990909090909091 0.7 0.990909090909091 0.696969696969697 0.9878787878787879 0.6909090909090909 0.9878787878787879 0.6878787878787879 0.9848484848484849 0.6848484848484848 0.9848484848484849 0.6787878787878788 0.9787878787878788 0.6787878787878788 0.9757575757575757 0.6666666666666666 0.9757575757575757 0.6636363636363637 0.9727272727272728 0.6606060606060606 0.9727272727272728 0.6575757575757576 0.9696969696969697 0.6575757575757576 0.9666666666666667 0.6515151515151515 0.9666666666666667 0.6484848484848484 0.9696969696969697 0.6424242424242425 0.9696969696969697 0.6424242424242425 0.9727272727272728 0.6393939393939394 0.9757575757575757 0.6151515151515151 0.9757575757575757 0.6121212121212121 0.9727272727272728 0.6121212121212121 0.9696969696969697 0.603030303030303 0.9696969696969697 0.603030303030303 0.9787878787878788 0.6 0.9818181818181818 0.593939393939394 0.9818181818181818 0.593939393939394 0.9878787878787879 0.5909090909090909 0.990909090909091 0.5878787878787879 0.990909090909091 0.5848484848484848 0.9939393939393939 0.5787878787878787 0.9939393939393939 0.5757575757575758 0.990909090909091 0.5757575757575758 0.9757575757575757 0.5818181818181818 0.9666666666666667 0.5848484848484848 0.9666666666666667 0.5878787878787879 0.9636363636363636 0.5909090909090909 0.9636363636363636 0.5909090909090909 0.9606060606060606 0.5878787878787879 0.9575757575757575 0.5878787878787879 0.9484848484848485 0.5787878787878787 0.9484848484848485 0.5757575757575758 0.9515151515151515 0.5515151515151515 0.9515151515151515 0.5484848484848485 0.9484848484848485 0.509090909090909 0.9484848484848485 0.5060606060606061 0.9515151515151515 0.44545454545454544 0.9515151515151515 0.44242424242424244 0.9484848484848485 0.34545454545454546 0.9484848484848485 0.3424242424242424 0.9454545454545454 0.3212121212121212 0.9454545454545454 0.3181818181818182 0.9484848484848485 0.30303030303030304 0.9484848484848485 0.3 0.9454545454545454 0.29393939393939394 0.9454545454545454 0.2909090909090909 0.9424242424242424 0.2696969696969697 0.9424242424242424 0.26666666666666666 0.9454545454545454 0.2636363636363636 0.9454545454545454 0.2545454545454545 0.9515151515151515 0.1606060606060606 0.9515151515151515 0.15757575757575756 0.9484848484848485 0.10303030303030303 0.9484848484848485 0.09696969696969697 0.9575757575757575 0.09696969696969697 0.9696969696969697
0 0.8121212121212121 0 0.8121212121212121 0.006060606060606061 0.8151515151515152 0.00909090909090909 0.8151515151515152 0.030303030303030304 0.8181818181818182 0.030303030303030304 0.8212121212121212 0.03333333333333333 0.8212121212121212 0.048484848484848485 0.8242424242424242 0.051515151515151514 0.8242424242424242 0.05757575757575758 0.8212121212121212 0.06060606060606061 0.8212121212121212 0.1 0.8242424242424242 0.10303030303030303 0.8242424242424242 0.11515151515151516 0.8212121212121212 0.11818181818181818 0.8212121212121212 0.1484848484848485 0.8242424242424242 0.14545454545454545 0.8545454545454545 0.14545454545454545 0.8575757575757575 0.1484848484848485 0.8666666666666667 0.1484848484848485 0.8696969696969697 0.15151515151515152 0.8787878787878788 0.15151515151515152 0.8818181818181818 0.15454545454545454 0.8878787878787879 0.15454545454545454 0.8909090909090909 0.15757575757575756 0.9030303030303031 0.15757575757575756 0.906060606060606 0.15454545454545454 0.9151515151515152 0.15454545454545454 0.9181818181818182 0.15151515151515152 0.9303030303030303 0.15151515151515152 0.9333333333333333 0.1484848484848485 0.9696969696969697 0.1484848484848485 0.9727272727272728 0.15151515151515152 0.996969696969697 0.15151515151515152 0.996969696969697 0
0 0.8090909090909091 0.9424242424242424 0.8090909090909091 0.9575757575757575 0.8121212121212121 0.9606060606060606 0.8121212121212121 0.9636363636363636 0.8151515151515152 0.9666666666666667 0.8151515151515152 0.9757575757575757 0.8181818181818182 0.9757575757575757 0.8212121212121212 0.9787878787878788 0.8212121212121212 0.996969696969697 0.8909090909090909 0.996969696969697 0.8939393939393939 0.9939393939393939 0.896969696969697 0.9939393939393939 0.896969696969697 0.9878787878787879 0.9 0.9848484848484849 0.906060606060606 0.9848484848484849 0.9121212121212121 0.990909090909091 0.9121212121212121 0.996969696969697 0.996969696969697 0.996969696969697 0.996969696969697 0.9424242424242424 0.9303030303030303 0.9424242424242424 0.9272727272727272 0.9454545454545454 0.9242424242424242 0.9454545454545454 0.9212121212121213 0.9424242424242424 0.8757575757575757 0.9424242424242424 0.8727272727272727 0.9393939393939394 0.8666666666666667 0.9393939393939394 0.8636363636363636 0.9363636363636364 0.8333333333333334 0.9363636363636364 0.8303030303030303 0.9333333333333333 0.8303030303030303 0.9303030303030303 0.8151515151515152 0.9303030303030303 0.8151515151515152 0.9333333333333333 0.8121212121212121 0.9363636363636364 0.8121212121212121 0.9393939393939394
0 0 0.4575757575757576 0 0.6636363636363637 0.01818181818181818 0.6636363636363637 0.01818181818181818 0.6606060606060606 0.021212121212121213 0.6575757575757576 0.03939393939393939 0.6575757575757576 0.04242424242424243 0.6545454545454545 0.045454545454545456 0.6545454545454545 0.048484848484848485 0.6515151515151515 0.048484848484848485 0.6363636363636364 0.051515151515151514 0.6333333333333333 0.051515151515151514 0.6060606060606061 0.05454545454545454 0.603030303030303 0.05454545454545454 0.5969696969696969 0.051515151515151514 0.593939393939394 0.051515151515151514 0.5878787878787879 0.05454545454545454 0.5848484848484848 0.051515151515151514 0.5818181818181818 0.051515151515151514 0.5606060606060606 0.05454545454545454 0.5575757575757576 0.05454545454545454 0.5515151515151515 0.051515151515151514 0.5484848484848485 0.051515151515151514 0.4818181818181818 0.048484848484848485 0.47878787878787876 0.048484848484848485 0.4666666666666667 0.03939393939393939 0.4666666666666667 0.03333333333333333 0.46060606060606063 0.0030303030303030303 0.46060606060606063
0 0 0 0 0.15454545454545454 0.048484848484848485 0.15454545454545454 0.051515151515151514 0.15757575757575756 0.05757575757575758 0.15757575757575756 0.06060606060606061 0.15454545454545454 0.06363636363636363 0.15454545454545454 0.06363636363636363 0.1393939393939394 0.06060606060606061 0.1393939393939394 0.05757575757575758 0.13636363636363635 0.05757575757575758 0.12424242424242424 0.05454545454545454 0.12121212121212122 0.05454545454545454 0.10606060606060606 0.05757575757575758 0.10303030303030303 0.05757575757575758 0.03636363636363636 0.06060606060606061 0.03333333333333333 0.06363636363636363 0.03333333333333333 0.06363636363636363 0.006060606060606061 0.06666666666666667 0.0030303030303030303 0.06666666666666667 0
0 0 0.9696969696969697 0 0.996969696969697 0.05757575757575758 0.996969696969697 0.05757575757575758 0.9939393939393939 0.048484848484848485 0.9848484848484849 0.045454545454545456 0.9848484848484849 0.03939393939393939 0.9787878787878788 0.03636363636363636 0.9787878787878788 0.03333333333333333 0.9757575757575757 0.03333333333333333 0.9727272727272728 0.030303030303030304 0.9727272727272728 0.02727272727272727 0.9696969696969697
1 0.03939393939393939 0.20303030303030303 0.03939393939393939 0.20606060606060606 0.045454545454545456 0.21212121212121213 0.045454545454545456 0.23636363636363636 0.048484848484848485 0.23939393939393938 0.048484848484848485 0.2636363636363636 0.045454545454545456 0.26666666666666666 0.045454545454545456 0.28484848484848485 0.04242424242424243 0.2878787878787879 0.04242424242424243 0.30606060606060603 0.03939393939393939 0.3090909090909091 0.03939393939393939 0.3575757575757576 0.03636363636363636 0.3606060606060606 0.03939393939393939 0.36363636363636365 0.03939393939393939 0.37272727272727274 0.048484848484848485 0.38181818181818183 0.06060606060606061 0.38181818181818183 0.06363636363636363 0.38484848484848483 0.06363636363636363 0.3878787878787879 0.06363636363636363 0.38484848484848483 0.06666666666666667 0.38181818181818183 0.09393939393939393 0.38181818181818183 0.09696969696969697 0.38484848484848483 0.09696969696969697 0.396969696969697 0.1393939393939394 0.396969696969697 0.14242424242424243 0.3939393939393939 0.1484848484848485 0.3939393939393939 0.15151515151515152 0.396969696969697 0.19393939393939394 0.396969696969697 0.19696969696969696 0.4 0.24545454545454545 0.4 0.24848484848484848 0.396969696969697 0.2787878787878788 0.396969696969697 0.2818181818181818 0.4 0.28484848484848485 0.4 0.2909090909090909 0.40606060606060607 0.29393939393939394 0.40606060606060607 0.296969696969697 0.4090909090909091 0.30303030303030304 0.4090909090909091 0.30606060606060603 0.4121212121212121 0.30606060606060603 0.41515151515151516 0.32727272727272727 0.41515151515151516 0.32727272727272727 0.4121212121212121 0.3303030303030303 0.4090909090909091 0.3333333333333333 0.4090909090909091 0.33636363636363636 0.40606060606060607 0.3424242424242424 0.40606060606060607 0.34545454545454546 0.403030303030303 0.3484848484848485 0.403030303030303 0.3515151515151515 0.4 0.35454545454545455 0.4 0.3606060606060606 0.3939393939393939 0.36363636363636365 0.3939393939393939 0.36363636363636365 0.39090909090909093 0.36666666666666664 0.3878787878787879 0.37575757575757573 0.3878787878787879 0.38181818181818183 0.38181818181818183 0.38484848484848483 0.38181818181818183 0.38484848484848483 0.3696969696969697 0.3878787878787879 0.36666666666666664 0.3878787878787879 0.3393939393939394 0.38484848484848483 0.33636363636363636 0.38484848484848483 0.3151515151515151 0.3878787878787879 0.31212121212121213 0.3878787878787879 0.296969696969697 0.39090909090909093 0.29393939393939394 0.39090909090909093 0.2696969696969697 0.3878787878787879 0.26666666666666666 0.3878787878787879 0.2545454545454545 0.39090909090909093 0.2515151515151515 0.39090909090909093 0.19090909090909092 0.38484848484848483 0.18484848484848485 0.37272727272727274 0.18484848484848485 0.3696969696969697 0.18787878787878787 0.36666666666666664 0.18787878787878787 0.36363636363636365 0.19090909090909092 0.3606060606060606 0.19090909090909092 0.3575757575757576 0.19393939393939394 0.3515151515151515 0.19393939393939394 0.3484848484848485 0.19090909090909092 0.34545454545454546 0.19090909090909092 0.3424242424242424 0.18787878787878787 0.33636363636363636 0.18787878787878787 0.3333333333333333 0.18484848484848485 0.3 0.18484848484848485 0.296969696969697 0.18787878787878787 0.28484848484848485 0.18787878787878787 0.2818181818181818 0.19090909090909092 0.2636363636363636 0.19090909090909092 0.2606060606060606 0.19393939393939394 0.2545454545454545 0.19393939393939394 0.2515151515151515 0.19090909090909092 0.24242424242424243 0.19090909090909092 0.23939393939393938 0.18787878787878787 0.23030303030303031 0.18787878787878787 0.22727272727272727 0.18484848484848485 0.19696969696969696 0.18484848484848485 0.19393939393939394 0.18787878787878787 0.18787878787878787 0.18787878787878787 0.18484848484848485 0.19090909090909092 0.16363636363636364 0.19090909090909092 0.1606060606060606 0.19393939393939394 0.1303030303030303 0.19393939393939394 0.12727272727272726 0.19696969696969696 0.10909090909090909 0.19696969696969696 0.10909090909090909 0.2 0.10606060606060606 0.20303030303030303 0.1 0.20303030303030303 0.09696969696969697 0.2 0.09696969696969697 0.19696969696969696 0.08484848484848485 0.19696969696969696 0.08181818181818182 0.19393939393939394 0.07575757575757576 0.19393939393939394 0.07272727272727272 0.19090909090909092 0.06060606060606061 0.19090909090909092 0.05757575757575758 0.18787878787878787 0.05454545454545454 0.19090909090909092 0.05454545454545454 0.19393939393939394 0.051515151515151514 0.19696969696969696 0.045454545454545456 0.19696969696969696
1 0.04242424242424243 0.696969696969697 0.04242424242424243 0.706060606060606 0.03939393939393939 0.7090909090909091 0.03636363636363636 0.7090909090909091 0.03636363636363636 0.7212121212121212 0.03939393939393939 0.7242424242424242 0.03939393939393939 0.7272727272727273 0.04242424242424243 0.7303030303030303 0.04242424242424243 0.7333333333333333 0.045454545454545456 0.7363636363636363 0.045454545454545456 0.7424242424242424 0.048484848484848485 0.7454545454545455 0.048484848484848485 0.7757575757575758 0.045454545454545456 0.7787878787878788 0.045454545454545456 0.7818181818181819 0.04242424242424243 0.7848484848484848 0.04242424242424243 0.793939393939394 0.03939393939393939 0.796969696969697 0.03939393939393939 0.806060606060606 0.03636363636363636 0.8090909090909091 0.03636363636363636 0.8181818181818182 0.04242424242424243 0.8242424242424242 0.04242424242424243 0.8272727272727273 0.045454545454545456 0.8303030303030303 0.045454545454545456 0.8333333333333334 0.048484848484848485 0.8363636363636363 0.048484848484848485 0.8393939393939394 0.051515151515151514 0.8393939393939394 0.05454545454545454 0.8424242424242424 0.05454545454545454 0.8515151515151516 0.05757575757575758 0.8545454545454545 0.05757575757575758 0.8818181818181818 0.051515151515151514 0.8878787878787879 0.048484848484848485 0.8878787878787879 0.048484848484848485 0.9 0.06060606060606061 0.9 0.06363636363636363 0.9030303030303031 0.06666666666666667 0.9 0.07878787878787878 0.9 0.08484848484848485 0.906060606060606 0.09393939393939393 0.906060606060606 0.09696969696969697 0.9030303030303031 0.11212121212121212 0.9030303030303031 0.11515151515151516 0.9 0.14242424242424243 0.9 0.14545454545454545 0.9030303030303031 0.20909090909090908 0.9030303030303031 0.21212121212121213 0.9 0.2696969696969697 0.9 0.2727272727272727 0.896969696969697 0.27575757575757576 0.896969696969697 0.2787878787878788 0.9 0.36363636363636365 0.9 0.36666666666666664 0.896969696969697 0.3696969696969697 0.896969696969697 0.37272727272727274 0.8939393939393939 0.37272727272727274 0.8909090909090909 0.37575757575757573 0.8878787878787879 0.37575757575757573 0.8848484848484849 0.3787878787878788 0.8818181818181818 0.3787878787878788 0.8303030303030303 0.38181818181818183 0.8272727272727273 0.38484848484848483 0.8272727272727273 0.38484848484848483 0.8 0.3878787878787879 0.796969696969697 0.3878787878787879 0.7727272727272727 0.38484848484848483 0.7696969696969697 0.38484848484848483 0.7181818181818181 0.38181818181818183 0.7181818181818181 0.3787878787878788 0.7151515151515152 0.3787878787878788 0.7090909090909091 0.37575757575757573 0.7090909090909091 0.37272727272727274 0.706060606060606 0.36666666666666664 0.706060606060606 0.36363636363636365 0.703030303030303 0.3484848484848485 0.703030303030303 0.34545454545454546 0.7 0.34545454545454546 0.696969696969697 0.33636363636363636 0.696969696969697 0.3333333333333333 0.693939393939394 0.296969696969697 0.693939393939394 0.29393939393939394 0.696969696969697 0.2909090909090909 0.693939393939394 0.2818181818181818 0.693939393939394 0.2787878787878788 0.696969696969697 0.24848484848484848 0.696969696969697 0.24545454545454545 0.693939393939394 0.22424242424242424 0.693939393939394 0.22121212121212122 0.6909090909090909 0.18181818181818182 0.6909090909090909 0.1787878787878788 0.693939393939394 0.17272727272727273 0.693939393939394 0.1696969696969697 0.696969696969697
1 0.03636363636363636 0.18787878787878787 0.03333333333333333 0.19090909090909092 0.030303030303030304 0.19090909090909092 0.02727272727272727 0.19393939393939394 0 0.19393939393939394 0 0.41515151515151516 0.01818181818181818 0.41515151515151516 0.01818181818181818 0.4121212121212121 0.021212121212121213 0.4090909090909091 0.030303030303030304 0.4090909090909091 0.030303030303030304 0.403030303030303 0.03333333333333333 0.4 0.02727272727272727 0.4 0.024242424242424242 0.396969696969697 0.021212121212121213 0.396969696969697 0.01818181818181818 0.3939393939393939 0.01818181818181818 0.3696969696969697 0.021212121212121213 0.36666666666666664 0.024242424242424242 0.36666666666666664 0.024242424242424242 0.3575757575757576 0.021212121212121213 0.3575757575757576 0.01818181818181818 0.35454545454545455 0.01818181818181818 0.3424242424242424 0.015151515151515152 0.3393939393939394 0.015151515151515152 0.3181818181818182 0.01818181818181818 0.3151515151515151 0.01818181818181818 0.30303030303030304 0.021212121212121213 0.3 0.024242424242424242 0.3 0.024242424242424242 0.2606060606060606 0.021212121212121213 0.2606060606060606 0.01818181818181818 0.25757575757575757 0.01818181818181818 0.23636363636363636 0.021212121212121213 0.23333333333333334 0.024242424242424242 0.23333333333333334 0.024242424242424242 0.21818181818181817 0.02727272727272727 0.21515151515151515 0.02727272727272727 0.20909090909090908 0.024242424242424242 0.20606060606060606 0.024242424242424242 0.20303030303030303 0.030303030303030304 0.19696969696969696 0.030303030303030304 0.19393939393939394
1 0 0.7242424242424242 0 0.9212121212121213 0.015151515151515152 0.9212121212121213 0.01818181818181818 0.9242424242424242 0.03333333333333333 0.9242424242424242 0.03333333333333333 0.9181818181818182 0.03636363636363636 0.9151515151515152 0.03636363636363636 0.9121212121212121 0.03939393939393939 0.9090909090909091 0.03939393939393939 0.9030303030303031 0.03636363636363636 0.9030303030303031 0.03333333333333333 0.9 0.03333333333333333 0.8909090909090909 0.03636363636363636 0.8878787878787879 0.02727272727272727 0.8787878787878788 0.02727272727272727 0.8757575757575757 0.024242424242424242 0.8727272727272727 0.024242424242424242 0.8696969696969697 0.021212121212121213 0.8696969696969697 0.01818181818181818 0.8666666666666667 0.01818181818181818 0.8636363636363636 0.00909090909090909 0.8545454545454545 0.00909090909090909 0.8242424242424242 0.012121212121212121 0.8212121212121212 0.012121212121212121 0.8181818181818182 0.015151515151515152 0.8151515151515152 0.015151515151515152 0.803030303030303 0.01818181818181818 0.8 0.01818181818181818 0.793939393939394 0.021212121212121213 0.7909090909090909 0.024242424242424242 0.7909090909090909 0.024242424242424242 0.7727272727272727 0.021212121212121213 0.7727272727272727 0.01818181818181818 0.7696969696969697 0.01818181818181818 0.7636363636363637 0.015151515151515152 0.7606060606060606 0.015151515151515152 0.7575757575757576 0.012121212121212121 0.7545454545454545 0.012121212121212121 0.7454545454545455 0.00909090909090909 0.7424242424242424 0.00909090909090909 0.7333333333333333 0.0030303030303030303 0.7272727272727273 0.0030303030303030303 0.7242424242424242
2 0.07272727272727272 0.006060606060606061 0.06666666666666667 0.006060606060606061 0.06666666666666667 0.03333333333333333 0.06363636363636363 0.03636363636363636 0.06060606060606061 0.03636363636363636 0.06060606060606061 0.10606060606060606 0.06363636363636363 0.10606060606060606 0.06666666666666667 0.10909090909090909 0.06666666666666667 0.12121212121212122 0.06363636363636363 0.12424242424242424 0.06060606060606061 0.12424242424242424 0.06060606060606061 0.13636363636363635 0.06363636363636363 0.13636363636363635 0.06666666666666667 0.1393939393939394 0.06666666666666667 0.15454545454545454 0.06363636363636363 0.15757575757575756 0.06060606060606061 0.15757575757575756 0.06060606060606061 0.16666666666666666 0.05454545454545454 0.17272727272727273 0.05454545454545454 0.17575757575757575 0.045454545454545456 0.18484848484848485 0.04242424242424243 0.18484848484848485 0.02727272727272727 0.20303030303030303 0.02727272727272727 0.20606060606060606 0.030303030303030304 0.20909090909090908 0.030303030303030304 0.21515151515151515 0.02727272727272727 0.21818181818181817 0.02727272727272727 0.23333333333333334 0.024242424242424242 0.23636363636363636 0.021212121212121213 0.23636363636363636 0.021212121212121213 0.25757575757575757 0.024242424242424242 0.25757575757575757 0.02727272727272727 0.2606060606060606 0.02727272727272727 0.3 0.024242424242424242 0.30303030303030304 0.021212121212121213 0.30303030303030304 0.021212121212121213 0.3151515151515151 0.01818181818181818 0.3181818181818182 0.01818181818181818 0.3393939393939394 0.021212121212121213 0.3424242424242424 0.021212121212121213 0.35454545454545455 0.024242424242424242 0.35454545454545455 0.02727272727272727 0.3575757575757576 0.02727272727272727 0.36666666666666664 0.024242424242424242 0.3696969696969697 0.021212121212121213 0.3696969696969697 0.021212121212121213 0.3939393939393939 0.024242424242424242 0.3939393939393939 0.02727272727272727 0.396969696969697 0.03333333333333333 0.396969696969697 0.03636363636363636 0.4 0.03333333333333333 0.403030303030303 0.03333333333333333 0.4090909090909091 0.030303030303030304 0.4121212121212121 0.030303030303030304 0.42727272727272725 0.03333333333333333 0.4303030303030303 0.03333333333333333 0.4393939393939394 0.03636363636363636 0.44242424242424244 0.03636363636363636 0.4575757575757576 0.03939393939393939 0.46060606060606063 0.03939393939393939 0.4636363636363636 0.048484848484848485 0.4636363636363636 0.051515151515151514 0.4666666666666667 0.051515151515151514 0.47878787878787876 0.05454545454545454 0.4818181818181818 0.05454545454545454 0.5484848484848485 0.05757575757575758 0.5515151515151515 0.05757575757575758 0.5575757575757576 0.05454545454545454 0.5606060606060606 0.05454545454545454 0.5818181818181818 0.05757575757575758 0.5848484848484848 0.05454545454545454 0.5878787878787879 0.05454545454545454 0.593939393939394 0.05757575757575758 0.5969696969696969 0.05757575757575758 0.603030303030303 0.05454545454545454 0.6060606060606061 0.05454545454545454 0.6333333333333333 0.051515151515151514 0.6363636363636364 0.051515151515151514 0.6515151515151515 0.045454545454545456 0.6575757575757576 0.04242424242424243 0.6575757575757576 0.04242424242424243 0.6636363636363637 0.03939393939393939 0.6666666666666666 0.03939393939393939 0.6696969696969697 0.03636363636363636 0.6727272727272727 0.02727272727272727 0.6757575757575758 0.02727272727272727 0.6787878787878788 0.015151515151515152 0.6878787878787879 0.015151515151515152 0.696969696969697 0.01818181818181818 0.7 0.01818181818181818 0.706060606060606 0.015151515151515152 0.7090909090909091 0 0.7151515151515152 0 0.7212121212121212 0.0030303030303030303 0.7212121212121212 0.012121212121212121 0.7333333333333333 0.012121212121212121 0.7424242424242424 0.015151515151515152 0.7454545454545455 0.015151515151515152 0.7545454545454545 0.021212121212121213 0.7636363636363637 0.021212121212121213 0.7696969696969697 0.024242424242424242 0.7696969696969697 0.02727272727272727 0.7727272727272727 0.02727272727272727 0.7909090909090909 0.024242424242424242 0.793939393939394 0.021212121212121213 0.793939393939394 0.021212121212121213 0.8 0.01818181818181818 0.803030303030303 0.01818181818181818 0.8151515151515152 0.012121212121212121 0.8242424242424242 0.012121212121212121 0.8545454545454545 0.021212121212121213 0.8636363636363636 0.021212121212121213 0.8666666666666667 0.024242424242424242 0.8666666666666667 0.02727272727272727 0.8696969696969697 0.030303030303030304 0.8787878787878788 0.03939393939393939 0.8878787878787879 0.03636363636363636 0.8909090909090909 0.03636363636363636 0.9 0.03939393939393939 0.9 0.04242424242424243 0.9030303030303031 0.04242424242424243 0.9090909090909091 0.03636363636363636 0.9181818181818182 0.03636363636363636 0.9242424242424242 0.03939393939393939 0.9272727272727272 0.03939393939393939 0.9303030303030303 0.05454545454545454 0.9303030303030303 0.06060606060606061 0.9393939393939394 0.06060606060606061 0.9424242424242424 0.05757575757575758 0.9454545454545454 0.05757575757575758 0.9515151515151515 0.05454545454545454 0.9545454545454546 0.05454545454545454 0.9878787878787879 0.05757575757575758 0.990909090909091 0.06363636363636363 0.990909090909091 0.06666666666666667 0.9878787878787879 0.0696969696969697 0.9878787878787879 0.0696969696969697 0.9848484848484849 0.07272727272727272 0.9818181818181818 0.07272727272727272 0.9727272727272728 0.07575757575757576 0.9696969696969697 0.07575757575757576 0.9636363636363636 0.07272727272727272 0.9606060606060606 0.07272727272727272 0.9515151515151515 0.08181818181818182 0.9393939393939394 0.08181818181818182 0.9303030303030303 0.08484848484848485 0.9272727272727272 0.08484848484848485 0.9121212121212121 0.07878787878787878 0.9030303030303031 0.06666666666666667 0.9030303030303031 0.06363636363636363 0.906060606060606 0.06060606060606061 0.9030303030303031 0.048484848484848485 0.9030303030303031 0.045454545454545456 0.9 0.045454545454545456 0.8878787878787879 0.05454545454545454 0.8818181818181818 0.05454545454545454 0.8545454545454545 0.051515151515151514 0.8515151515151516 0.051515151515151514 0.8424242424242424 0.048484848484848485 0.8424242424242424 0.045454545454545456 0.8393939393939394 0.03939393939393939 0.8242424242424242 0.03333333333333333 0.8181818181818182 0.03333333333333333 0.8090909090909091 0.03636363636363636 0.806060606060606 0.03636363636363636 0.796969696969697 0.03939393939393939 0.793939393939394 0.03939393939393939 0.7848484848484848 0.045454545454545456 0.7757575757575758 0.045454545454545456 0.7454545454545455 0.04242424242424243 0.7424242424242424 0.04242424242424243 0.7363636363636363 0.03333333333333333 0.7212121212121212 0.03333333333333333 0.7090909090909091 0.03636363636363636 0.706060606060606 0.03939393939393939 0.706060606060606 0.03939393939393939 0.6909090909090909 0.03636363636363636 0.6878787878787879 0.03636363636363636 0.6818181818181818 0.03939393939393939 0.6787878787878788 0.04242424242424243 0.6696969696969697 0.045454545454545456 0.6666666666666666 0.051515151515151514 0.6666666666666666 0.051515151515151514 0.6636363636363637 0.06060606060606061 0.6515151515151515 0.06060606060606061 0.6333333333333333 0.06363636363636363 0.6303030303030303 0.06363636363636363 0.6151515151515151 0.06666666666666667 0.6121212121212121 0.0696969696969697 0.6121212121212121 0.0696969696969697 0.6090909090909091 0.07272727272727272 0.6060606060606061 0.07272727272727272 0.5848484848484848 0.0696969696969697 0.5818181818181818 0.0696969696969697 0.5787878787878787 0.06666666666666667 0.5787878787878787 0.06363636363636363 0.5757575757575758 0.06363636363636363 0.5696969696969697 0.06060606060606061 0.5666666666666667 0.06060606060606061 0.5636363636363636 0.06363636363636363 0.5606060606060606 0.06363636363636363 0.5484848484848485 0.06060606060606061 0.5454545454545454 0.06060606060606061 0.5272727272727272 0.06363636363636363 0.5242424242424243 0.06363636363636363 0.5060606060606061 0.06666666666666667 0.503030303030303 0.0696969696969697 0.503030303030303 0.0696969696969697 0.49696969696969695 0.07272727272727272 0.49393939393939396 0.07272727272727272 0.4666666666666667 0.06363636363636363 0.46060606060606063 0.06363636363636363 0.45454545454545453 0.06060606060606061 0.45151515151515154 0.06060606060606061 0.44545454545454544 0.05757575757575758 0.44242424242424244 0.05757575757575758 0.42727272727272725 0.05454545454545454 0.42424242424242425 0.05757575757575758 0.4212121212121212 0.05757575757575758 0.4090909090909091 0.06060606060606061 0.40606060606060607 0.06363636363636363 0.396969696969697 0.06666666666666667 0.3939393939393939 0.09393939393939393 0.3939393939393939 0.09393939393939393 0.38484848484848483 0.06666666666666667 0.38484848484848483 0.06666666666666667 0.3878787878787879 0.06363636363636363 0.39090909090909093 0.06060606060606061 0.3878787878787879 0.06060606060606061 0.38484848484848483 0.048484848484848485 0.38484848484848483 0.03636363636363636 0.37272727272727274 0.03636363636363636 0.36363636363636365 0.03333333333333333 0.3606060606060606 0.03636363636363636 0.3575757575757576 0.03636363636363636 0.3090909090909091 0.03939393939393939 0.30606060606060603 0.03939393939393939 0.2878787878787879 0.04242424242424243 0.28484848484848485 0.04242424242424243 0.26666666666666666 0.045454545454545456 0.2636363636363636 0.045454545454545456 0.23939393939393938 0.04242424242424243 0.23636363636363636 0.04242424242424243 0.21212121212121213 0.03636363636363636 0.20606060606060606 0.03636363636363636 0.20303030303030303 0.045454545454545456 0.19393939393939394 0.051515151515151514 0.19393939393939394 0.05454545454545454 0.18484848484848485 0.06363636363636363 0.17575757575757575 0.07575757575757576 0.17575757575757575 0.07878787878787878 0.17272727272727273 0.07878787878787878 0.1484848484848485 0.07272727272727272 0.1393939393939394 0.07272727272727272 0.12121212121212122 0.07878787878787878 0.11515151515151516 0.07878787878787878 0.10909090909090909 0.08181818181818182 0.10606060606060606 0.08181818181818182 0.09393939393939393 0.07878787878787878 0.09090909090909091 0.07878787878787878 0.08181818181818182 0.07575757575757576 0.07878787878787878 0.07575757575757576 0.07272727272727272 0.07272727272727272 0.0696969696969697
2 0.5787878787878787 0.9757575757575757 0.5787878787878787 0.990909090909091 0.5848484848484848 0.990909090909091 0.5878787878787879 0.9878787878787879 0.5909090909090909 0.9878787878787879 0.5909090909090909 0.9818181818181818 0.593939393939394 0.9787878787878788 0.6 0.9787878787878788 0.6 0.9696969696969697 0.603030303030303 0.9666666666666667 0.6121212121212121 0.9666666666666667 0.6151515151515151 0.9696969696969697 0.6151515151515151 0.9727272727272728 0.6393939393939394 0.9727272727272728 0.6393939393939394 0.9696969696969697 0.6424242424242425 0.9666666666666667 0.6484848484848484 0.9666666666666667 0.6515151515151515 0.9636363636363636 0.6575757575757576 0.9636363636363636 0.6606060606060606 0.9666666666666667 0.6606060606060606 0.9696969696969697 0.6636363636363637 0.9696969696969697 0.6666666666666666 0.9727272727272728 0.6787878787878788 0.9727272727272728 0.6818181818181818 0.9757575757575757 0.6818181818181818 0.9787878787878788 0.6848484848484848 0.9818181818181818 0.6878787878787879 0.9818181818181818 0.6909090909090909 0.9848484848484849 0.696969696969697 0.9848484848484849 0.7 0.9878787878787879 0.7090909090909091 0.9878787878787879 0.7121212121212122 0.9848484848484849 0.7212121212121212 0.9848484848484849 0.7242424242424242 0.9878787878787879 0.7303030303030303 0.9878787878787879 0.7333333333333333 0.990909090909091 0.7424242424242424 0.990909090909091 0.7424242424242424 0.9818181818181818 0.7333333333333333 0.9818181818181818 0.7303030303030303 0.9787878787878788 0.7272727272727273 0.9787878787878788 0.7242424242424242 0.9757575757575757 0.7181818181818181 0.9757575757575757 0.7151515151515152 0.9787878787878788 0.7090909090909091 0.9787878787878788 0.706060606060606 0.9757575757575757 0.7 0.9757575757575757 0.696969696969697 0.9727272727272728 0.693939393939394 0.9727272727272728 0.6909090909090909 0.9757575757575757 0.6878787878787879 0.9727272727272728 0.6878787878787879 0.9696969696969697 0.6818181818181818 0.9696969696969697 0.6757575757575758 0.9636363636363636 0.6727272727272727 0.9636363636363636 0.6666666666666666 0.9575757575757575 0.6636363636363637 0.9575757575757575 0.6575757575757576 0.9515151515151515 0.6575757575757576 0.9484848484848485 0.6515151515151515 0.9484848484848485 0.6515151515151515 0.9545454545454546 0.6484848484848484 0.9575757575757575 0.6454545454545455 0.9575757575757575 0.6424242424242425 0.9545454545454546 0.6363636363636364 0.9545454545454546 0.6333333333333333 0.9515151515151515 0.6333333333333333 0.9454545454545454 0.5909090909090909 0.9454545454545454 0.5909090909090909 0.9575757575757575 0.593939393939394 0.9606060606060606 0.593939393939394 0.9636363636363636 0.5909090909090909 0.9666666666666667 0.5878787878787879 0.9666666666666667 0.5848484848484848 0.9696969696969697 0.5818181818181818 0.9696969696969697 0.5818181818181818 0.9727272727272728
2 0.2606060606060606 0.10909090909090909 0.24848484848484848 0.10909090909090909 0.24242424242424243 0.11515151515151516 0.24242424242424243 0.11818181818181818 0.23636363636363636 0.12424242424242424 0.23636363636363636 0.12727272727272726 0.23333333333333334 0.1303030303030303 0.22727272727272727 0.1303030303030303 0.22424242424242424 0.13333333333333333 0.22121212121212122 0.13333333333333333 0.21818181818181817 0.13636363636363635 0.21515151515151515 0.13636363636363635 0.21515151515151515 0.1484848484848485 0.22121212121212122 0.1484848484848485 0.22424242424242424 0.14545454545454545 0.22727272727272727 0.14545454545454545 0.22727272727272727 0.14242424242424243 0.23030303030303031 0.1393939393939394 0.23636363636363636 0.1393939393939394 0.24242424242424243 0.13333333333333333 0.24545454545454545 0.13333333333333333 0.24848484848484848 0.1303030303030303 0.2515151515151515 0.1303030303030303 0.2545454545454545 0.12727272727272726 0.25757575757575757 0.12727272727272726 0.2606060606060606 0.12424242424242424 0.2636363636363636 0.12424242424242424 0.2636363636363636 0.11515151515151516 0.2606060606060606 0.11212121212121212
2 0.10303030303030303 0.1303030303030303 0.10303030303030303 0.13636363636363635 0.10606060606060606 0.13636363636363635 0.10909090909090909 0.1393939393939394 0.11212121212121212 0.1393939393939394 0.11515151515151516 0.14242424242424243 0.11515151515151516 0.14545454545454545 0.12121212121212122 0.14545454545454545 0.12121212121212122 0.13636363636363635 0.11818181818181818 0.13333333333333333 0.11515151515151516 0.13333333333333333 0.11212121212121212 0.1303030303030303