0 0.9932432432432432 0.5067567567567568 0.9864864864864865 0.5 0.9527027027027027 0.5 0.9459459459459459 0.49324324324324326 0.9054054054054054 0.49324324324324326 0.8986486486486487 0.4864864864864865 0.8918918918918919 0.4864864864864865 0.8851351351351351 0.49324324324324326 0.8513513513513513 0.49324324324324326 0.8445945945945946 0.5 0.831081081081081 0.5 0.8243243243243243 0.5067567567567568 0.7972972972972973 0.5067567567567568 0.8108108108108109 0.5067567567567568 0.8175675675675675 0.5135135135135135 0.8175675675675675 0.5405405405405406 0.8108108108108109 0.5472972972972973 0.8108108108108109 0.5540540540540541 0.8175675675675675 0.5608108108108109 0.8175675675675675 0.581081081081081 0.8243243243243243 0.5878378378378378 0.8243243243243243 0.6081081081081081 0.8378378378378378 0.6081081081081081 0.8445945945945946 0.6148648648648649 0.8513513513513513 0.6148648648648649 0.8648648648648649 0.6283783783783784 0.8648648648648649 0.6351351351351351 0.8851351351351351 0.6554054054054054 0.8851351351351351 0.6621621621621622 0.9121621621621622 0.6891891891891891 0.9256756756756757 0.6891891891891891 0.9391891891891891 0.7027027027027027 0.9391891891891891 0.722972972972973 0.9459459459459459 0.7297297297297297 0.9459459459459459 0.7432432432432432 0.9391891891891891 0.75 0.918918918918919 0.75 0.9121621621621622 0.7432432432432432 0.9121621621621622 0.7297297297297297 0.8986486486486487 0.7162162162162162 0.8918918918918919 0.7162162162162162 0.8851351351351351 0.7094594594594594 0.8783783783783784 0.7094594594594594 0.8716216216216216 0.7027027027027027 0.8716216216216216 0.6959459459459459 0.8581081081081081 0.6824324324324325 0.8581081081081081 0.6756756756756757 0.8378378378378378 0.6554054054054054 0.8378378378378378 0.6486486486486487 0.831081081081081 0.6418918918918919 0.8108108108108109 0.6418918918918919 0.7905405405405406 0.6216216216216216 0.7905405405405406 0.6081081081081081 0.777027027027027 0.5945945945945946 0.777027027027027 0.5405405405405406 0.7837837837837838 0.5337837837837838 0.7837837837837838 0.5202702702702703 0.7432432432432432 0.5202702702702703 0.7432432432432432 0.5337837837837838 0.7364864864864865 0.5405405405405406 0.7297297297297297 0.5405405405405406 0.7094594594594594 0.5608108108108109 0.7027027027027027 0.5608108108108109 0.7027027027027027 0.5878378378378378 0.6891891891891891 0.6013513513513513 0.6824324324324325 0.6013513513513513 0.6756756756756757 0.6081081081081081 0.668918918918919 0.6081081081081081 0.668918918918919 0.6216216216216216 0.6486486486486487 0.6418918918918919 0.6486486486486487 0.6756756756756757 0.6418918918918919 0.6824324324324325 0.6418918918918919 0.6891891891891891 0.6351351351351351 0.6959459459459459 0.6351351351351351 0.7027027027027027 0.6216216216216216 0.7162162162162162 0.6216216216216216 0.722972972972973 0.6081081081081081 0.7364864864864865 0.5878378378378378 0.7364864864864865 0.5743243243243243 0.75 0.5540540540540541 0.75 0.5472972972972973 0.7432432432432432 0.5472972972972973 0.7297297297297297 0.5608108108108109 0.7162162162162162 0.5608108108108109 0.7094594594594594 0.5675675675675675 0.7027027027027027 0.5743243243243243 0.7027027027027027 0.581081081081081 0.6959459459459459 0.5878378378378378 0.6959459459459459 0.6081081081081081 0.6756756756756757 0.6081081081081081 0.668918918918919 0.6148648648648649 0.6621621621621622 0.6148648648648649 0.6486486486486487 0.6216216216216216 0.6418918918918919 0.6216216216216216 0.6216216216216216 0.6351351351351351 0.6081081081081081 0.6351351351351351 0.5945945945945946 0.6621621621621622 0.5675675675675675 0.6621621621621622 0.5608108108108109 0.668918918918919 0.5540540540540541 0.668918918918919 0.5472972972972973 0.6756756756756757 0.5405405405405406 0.6756756756756757 0.5337837837837838 0.6824324324324325 0.527027027027027 0.6959459459459459 0.527027027027027 0.7094594594594594 0.5135135135135135 0.7162162162162162 0.5135135135135135 0.7094594594594594 0.5135135135135135 0.7027027027027027 0.5067567567567568 0.6959459459459459 0.5067567567567568 0.6891891891891891 0.5135135135135135 0.6824324324324325 0.5135135135135135 0.6756756756756757 0.5202702702702703 0.668918918918919 0.5202702702702703 0.6621621621621622 0.527027027027027 0.6216216216216216 0.527027027027027 0.6148648648648649 0.5202702702702703 0.5945945945945946 0.5202702702702703 0.5878378378378378 0.5135135135135135 0.5540540540540541 0.5135135135135135 0.5472972972972973 0.5067567567567568 0.5405405405405406 0.5135135135135135 0.527027027027027 0.5135135135135135 0.5202702702702703 0.5202702702702703 0.5067567567567568 0.5202702702702703 0.5 0.527027027027027 0.49324324324324326 0.527027027027027 0.4864864864864865 0.5337837837837838 0.4797297297297297 0.5337837837837838 0.4797297297297297 0.5405405405405406 0.47297297297297297 0.5472972972972973 0.4594594594594595 0.5472972972972973 0.4594594594594595 0.5540540540540541 0.4527027027027027 0.5608108108108109 0.42567567567567566 0.5608108108108109 0.4189189189189189 0.5675675675675675 0.41216216216216217 0.5675675675675675 0.40540540540540543 0.5608108108108109 0.3918918918918919 0.5608108108108109 0.38513513513513514 0.5540540540540541 0.3716216216216216 0.5540540540540541 0.36486486486486486 0.5472972972972973 0.36486486486486486 0.5405405405405406 0.3581081081081081 0.5337837837837838 0.31756756756756754 0.5337837837837838 0.3108108108108108 0.5405405405405406 0.2972972972972973 0.5405405405405406 0.2905405405405405 0.5472972972972973 0.2905405405405405 0.5608108108108109 0.28378378378378377 0.5675675675675675 0.28378378378378377 0.5878378378378378 0.27702702702702703 0.5945945945945946 0.27702702702702703 0.6081081081081081 0.2702702702702703 0.6148648648648649 0.2702702702702703 0.6351351351351351 0.2635135135135135 0.6418918918918919 0.2635135135135135 0.668918918918919 0.25675675675675674 0.6756756756756757 0.25675675675675674 0.7364864864864865 0.2635135135135135 0.7432432432432432 0.2635135135135135 0.7567567567567568 0.2702702702702703 0.7635135135135135 0.2702702702702703 0.8783783783783784 0.2905405405405405 0.8783783783783784 0.2972972972972973 0.8851351351351351 0.3716216216216216 0.8851351351351351 0.3783783783783784 0.8783783783783784 0.44594594594594594 0.8783783783783784 0.4527027027027027 0.8716216216216216 0.4594594594594595 0.8783783783783784 0.47297297297297297 0.8783783783783784 0.4797297297297297 0.8851351351351351 0.49324324324324326 0.8851351351351351 0.5 0.8918918918918919 0.581081081081081 0.8918918918918919 0.5878378378378378 0.8851351351351351 0.6013513513513513 0.8851351351351351 0.6081081081081081 0.8783783783783784 0.668918918918919 0.8783783783783784 0.6756756756756757 0.8716216216216216 0.7364864864864865 0.8716216216216216 0.7432432432432432 0.8783783783783784 0.8108108108108109 0.8783783783783784 0.8175675675675675 0.8716216216216216 0.8716216216216216 0.8716216216216216 0.8783783783783784 0.8648648648648649 0.9121621621621622 0.8648648648648649 0.918918918918919 0.8716216216216216 0.9256756756756757 0.8716216216216216 0.9324324324324325 0.8648648648648649 0.9594594594594594 0.8648648648648649 0.9662162162162162 0.8716216216216216 0.972972972972973 0.8716216216216216 0.9797297297297297 0.8648648648648649 0.9932432432432432 0.8648648648648649
0 0 0.4864864864864865 0 0.7837837837837838 0.006756756756756757 0.777027027027027 0.02702702702702703 0.777027027027027 0.033783783783783786 0.7837837837837838 0.060810810810810814 0.7837837837837838 0.06756756756756757 0.7905405405405406 0.07432432432432433 0.7837837837837838 0.07432432432432433 0.7432432432432432 0.08108108108108109 0.7364864864864865 0.08108108108108109 0.7297297297297297 0.0945945945945946 0.7162162162162162 0.10135135135135136 0.7162162162162162 0.10135135135135136 0.7094594594594594 0.0945945945945946 0.7094594594594594 0.08783783783783784 0.7027027027027027 0.08783783783783784 0.6891891891891891 0.08108108108108109 0.6824324324324325 0.08108108108108109 0.6756756756756757 0.07432432432432433 0.668918918918919 0.07432432432432433 0.6418918918918919 0.08108108108108109 0.6351351351351351 0.08108108108108109 0.6283783783783784 0.08783783783783784 0.6216216216216216 0.0945945945945946 0.6216216216216216 0.0945945945945946 0.6148648648648649 0.10810810810810811 0.6013513513513513 0.10810810810810811 0.5945945945945946 0.11486486486486487 0.5878378378378378 0.12837837837837837 0.5878378378378378 0.13513513513513514 0.5945945945945946 0.13513513513513514 0.6081081081081081 0.12837837837837837 0.6148648648648649 0.12837837837837837 0.6216216216216216 0.11486486486486487 0.6351351351351351 0.10810810810810811 0.6351351351351351 0.10810810810810811 0.6621621621621622 0.11486486486486487 0.668918918918919 0.11486486486486487 0.6891891891891891 0.12162162162162163 0.6891891891891891 0.12837837837837837 0.6959459459459459 0.13513513513513514 0.6959459459459459 0.14864864864864866 0.7094594594594594 0.16216216216216217 0.6959459459459459 0.16891891891891891 0.6959459459459459 0.16891891891891891 0.6351351351351351 0.16216216216216217 0.6283783783783784 0.16216216216216217 0.6013513513513513 0.1554054054054054 0.5945945945945946 0.1554054054054054 0.5 0.14864864864864866 0.49324324324324326 0.0945945945945946 0.49324324324324326 0.08783783783783784 0.4864864864864865 0.07432432432432433 0.4864864864864865 0.06756756756756757 0.49324324324324326 0.0472972972972973 0.49324324324324326 0.04054054054054054 0.4864864864864865
0 0.16216216216216217 0.7364864864864865 0.1554054054054054 0.7364864864864865 0.14864864864864866 0.7432432432432432 0.14189189189189189 0.7432432432432432 0.13513513513513514 0.75 0.10810810810810811 0.75 0.10135135135135136 0.7567567567567568 0.10135135135135136 0.8040540540540541 0.08783783783783784 0.8175675675675675 0.013513513513513514 0.8175675675675675 0.006756756756756757 0.8243243243243243 0.033783783783783786 0.8243243243243243 0.04054054054054054 0.8175675675675675 0.05405405405405406 0.8175675675675675 0.06756756756756757 0.831081081081081 0.06756756756756757 0.8378378378378378 0.07432432432432433 0.8445945945945946 0.12162162162162163 0.8445945945945946 0.12837837837837837 0.8513513513513513 0.13513513513513514 0.8513513513513513 0.14189189189189189 0.8445945945945946 0.14189189189189189 0.7905405405405406 0.14864864864864866 0.7837837837837838 0.14864864864864866 0.7702702702702703 0.1554054054054054 0.7635135135135135 0.1554054054054054 0.7567567567567568 0.16216216216216217 0.75
0 0.831081081081081 0.9932432432432432 0.6756756756756757 0.9932432432432432 0.668918918918919 0.9864864864864865 0.6486486486486487 0.9864864864864865 0.6418918918918919 0.9797297297297297 0.6351351351351351 0.9797297297297297 0.6283783783783784 0.9864864864864865 0.5945945945945946 0.9864864864864865 0.5878378378378378 0.9932432432432432 0.5067567567567568 0.9932432432432432 0.5 0.9864864864864865 0.4527027027027027 0.9864864864864865 0.44594594594594594 0.9932432432432432 0.41216216216216217 0.9932432432432432
0 0.08108108108108109 0.9932432432432432 0.35135135135135137 0.9932432432432432 0.3108108108108108 0.9932432432432432 0.30405405405405406 0.9864864864864865 0.2972972972972973 0.9864864864864865 0.2905405405405405 0.9797297297297297 0.17567567567567569 0.9797297297297297 0.16891891891891891 0.9864864864864865 0.14864864864864866 0.9864864864864865 0.14189189189189189 0.9932432432432432
0 0.9932432432432432 0.12837837837837837 0.9864864864864865 0.13513513513513514 0.9864864864864865 0.16216216216216217 0.9797297297297297 0.16891891891891891 0.9864864864864865 0.17567567567567569 0.9864864864864865 0.18243243243243243 0.9932432432432432 0.1891891891891892 0.9932432432432432 0.22972972972972974 0.9864864864864865 0.23648648648648649 0.9864864864864865 0.24324324324324326 0.9797297297297297 0.25 0.9797297297297297 0.2635135135135135 0.972972972972973 0.2702702702702703 0.972972972972973 0.2972972972972973 0.9864864864864865 0.3108108108108108 0.9864864864864865 0.32432432432432434 0.9932432432432432 0.3310810810810811 0.9932432432432432 0.3783783783783784
1 0 0.02702702702702703 0 0.33783783783783783 0.013513513513513514 0.33783783783783783 0.033783783783783786 0.3581081081081081 0.033783783783783786 0.36486486486486486 0.060810810810810814 0.3918918918918919 0.060810810810810814 0.39864864864864863 0.11486486486486487 0.39864864864864863 0.12162162162162163 0.40540540540540543 0.13513513513513514 0.40540540540540543 0.14189189189189189 0.39864864864864863 0.1891891891891892 0.39864864864864863 0.19594594594594594 0.3918918918918919 0.2972972972972973 0.3918918918918919 0.30405405405405406 0.39864864864864863 0.32432432432432434 0.39864864864864863 0.3310810810810811 0.40540540540540543 0.34459459459459457 0.40540540540540543 0.35135135135135137 0.41216216216216217 0.4189189189189189 0.41216216216216217 0.42567567567567566 0.40540540540540543 0.44594594594594594 0.40540540540540543 0.4527027027027027 0.39864864864864863 0.4797297297297297 0.39864864864864863 0.4864864864864865 0.3918918918918919 0.6148648648648649 0.3918918918918919 0.6216216216216216 0.38513513513513514 0.6283783783783784 0.38513513513513514 0.6351351351351351 0.3783783783783784 0.6418918918918919 0.3783783783783784 0.6554054054054054 0.36486486486486486 0.6621621621621622 0.36486486486486486 0.6621621621621622 0.34459459459459457 0.668918918918919 0.33783783783783783 0.7094594594594594 0.33783783783783783 0.7162162162162162 0.34459459459459457 0.7162162162162162 0.35135135135135137 0.722972972972973 0.3581081081081081 0.7635135135135135 0.3581081081081081 0.7702702702702703 0.35135135135135137 0.8175675675675675 0.35135135135135137 0.8243243243243243 0.3581081081081081 0.8378378378378378 0.3581081081081081 0.8445945945945946 0.36486486486486486 0.8513513513513513 0.36486486486486486 0.8581081081081081 0.3581081081081081 0.8581081081081081 0.1891891891891892 0.8648648648648649 0.18243243243243243 0.8648648648648649 0.1554054054054054 0.8716216216216216 0.14864864864864866 0.8716216216216216 0.14189189189189189 0.8851351351351351 0.12837837837837837 0.8851351351351351 0.11486486486486487 0.8918918918918919 0.10810810810810811 0.8986486486486487 0.10810810810810811 0.8986486486486487 0.07432432432432433 0.9054054054054054 0.06756756756756757 0.9054054054054054 0.02027027027027027 0.8918918918918919 0.006756756756756757 0.831081081081081 0.006756756756756757 0.8243243243243243 0.013513513513513514 0.8040540540540541 0.013513513513513514 0.7972972972972973 0.02027027027027027 0.7905405405405406 0.013513513513513514 0.7702702702702703 0.013513513513513514 0.7635135135135135 0.02027027027027027 0.7635135135135135 0.02702702702702703 0.7567567567567568 0.033783783783783786 0.75 0.033783783783783786 0.7364864864864865 0.02027027027027027 0.722972972972973 0.02027027027027027 0.7162162162162162 0.02702702702702703 0.7027027027027027 0.02702702702702703 0.6959459459459459 0.02027027027027027 0.6891891891891891 0.02027027027027027 0.6824324324324325 0.013513513513513514 0.668918918918919 0.013513513513513514 0.6621621621621622 0.02027027027027027 0.6554054054054054 0.013513513513513514 0.6283783783783784 0.013513513513513514 0.6216216216216216 0.02027027027027027 0.6148648648648649 0.02027027027027027 0.6081081081081081 0.02702702702702703 0.6013513513513513 0.02702702702702703 0.5945945945945946 0.033783783783783786 0.5743243243243243 0.013513513513513514 0.5675675675675675 0.013513513513513514 0.5608108108108109 0.006756756756756757 0.46621621621621623 0.006756756756756757 0.4594594594594595 0.013513513513513514 0.4527027027027027 0.006756756756756757 0.3581081081081081 0.006756756756756757 0.35135135135135137 0.013513513513513514 0.3310810810810811 0.013513513513513514 0.32432432432432434 0.02027027027027027 0.3108108108108108 0.02027027027027027 0.2972972972972973 0.033783783783783786 0.2905405405405405 0.033783783783783786 0.28378378378378377 0.02702702702702703 0.2635135135135135 0.02702702702702703 0.25675675675675674 0.02027027027027027 0.22297297297297297 0.02027027027027027 0.21621621621621623 0.013513513513513514 0.19594594594594594 0.013513513513513514 0.1891891891891892 0.02027027027027027 0.16216216216216217 0.02027027027027027 0.1554054054054054 0.02702702702702703 0.0945945945945946 0.02702702702702703 0.08783783783783784 0.033783783783783786 0.05405405405405406 0.033783783783783786 0.0472972972972973 0.04054054054054054 0.033783783783783786 0.04054054054054054 0.02702702702702703 0.033783783783783786 0.013513513513513514 0.033783783783783786 0.006756756756756757 0.02702702702702703
2 0.9864864864864865 0 0.9662162162162162 0 0.9662162162162162 0.006756756756756757 0.9527027027027027 0.02702702702702703 0.9527027027027027 0.06756756756756757 0.9459459459459459 0.07432432432432433 0.9459459459459459 0.08108108108108109 0.9324324324324325 0.0945945945945946 0.9256756756756757 0.0945945945945946 0.918918918918919 0.10135135135135136 0.9121621621621622 0.10135135135135136 0.8986486486486487 0.11486486486486487 0.8918918918918919 0.11486486486486487 0.8918918918918919 0.12837837837837837 0.8783783783783784 0.14189189189189189 0.8783783783783784 0.14864864864864866 0.8716216216216216 0.1554054054054054 0.8716216216216216 0.18243243243243243 0.8648648648648649 0.1891891891891892 0.8648648648648649 0.3581081081081081 0.8513513513513513 0.3716216216216216 0.8445945945945946 0.3716216216216216 0.8378378378378378 0.36486486486486486 0.8243243243243243 0.36486486486486486 0.8175675675675675 0.3581081081081081 0.7702702702702703 0.3581081081081081 0.7635135135135135 0.36486486486486486 0.722972972972973 0.36486486486486486 0.7094594594594594 0.35135135135135137 0.7094594594594594 0.34459459459459457 0.668918918918919 0.34459459459459457 0.668918918918919 0.36486486486486486 0.6621621621621622 0.3716216216216216 0.6554054054054054 0.3716216216216216 0.6418918918918919 0.38513513513513514 0.6351351351351351 0.38513513513513514 0.6283783783783784 0.3918918918918919 0.6216216216216216 0.3918918918918919 0.6148648648648649 0.39864864864864863 0.6081081081081081 0.39864864864864863 0.6013513513513513 0.40540540540540543 0.5945945945945946 0.40540540540540543 0.5878378378378378 0.41216216216216217 0.5675675675675675 0.4189189189189189 0.527027027027027 0.4594594594594595 0.5067567567567568 0.4594594594594595 0.5 0.4527027027027027 0.47297297297297297 0.4527027027027027 0.46621621621621623 0.4594594594594595 0.4594594594594595 0.4594594594594595 0.4391891891891892 0.47297297297297297 0.39864864864864863 0.47297297297297297 0.3918918918918919 0.46621621621621623 0.3918918918918919 0.4594594594594595 0.38513513513513514 0.4594594594594595 0.3716216216216216 0.44594594594594594 0.32432432432432434 0.44594594594594594 0.2972972972972973 0.4797297297297297 0.2635135135135135 0.4797297297297297 0.25675675675675674 0.4864864864864865 0.25 0.4864864864864865 0.23648648648648649 0.5 0.23648648648648649 0.5067567567567568 0.22972972972972974 0.5135135135135135 0.22972972972972974 0.5540540540540541 0.20945945945945946 0.5743243243243243 0.20270270270270271 0.5743243243243243 0.1891891891891892 0.5608108108108109 0.1891891891891892 0.5067567567567568 0.17567567567567569 0.49324324324324326 0.16216216216216217 0.49324324324324326 0.16216216216216217 0.5945945945945946 0.16891891891891891 0.6013513513513513 0.16891891891891891 0.6283783783783784 0.17567567567567569 0.6351351351351351 0.17567567567567569 0.6959459459459459 0.16891891891891891 0.7027027027027027 0.16216216216216217 0.7027027027027027 0.14864864864864866 0.7162162162162162 0.13513513513513514 0.7027027027027027 0.12837837837837837 0.7027027027027027 0.10810810810810811 0.6891891891891891 0.10810810810810811 0.668918918918919 0.10135135135135136 0.6621621621621622 0.10135135135135136 0.6351351351351351 0.10810810810810811 0.6283783783783784 0.11486486486486487 0.6283783783783784 0.12837837837837837 0.6081081081081081 0.12837837837837837 0.5945945945945946 0.11486486486486487 0.5945945945945946 0.11486486486486487 0.6013513513513513 0.10135135135135136 0.6148648648648649 0.10135135135135136 0.6216216216216216 0.0945945945945946 0.6283783783783784 0.08783783783783784 0.6283783783783784 0.08783783783783784 0.6351351351351351 0.08108108108108109 0.6418918918918919 0.08108108108108109 0.668918918918919 0.0945945945945946 0.6891891891891891 0.0945945945945946 0.7027027027027027 0.10135135135135136 0.7027027027027027 0.10810810810810811 0.7094594594594594 0.10810810810810811 0.7162162162162162 0.10135135135135136 0.722972972972973 0.0945945945945946 0.722972972972973 0.08108108108108109 0.7432432432432432 0.08108108108108109 0.7837837837837838 0.06756756756756757 0.7972972972972973 0.060810810810810814 0.7905405405405406 0.033783783783783786 0.7905405405405406 0.02702702702702703 0.7837837837837838 0.006756756756756757 0.7837837837837838 0 0.7905405405405406 0 0.8243243243243243 0.013513513513513514 0.8108108108108109 0.08783783783783784 0.8108108108108109 0.0945945945945946 0.8040540540540541 0.0945945945945946 0.7567567567567568 0.10810810810810811 0.7432432432432432 0.13513513513513514 0.7432432432432432 0.14189189189189189 0.7364864864864865 0.16216216216216217 0.7297297297297297 0.16891891891891891 0.7364864864864865 0.16891891891891891 0.75 0.16216216216216217 0.7567567567567568 0.16216216216216217 0.7635135135135135 0.1554054054054054 0.7702702702702703 0.1554054054054054 0.7837837837837838 0.14864864864864866 0.7905405405405406 0.14864864864864866 0.8445945945945946 0.14189189189189189 0.8513513513513513 0.14189189189189189 0.8581081081081081 0.13513513513513514 0.8648648648648649 0.12837837837837837 0.8851351351351351 0.12162162162162163 0.8918918918918919 0.11486486486486487 0.8918918918918919 0.0945945945945946 0.9121621621621622 0.08783783783783784 0.9121621621621622 0.07432432432432433 0.9256756756756757 0.060810810810810814 0.9256756756756757 0.04054054054054054 0.9459459459459459 0 0.9459459459459459 0 0.9797297297297297 0.006756756756756757 0.9864864864864865 0.033783783783783786 0.9864864864864865 0.04054054054054054 0.9932432432432432 0.07432432432432433 0.9932432432432432 0.0945945945945946 0.972972972972973 0.10135135135135136 0.972972972972973 0.11486486486486487 0.9594594594594594 0.14189189189189189 0.9594594594594594 0.14189189189189189 0.9527027027027027 0.14864864864864866 0.9459459459459459 0.1554054054054054 0.9459459459459459 0.16891891891891891 0.9324324324324325 0.17567567567567569 0.9324324324324325 0.17567567567567569 0.9256756756756757 0.1891891891891892 0.9054054054054054 0.1891891891891892 0.8918918918918919 0.19594594594594594 0.8851351351351351 0.20270270270270271 0.8648648648648649 0.21621621621621623 0.8513513513513513 0.21621621621621623 0.8108108108108109 0.22297297297297297 0.8040540540540541 0.22297297297297297 0.7635135135135135 0.22972972972972974 0.7567567567567568 0.22972972972972974 0.7432432432432432 0.23648648648648649 0.7364864864864865 0.23648648648648649 0.722972972972973 0.24324324324324326 0.7162162162162162 0.24324324324324326 0.7027027027027027 0.25 0.6959459459459459 0.25 0.6351351351351351 0.25675675675675674 0.6283783783783784 0.25675675675675674 0.6216216216216216 0.2635135135135135 0.6148648648648649 0.2635135135135135 0.6081081081081081 0.27702702702702703 0.5878378378378378 0.27702702702702703 0.5675675675675675 0.28378378378378377 0.5608108108108109 0.28378378378378377 0.5472972972972973 0.2972972972972973 0.5337837837837838 0.3108108108108108 0.5337837837837838 0.31756756756756754 0.527027027027027 0.4864864864864865 0.527027027027027 0.5067567567567568 0.5135135135135135 0.5202702702702703 0.5135135135135135 0.527027027027027 0.5067567567567568 0.5405405405405406 0.5067567567567568 0.5472972972972973 0.5 0.5540540540540541 0.5067567567567568 0.5675675675675675 0.5067567567567568 0.6013513513513513 0.47297297297297297 0.6148648648648649 0.47297297297297297 0.6216216216216216 0.46621621621621623 0.6283783783783784 0.46621621621621623 0.6418918918918919 0.4527027027027027 0.6621621621621622 0.44594594594594594 0.6756756756756757 0.43243243243243246 0.6824324324324325 0.43243243243243246 0.7027027027027027 0.4189189189189189 0.7297297297297297 0.4189189189189189 0.7364864864864865 0.41216216216216217 0.7432432432432432 0.41216216216216217 0.75 0.4189189189189189 0.8040540540540541 0.4189189189189189 0.8108108108108109 0.42567567567567566 0.8243243243243243 0.42567567567567566 0.831081081081081 0.43243243243243246 0.8783783783783784 0.43243243243243246 0.8851351351351351 0.42567567567567566 0.8918918918918919 0.42567567567567566 0.918918918918919 0.38513513513513514 0.918918918918919 0.30405405405405406 0.9121621621621622 0.2972972972972973 0.918918918918919 0.2905405405405405 0.918918918918919 0.27702702702702703 0.9121621621621622 0.2702702702702703 0.9121621621621622 0.2635135135135135 0.918918918918919 0.25675675675675674 0.918918918918919 0.1891891891891892 0.9594594594594594 0.14864864864864866 0.9662162162162162 0.14864864864864866 0.9662162162162162 0.14189189189189189 0.972972972972973 0.13513513513513514 0.9797297297297297 0.13513513513513514 0.9932432432432432 0.12162162162162163 0.9932432432432432 0.0472972972972973 0.9864864864864865 0.04054054054054054
2 0.7364864864864865 0.5135135135135135 0.722972972972973 0.5135135135135135 0.7162162162162162 0.5202702702702703 0.7094594594594594 0.5202702702702703 0.6959459459459459 0.5337837837837838 0.6824324324324325 0.5337837837837838 0.6824324324324325 0.5405405405405406 0.6756756756756757 0.5472972972972973 0.6756756756756757 0.5540540540540541 0.668918918918919 0.5608108108108109 0.668918918918919 0.5675675675675675 0.6418918918918919 0.5945945945945946 0.6418918918918919 0.6081081081081081 0.6283783783783784 0.6216216216216216 0.6283783783783784 0.6418918918918919 0.6216216216216216 0.6486486486486487 0.6216216216216216 0.6621621621621622 0.6148648648648649 0.668918918918919 0.6148648648648649 0.6756756756756757 0.5878378378378378 0.7027027027027027 0.581081081081081 0.7027027027027027 0.5743243243243243 0.7094594594594594 0.5675675675675675 0.7094594594594594 0.5675675675675675 0.7162162162162162 0.5540540540540541 0.7297297297297297 0.5540540540540541 0.7432432432432432 0.5743243243243243 0.7432432432432432 0.5878378378378378 0.7297297297297297 0.6081081081081081 0.7297297297297297 0.6148648648648649 0.722972972972973 0.6148648648648649 0.7162162162162162 0.6283783783783784 0.7027027027027027 0.6283783783783784 0.6959459459459459 0.6351351351351351 0.6891891891891891 0.6351351351351351 0.6824324324324325 0.6418918918918919 0.6756756756756757 0.6418918918918919 0.6418918918918919 0.6621621621621622 0.6216216216216216 0.6621621621621622 0.6081081081081081 0.668918918918919 0.6013513513513513 0.6756756756756757 0.6013513513513513 0.6824324324324325 0.5945945945945946 0.6891891891891891 0.5945945945945946 0.6959459459459459 0.5878378378378378 0.6959459459459459 0.5608108108108109 0.7027027027027027 0.5540540540540541 0.7094594594594594 0.5540540540540541 0.7297297297297297 0.5337837837837838 0.7364864864864865 0.5337837837837838
2 0.7972972972972973 0.5135135135135135 0.7905405405405406 0.5202702702702703 0.7905405405405406 0.5337837837837838 0.7837837837837838 0.5405405405405406 0.7837837837837838 0.5945945945945946 0.7972972972972973 0.6081081081081081 0.7972972972972973 0.6216216216216216 0.8108108108108109 0.6351351351351351 0.831081081081081 0.6351351351351351 0.8445945945945946 0.6486486486486487 0.8445945945945946 0.6554054054054054 0.8648648648648649 0.6756756756756757 0.8648648648648649 0.6824324324324325 0.8783783783783784 0.6959459459459459 0.8783783783783784 0.7027027027027027 0.8851351351351351 0.7027027027027027 0.8918918918918919 0.7094594594594594 0.8986486486486487 0.7094594594594594 0.918918918918919 0.7297297297297297 0.918918918918919 0.7432432432432432 0.9391891891891891 0.7432432432432432 0.9391891891891891 0.7297297297297297 0.9324324324324325 0.722972972972973 0.9324324324324325 0.7027027027027027 0.9256756756756757 0.6959459459459459 0.9121621621621622 0.6959459459459459 0.8783783783783784 0.6621621621621622 0.8783783783783784 0.6554054054054054 0.8581081081081081 0.6351351351351351 0.8581081081081081 0.6283783783783784 0.8513513513513513 0.6216216216216216 0.8445945945945946 0.6216216216216216 0.8378378378378378 0.6148648648648649 0.8243243243243243 0.6148648648648649 0.8175675675675675 0.6081081081081081 0.8175675675675675 0.5878378378378378 0.8108108108108109 0.581081081081081 0.8108108108108109 0.5608108108108109 0.8040540540540541 0.5540540540540541 0.8040540540540541 0.5472972972972973 0.8108108108108109 0.5405405405405406 0.8108108108108109 0.5135135135135135
2 0 0.34459459459459457 0 0.47297297297297297 0.006756756756756757 0.4797297297297297 0.04054054054054054 0.4797297297297297 0.0472972972972973 0.4864864864864865 0.06756756756756757 0.4864864864864865 0.06756756756756757 0.47297297297297297 0.060810810810810814 0.46621621621621623 0.060810810810810814 0.4189189189189189 0.05405405405405406 0.41216216216216217 0.05405405405405406 0.3918918918918919 0.02702702702702703 0.36486486486486486 0.02702702702702703 0.3581081081081081 0.013513513513513514 0.34459459459459457