0 0.03481012658227848 0.6139240506329114 0.03481012658227848 0.629746835443038 0.0379746835443038 0.6329113924050633 0.0379746835443038 0.6582278481012658 0.04113924050632911 0.6613924050632911 0.04113924050632911 0.7151898734177216 0.0379746835443038 0.7183544303797469 0.0379746835443038 0.7436708860759493 0.03481012658227848 0.7468354430379747 0.03481012658227848 0.7753164556962026 0.0379746835443038 0.7784810126582279 0.0379746835443038 0.7848101265822784 0.07911392405063292 0.7848101265822784 0.08227848101265822 0.7879746835443038 0.0981012658227848 0.7879746835443038 0.10126582278481013 0.7848101265822784 0.22784810126582278 0.7848101265822784 0.2310126582278481 0.7879746835443038 0.2626582278481013 0.7879746835443038 0.26582278481012656 0.7911392405063291 0.2689873417721519 0.7911392405063291 0.2721518987341772 0.7943037974683544 0.27848101265822783 0.7943037974683544 0.28164556962025317 0.7974683544303798 0.34177215189873417 0.7974683544303798 0.3449367088607595 0.7943037974683544 0.37658227848101267 0.7943037974683544 0.379746835443038 0.7911392405063291 0.3860759493670886 0.7911392405063291 0.38924050632911394 0.7879746835443038 0.40822784810126583 0.7879746835443038 0.41139240506329117 0.7911392405063291 0.4208860759493671 0.7911392405063291 0.4240506329113924 0.7943037974683544 0.43354430379746833 0.7943037974683544 0.43670886075949367 0.7974683544303798 0.439873417721519 0.7974683544303798 0.4430379746835443 0.8006329113924051 0.4462025316455696 0.8006329113924051 0.44936708860759494 0.8037974683544303 0.4525316455696203 0.8006329113924051 0.4810126582278481 0.8006329113924051 0.48417721518987344 0.7974683544303798 0.5126582278481012 0.7974683544303798 0.5158227848101266 0.7943037974683544 0.5284810126582279 0.7943037974683544 0.5316455696202531 0.7911392405063291 0.5537974683544303 0.7911392405063291 0.5569620253164557 0.7879746835443038 0.6044303797468354 0.7879746835443038 0.6075949367088608 0.7911392405063291 0.6360759493670886 0.7911392405063291 0.6360759493670886 0.7879746835443038 0.6392405063291139 0.7848101265822784 0.6392405063291139 0.7784810126582279 0.6424050632911392 0.7753164556962026 0.6424050632911392 0.7658227848101266 0.6392405063291139 0.7626582278481012 0.6392405063291139 0.6962025316455697 0.6424050632911392 0.6930379746835443 0.6392405063291139 0.689873417721519 0.6424050632911392 0.6867088607594937 0.6424050632911392 0.6835443037974683 0.6392405063291139 0.680379746835443 0.6392405063291139 0.6582278481012658 0.6360759493670886 0.6550632911392406 0.6360759493670886 0.6518987341772152 0.6392405063291139 0.6487341772151899 0.6360759493670886 0.6455696202531646 0.6360759493670886 0.6424050632911392 0.6392405063291139 0.6392405063291139 0.6360759493670886 0.6360759493670886 0.6360759493670886 0.6329113924050633 0.6392405063291139 0.629746835443038 0.6392405063291139 0.6107594936708861 0.6012658227848101 0.6107594936708861 0.5981012658227848 0.6075949367088608 0.5284810126582279 0.6075949367088608 0.5253164556962026 0.6107594936708861 0.4462025316455696 0.6107594936708861 0.4430379746835443 0.6075949367088608 0.37658227848101267 0.6075949367088608 0.37341772151898733 0.6107594936708861 0.26582278481012656 0.6107594936708861 0.2626582278481013 0.6075949367088608 0.25949367088607594 0.6075949367088608 0.2563291139240506 0.6107594936708861 0.2088607594936709 0.6107594936708861 0.20569620253164558 0.6075949367088608 0.189873417721519 0.6075949367088608 0.18670886075949367 0.6107594936708861 0.14240506329113925 0.6107594936708861 0.13924050632911392 0.6075949367088608 0.06329113924050633 0.6075949367088608 0.060126582278481014 0.6044303797468354 0.04746835443037975 0.6044303797468354 0.04430379746835443 0.6075949367088608 0.0379746835443038 0.6075949367088608 0.0379746835443038 0.6107594936708861
0 0.6392405063291139 0.14873417721518986 0.6360759493670886 0.14556962025316456 0.6265822784810127 0.14556962025316456 0.6234177215189873 0.14240506329113925 0.6139240506329114 0.14240506329113925 0.6107594936708861 0.14556962025316456 0.5854430379746836 0.14556962025316456 0.5822784810126582 0.14873417721518986 0.4873417721518987 0.14873417721518986 0.48417721518987344 0.14556962025316456 0.3829113924050633 0.14556962025316456 0.379746835443038 0.14873417721518986 0.3639240506329114 0.14873417721518986 0.36075949367088606 0.1518987341772152 0.2721518987341772 0.1518987341772152 0.2689873417721519 0.14873417721518986 0.25316455696202533 0.14873417721518986 0.25 0.1518987341772152 0.23734177215189872 0.1518987341772152 0.23417721518987342 0.14873417721518986 0.21835443037974683 0.14873417721518986 0.21518987341772153 0.1518987341772152 0.12658227848101267 0.1518987341772152 0.12341772151898735 0.14873417721518986 0.08860759493670886 0.14873417721518986 0.08544303797468354 0.14556962025316456 0.060126582278481014 0.14556962025316456 0.056962025316455694 0.14873417721518986 0.0379746835443038 0.14873417721518986 0.0379746835443038 0.17721518987341772 0.04113924050632911 0.18037974683544303 0.04113924050632911 0.2563291139240506 0.04430379746835443 0.25949367088607594 0.04430379746835443 0.26582278481012656 0.04113924050632911 0.2689873417721519 0.04113924050632911 0.2911392405063291 0.04430379746835443 0.29430379746835444 0.04430379746835443 0.2974683544303797 0.04113924050632911 0.30063291139240506 0.04113924050632911 0.3291139240506329 0.04430379746835443 0.3291139240506329 0.04746835443037975 0.3322784810126582 0.0949367088607595 0.3322784810126582 0.0981012658227848 0.3291139240506329 0.11392405063291139 0.3291139240506329 0.11708860759493671 0.3259493670886076 0.13291139240506328 0.3259493670886076 0.1360759493670886 0.3291139240506329 0.14556962025316456 0.3291139240506329 0.14873417721518986 0.3259493670886076 0.1930379746835443 0.3259493670886076 0.1962025316455696 0.3227848101265823 0.2563291139240506 0.3227848101265823 0.25949367088607594 0.3259493670886076 0.2721518987341772 0.3259493670886076 0.27531645569620256 0.3291139240506329 0.28164556962025317 0.3291139240506329 0.2848101265822785 0.3322784810126582 0.2974683544303797 0.3322784810126582 0.30063291139240506 0.33544303797468356 0.3291139240506329 0.33544303797468356 0.3322784810126582 0.3322784810126582 0.33860759493670883 0.3322784810126582 0.34177215189873417 0.3291139240506329 0.3512658227848101 0.3291139240506329 0.35443037974683544 0.3259493670886076 0.45569620253164556 0.3259493670886076 0.4588607594936709 0.3291139240506329 0.4778481012658228 0.3291139240506329 0.4810126582278481 0.3259493670886076 0.5031645569620253 0.3259493670886076 0.5063291139240507 0.3227848101265823 0.5126582278481012 0.3227848101265823 0.5158227848101266 0.31962025316455694 0.5854430379746836 0.31962025316455694 0.5886075949367089 0.3227848101265823 0.5981012658227848 0.3227848101265823 0.6012658227848101 0.3259493670886076 0.6329113924050633 0.3259493670886076 0.6360759493670886 0.3227848101265823 0.6424050632911392 0.3227848101265823 0.6424050632911392 0.30063291139240506 0.6455696202531646 0.2974683544303797 0.6455696202531646 0.2879746835443038 0.6424050632911392 0.2848101265822785 0.6424050632911392 0.2563291139240506 0.6455696202531646 0.25316455696202533 0.6455696202531646 0.2310126582278481 0.6487341772151899 0.22784810126582278 0.6455696202531646 0.22468354430379747 0.6487341772151899 0.22151898734177214 0.6487341772151899 0.2088607594936709 0.6455696202531646 0.20569620253164558 0.6455696202531646 0.1930379746835443 0.6424050632911392 0.189873417721519 0.6424050632911392 0.17405063291139242 0.6392405063291139 0.17088607594936708
0 0.33860759493670883 0.37658227848101267 0.33860759493670883 0.379746835443038 0.34177215189873417 0.3829113924050633 0.34177215189873417 0.40822784810126583 0.33860759493670883 0.41139240506329117 0.33860759493670883 0.47151898734177217 0.34177215189873417 0.47468354430379744 0.34177215189873417 0.5221518987341772 0.33860759493670883 0.5253164556962026 0.33860759493670883 0.5379746835443038 0.34177215189873417 0.5411392405063291 0.34177215189873417 0.5537974683544303 0.34810126582278483 0.5537974683544303 0.3512658227848101 0.5569620253164557 0.3670886075949367 0.5569620253164557 0.370253164556962 0.5537974683544303 0.37658227848101267 0.5537974683544303 0.379746835443038 0.5569620253164557 0.40822784810126583 0.5569620253164557 0.41139240506329117 0.5537974683544303 0.4208860759493671 0.5537974683544303 0.4240506329113924 0.5506329113924051 0.4810126582278481 0.5506329113924051 0.48417721518987344 0.5537974683544303 0.49683544303797467 0.5537974683544303 0.5 0.5569620253164557 0.5126582278481012 0.5569620253164557 0.5158227848101266 0.560126582278481 0.5284810126582279 0.560126582278481 0.5316455696202531 0.5569620253164557 0.5443037974683544 0.5569620253164557 0.5474683544303798 0.5537974683544303 0.5917721518987342 0.5537974683544303 0.5949367088607594 0.5569620253164557 0.629746835443038 0.5569620253164557 0.6329113924050633 0.560126582278481 0.6392405063291139 0.560126582278481 0.6424050632911392 0.5569620253164557 0.6867088607594937 0.5569620253164557 0.689873417721519 0.5537974683544303 0.6930379746835443 0.5537974683544303 0.6962025316455697 0.5569620253164557 0.7215189873417721 0.5569620253164557 0.7246835443037974 0.5537974683544303 0.7436708860759493 0.5537974683544303 0.7468354430379747 0.5506329113924051 0.75 0.5506329113924051 0.7531645569620253 0.5537974683544303 0.7784810126582279 0.5537974683544303 0.7816455696202531 0.5569620253164557 0.7879746835443038 0.5569620253164557 0.7911392405063291 0.5537974683544303 0.8006329113924051 0.5537974683544303 0.8037974683544303 0.5506329113924051 0.8860759493670886 0.5506329113924051 0.8892405063291139 0.5537974683544303 0.8924050632911392 0.5537974683544303 0.8955696202531646 0.5569620253164557 0.9145569620253164 0.5569620253164557 0.9177215189873418 0.5537974683544303 0.9367088607594937 0.5537974683544303 0.9335443037974683 0.5506329113924051 0.9335443037974683 0.5474683544303798 0.9367088607594937 0.5443037974683544 0.9367088607594937 0.5348101265822784 0.9335443037974683 0.5316455696202531 0.9335443037974683 0.48417721518987344 0.930379746835443 0.4810126582278481 0.930379746835443 0.4651898734177215 0.9335443037974683 0.4620253164556962 0.9335443037974683 0.4430379746835443 0.9367088607594937 0.439873417721519 0.9367088607594937 0.4050632911392405 0.9335443037974683 0.40189873417721517 0.9335443037974683 0.3829113924050633 0.9240506329113924 0.3829113924050633 0.9177215189873418 0.37658227848101267 0.9145569620253164 0.37658227848101267 0.9113924050632911 0.37341772151898733 0.9050632911392406 0.37341772151898733 0.9018987341772152 0.370253164556962 0.879746835443038 0.370253164556962 0.8765822784810127 0.37341772151898733 0.8734177215189873 0.37341772151898733 0.870253164556962 0.37658227848101267 0.8607594936708861 0.37658227848101267 0.8575949367088608 0.379746835443038 0.8069620253164557 0.379746835443038 0.8037974683544303 0.37658227848101267 0.7563291139240507 0.37658227848101267 0.7531645569620253 0.379746835443038 0.7151898734177216 0.379746835443038 0.7120253164556962 0.37658227848101267 0.7088607594936709 0.379746835443038 0.6550632911392406 0.379746835443038 0.6518987341772152 0.37658227848101267 0.6392405063291139 0.37658227848101267 0.6360759493670886 0.37341772151898733 0.5917721518987342 0.37341772151898733 0.5886075949367089 0.370253164556962 0.5854430379746836 0.370253164556962 0.5822784810126582 0.3670886075949367 0.5727848101265823 0.3670886075949367 0.569620253164557 0.370253164556962 0.560126582278481 0.370253164556962 0.5569620253164557 0.37341772151898733 0.5537974683544303 0.37341772151898733 0.5506329113924051 0.37658227848101267 0.5474683544303798 0.37658227848101267 0.5443037974683544 0.379746835443038 0.5411392405063291 0.379746835443038 0.5379746835443038 0.37658227848101267 0.5158227848101266 0.37658227848101267 0.5126582278481012 0.37341772151898733 0.4778481012658228 0.37341772151898733 0.47468354430379744 0.370253164556962 0.4620253164556962 0.370253164556962 0.4588607594936709 0.37341772151898733 0.45569620253164556 0.370253164556962 0.44936708860759494 0.370253164556962 0.4462025316455696 0.37341772151898733 0.3449367088607595 0.37341772151898733 0.34177215189873417 0.37658227848101267
0 0.35443037974683544 0.8449367088607594 0.35443037974683544 0.8512658227848101 0.3575949367088608 0.8544303797468354 0.3575949367088608 0.9525316455696202 0.35443037974683544 0.9556962025316456 0.35443037974683544 0.9810126582278481 0.3575949367088608 0.9841772151898734 0.3575949367088608 0.990506329113924 0.35443037974683544 0.9936708860759493 0.35443037974683544 0.9968354430379747 0.9620253164556962 0.9968354430379747 0.9556962025316456 0.990506329113924 0.9556962025316456 0.9810126582278481 0.9525316455696202 0.9778481012658228 0.9525316455696202 0.9651898734177216 0.9493670886075949 0.9620253164556962 0.9493670886075949 0.9145569620253164 0.9525316455696202 0.9113924050632911 0.9525316455696202 0.9018987341772152 0.9493670886075949 0.8987341772151899 0.9493670886075949 0.8765822784810127 0.9525316455696202 0.8734177215189873 0.9525316455696202 0.8670886075949367 0.9493670886075949 0.8639240506329114 0.9493670886075949 0.8481012658227848 0.9462025316455697 0.8449367088607594 0.9082278481012658 0.8449367088607594 0.9050632911392406 0.8417721518987342 0.9018987341772152 0.8417721518987342 0.8987341772151899 0.8386075949367089 0.8892405063291139 0.8386075949367089 0.8860759493670886 0.8417721518987342 0.879746835443038 0.8417721518987342 0.8765822784810127 0.8449367088607594 0.8512658227848101 0.8449367088607594 0.8481012658227848 0.8481012658227848 0.8417721518987342 0.8481012658227848 0.8386075949367089 0.8449367088607594 0.8354430379746836 0.8449367088607594 0.8322784810126582 0.8417721518987342 0.7943037974683544 0.8417721518987342 0.7911392405063291 0.8449367088607594 0.7816455696202531 0.8449367088607594 0.7753164556962026 0.8386075949367089 0.7563291139240507 0.8386075949367089 0.7531645569620253 0.8417721518987342 0.75 0.8386075949367089 0.7373417721518988 0.8386075949367089 0.7341772151898734 0.8417721518987342 0.7120253164556962 0.8417721518987342 0.7088607594936709 0.8449367088607594 0.6740506329113924 0.8449367088607594 0.6677215189873418 0.8386075949367089 0.6613924050632911 0.8386075949367089 0.6582278481012658 0.8354430379746836 0.629746835443038 0.8354430379746836 0.6265822784810127 0.8386075949367089 0.6044303797468354 0.8386075949367089 0.6012658227848101 0.8417721518987342 0.5411392405063291 0.8417721518987342 0.5379746835443038 0.8449367088607594 0.5221518987341772 0.8449367088607594 0.5189873417721519 0.8417721518987342 0.48417721518987344 0.8417721518987342 0.4810126582278481 0.8449367088607594 0.4778481012658228 0.8449367088607594 0.47468354430379744 0.8417721518987342 0.4525316455696203 0.8417721518987342 0.44936708860759494 0.8449367088607594 0.43037974683544306 0.8449367088607594 0.4272151898734177 0.8417721518987342 0.40189873417721517 0.8417721518987342 0.3987341772151899 0.8386075949367089 0.3860759493670886 0.8386075949367089 0.3829113924050633 0.8354430379746836 0.36075949367088606 0.8354430379746836 0.3575949367088608 0.8386075949367089 0.3575949367088608 0.8417721518987342
0 0.3449367088607595 0.06645569620253164 0.34810126582278483 0.06962025316455696 0.34810126582278483 0.08860759493670886 0.3512658227848101 0.09177215189873418 0.3829113924050633 0.09177215189873418 0.3860759493670886 0.0949367088607595 0.43354430379746833 0.0949367088607595 0.43670886075949367 0.09177215189873418 0.4588607594936709 0.09177215189873418 0.4620253164556962 0.0949367088607595 0.48417721518987344 0.0949367088607595 0.4873417721518987 0.09177215189873418 0.5664556962025317 0.09177215189873418 0.569620253164557 0.0949367088607595 0.5822784810126582 0.0949367088607595 0.5854430379746836 0.0981012658227848 0.620253164556962 0.0981012658227848 0.6234177215189873 0.0949367088607595 0.6424050632911392 0.0949367088607595 0.6455696202531646 0.09177215189873418 0.6518987341772152 0.09177215189873418 0.6550632911392406 0.0949367088607595 0.680379746835443 0.0949367088607595 0.6835443037974683 0.0981012658227848 0.7246835443037974 0.0981012658227848 0.7278481012658228 0.0949367088607595 0.740506329113924 0.0949367088607595 0.7436708860759493 0.09177215189873418 0.759493670886076 0.09177215189873418 0.7626582278481012 0.0949367088607595 0.7689873417721519 0.0949367088607595 0.7721518987341772 0.0981012658227848 0.8006329113924051 0.0981012658227848 0.8037974683544303 0.0949367088607595 0.810126582278481 0.0949367088607595 0.8132911392405063 0.0981012658227848 0.870253164556962 0.0981012658227848 0.8734177215189873 0.0949367088607595 0.9113924050632911 0.0949367088607595 0.9145569620253164 0.09177215189873418 0.9367088607594937 0.09177215189873418 0.9367088607594937 0.08860759493670886 0.939873417721519 0.08544303797468354 0.939873417721519 0.07911392405063292 0.9430379746835443 0.0759493670886076 0.9430379746835443 0.07278481012658228 0.9462025316455697 0.06962025316455696 0.9462025316455697 0.04746835443037975 0.9430379746835443 0.04430379746835443 0.9430379746835443 0.0189873417721519 0.9462025316455697 0.015822784810126583 0.9462025316455697 0.006329113924050633 0.9493670886075949 0.0031645569620253164 0.9525316455696202 0.0031645569620253164 0.9525316455696202 0 0.3449367088607595 0 0.3449367088607595 0.006329113924050633 0.34810126582278483 0.00949367088607595 0.34810126582278483 0.012658227848101266 0.3449367088607595 0.015822784810126583 0.3449367088607595 0.022151898734177215 0.3575949367088608 0.022151898734177215 0.36075949367088606 0.02531645569620253 0.3639240506329114 0.02531645569620253 0.3670886075949367 0.028481012658227847 0.3670886075949367 0.03481012658227848 0.3639240506329114 0.0379746835443038 0.3575949367088608 0.0379746835443038 0.35443037974683544 0.04113924050632911 0.35443037974683544 0.04430379746835443 0.3512658227848101 0.04746835443037975 0.34810126582278483 0.04746835443037975 0.3449367088607595 0.05063291139240506
0 0 0.370253164556962 0 0.5506329113924051 0.006329113924050633 0.5506329113924051 0.00949367088607595 0.5537974683544303 0.0189873417721519 0.5537974683544303 0.022151898734177215 0.5569620253164557 0.02531645569620253 0.5569620253164557 0.028481012658227847 0.560126582278481 0.04113924050632911 0.560126582278481 0.04430379746835443 0.5569620253164557 0.060126582278481014 0.5569620253164557 0.06329113924050633 0.5537974683544303 0.06645569620253164 0.5537974683544303 0.06962025316455696 0.5506329113924051 0.08544303797468354 0.5506329113924051 0.08860759493670886 0.5537974683544303 0.10126582278481013 0.5537974683544303 0.10443037974683544 0.5569620253164557 0.12974683544303797 0.5569620253164557 0.13291139240506328 0.5537974683544303 0.16139240506329114 0.5537974683544303 0.16455696202531644 0.5506329113924051 0.2088607594936709 0.5506329113924051 0.2120253164556962 0.5537974683544303 0.22151898734177214 0.5537974683544303 0.22468354430379747 0.5569620253164557 0.22784810126582278 0.5569620253164557 0.2310126582278481 0.5537974683544303 0.2468354430379747 0.5537974683544303 0.25 0.5506329113924051 0.2626582278481013 0.5506329113924051 0.26582278481012656 0.5537974683544303 0.27848101265822783 0.5537974683544303 0.28164556962025317 0.5506329113924051 0.2848101265822785 0.5506329113924051 0.2848101265822785 0.5379746835443038 0.2911392405063291 0.5316455696202531 0.2911392405063291 0.5253164556962026 0.2879746835443038 0.5221518987341772 0.2879746835443038 0.49050632911392406 0.2848101265822785 0.4873417721518987 0.2848101265822785 0.48417721518987344 0.2879746835443038 0.4810126582278481 0.2879746835443038 0.46835443037974683 0.2848101265822785 0.4651898734177215 0.2848101265822785 0.4620253164556962 0.2911392405063291 0.45569620253164556 0.2911392405063291 0.43670886075949367 0.2879746835443038 0.43354430379746833 0.2879746835443038 0.4240506329113924 0.2911392405063291 0.4208860759493671 0.2911392405063291 0.41455696202531644 0.2879746835443038 0.41139240506329117 0.2879746835443038 0.379746835443038 0.2911392405063291 0.37658227848101267 0.2879746835443038 0.37658227848101267 0.2848101265822785 0.37341772151898733 0.27848101265822783 0.37341772151898733 0.27531645569620256 0.37658227848101267 0.2468354430379747 0.37658227848101267 0.24367088607594936 0.37341772151898733 0.23417721518987342 0.37341772151898733 0.2310126582278481 0.370253164556962 0.21518987341772153 0.370253164556962 0.2120253164556962 0.37341772151898733 0.20253164556962025 0.37341772151898733 0.19936708860759494 0.37658227848101267 0.1930379746835443 0.37658227848101267 0.189873417721519 0.379746835443038 0.18354430379746836 0.379746835443038 0.18037974683544303 0.37658227848101267 0.12974683544303797 0.37658227848101267 0.12658227848101267 0.37341772151898733 0.08860759493670886 0.37341772151898733 0.08544303797468354 0.37658227848101267 0.06962025316455696 0.37658227848101267 0.06645569620253164 0.37341772151898733 0.06329113924050633 0.37658227848101267 0.05379746835443038 0.37658227848101267 0.05063291139240506 0.37341772151898733 0.04430379746835443 0.37341772151898733 0.04113924050632911 0.370253164556962
0 0.3037974683544304 0.8417721518987342 0.30063291139240506 0.8386075949367089 0.2911392405063291 0.8386075949367089 0.2879746835443038 0.8354430379746836 0.2848101265822785 0.8354430379746836 0.28164556962025317 0.8386075949367089 0.2689873417721519 0.8386075949367089 0.26582278481012656 0.8354430379746836 0.2468354430379747 0.8354430379746836 0.24367088607594936 0.8322784810126582 0.23417721518987342 0.8322784810126582 0.2310126582278481 0.8291139240506329 0.22468354430379747 0.8291139240506329 0.22151898734177214 0.8322784810126582 0.21518987341772153 0.8322784810126582 0.2120253164556962 0.8354430379746836 0.19936708860759494 0.8354430379746836 0.1962025316455696 0.8386075949367089 0.18037974683544303 0.8386075949367089 0.17721518987341772 0.8417721518987342 0.17088607594936708 0.8417721518987342 0.16772151898734178 0.8386075949367089 0.15822784810126583 0.8386075949367089 0.1550632911392405 0.8354430379746836 0.14556962025316456 0.8354430379746836 0.14240506329113925 0.8322784810126582 0.13924050632911392 0.8322784810126582 0.1360759493670886 0.8354430379746836 0.12974683544303797 0.8354430379746836 0.12658227848101267 0.8386075949367089 0.06329113924050633 0.8386075949367089 0.060126582278481014 0.8354430379746836 0.056962025316455694 0.8354430379746836 0.05379746835443038 0.8322784810126582 0.04746835443037975 0.8322784810126582 0.04430379746835443 0.8354430379746836 0.0379746835443038 0.8354430379746836 0.03481012658227848 0.8386075949367089 0.02531645569620253 0.8386075949367089 0.022151898734177215 0.8354430379746836 0.0189873417721519 0.8354430379746836 0.015822784810126583 0.8322784810126582 0.00949367088607595 0.8322784810126582 0.006329113924050633 0.8354430379746836 0 0.8354430379746836 0 0.9968354430379747 0.3069620253164557 0.9968354430379747 0.3069620253164557 0.9936708860759493 0.310126582278481 0.990506329113924 0.310126582278481 0.9810126582278481 0.3069620253164557 0.9778481012658228 0.3069620253164557 0.9556962025316456 0.3037974683544304 0.9525316455696202 0.3037974683544304 0.9367088607594937 0.30063291139240506 0.9335443037974683 0.30063291139240506 0.9177215189873418 0.2974683544303797 0.9145569620253164 0.2974683544303797 0.9082278481012658 0.30063291139240506 0.9050632911392406 0.30063291139240506 0.8955696202531646 0.2974683544303797 0.8924050632911392 0.2974683544303797 0.8829113924050633 0.30063291139240506 0.879746835443038 0.2974683544303797 0.8765822784810127 0.2974683544303797 0.8734177215189873 0.30063291139240506 0.870253164556962 0.30063291139240506 0.8670886075949367 0.2974683544303797 0.8639240506329114 0.30063291139240506 0.8607594936708861 0.30063291139240506 0.8512658227848101 0.3037974683544304 0.8481012658227848
0 0 0 0 0.09177215189873418 0.012658227848101266 0.09177215189873418 0.015822784810126583 0.0949367088607595 0.07911392405063292 0.0949367088607595 0.08227848101265822 0.09177215189873418 0.10443037974683544 0.09177215189873418 0.10759493670886076 0.0949367088607595 0.11708860759493671 0.0949367088607595 0.12025316455696203 0.0981012658227848 0.12341772151898735 0.0981012658227848 0.12658227848101267 0.0949367088607595 0.15822784810126583 0.0949367088607595 0.16139240506329114 0.09177215189873418 0.20569620253164558 0.09177215189873418 0.2088607594936709 0.0949367088607595 0.22784810126582278 0.0949367088607595 0.2310126582278481 0.0981012658227848 0.25 0.0981012658227848 0.25316455696202533 0.10126582278481013 0.25949367088607594 0.10126582278481013 0.2626582278481013 0.0981012658227848 0.27531645569620256 0.0981012658227848 0.27848101265822783 0.0949367088607595 0.2974683544303797 0.0949367088607595 0.2974683544303797 0.09177215189873418 0.30063291139240506 0.08860759493670886 0.30063291139240506 0.08544303797468354 0.2974683544303797 0.08227848101265822 0.2974683544303797 0.07911392405063292 0.29430379746835444 0.0759493670886076 0.29430379746835444 0
0 0.9936708860759493 0.3639240506329114 0.990506329113924 0.3670886075949367 0.990506329113924 0.379746835443038 0.9936708860759493 0.3829113924050633 0.9936708860759493 0.38924050632911394 0.990506329113924 0.3924050632911392 0.990506329113924 0.3987341772151899 0.9936708860759493 0.40189873417721517 0.9936708860759493 0.41139240506329117 0.990506329113924 0.41455696202531644 0.990506329113924 0.4177215189873418 0.9873417721518988 0.4208860759493671 0.9873417721518988 0.43037974683544306 0.990506329113924 0.43354430379746833 0.990506329113924 0.4430379746835443 0.9936708860759493 0.4462025316455696 0.9936708860759493 0.44936708860759494 0.9968354430379747 0.4525316455696203 0.9968354430379747 0.4936708860759494 0.9936708860759493 0.49683544303797467 0.9936708860759493 0.5031645569620253 0.9968354430379747 0.5063291139240507 0.9968354430379747 0.509493670886076 0.9936708860759493 0.5126582278481012 0.9936708860759493 0.5379746835443038 0.9968354430379747 0.5411392405063291 0.9968354430379747 0.3639240506329114
0 0 0.7246835443037974 0.0031645569620253164 0.7246835443037974 0.0031645569620253164 0.7879746835443038 0 0.7879746835443038
1 0.9177215189873418 0.5981012658227848 0.9145569620253164 0.5981012658227848 0.9113924050632911 0.5949367088607594 0.8987341772151899 0.5949367088607594 0.8955696202531646 0.5981012658227848 0.8860759493670886 0.5981012658227848 0.8829113924050633 0.6012658227848101 0.8765822784810127 0.6012658227848101 0.8734177215189873 0.6044303797468354 0.8259493670886076 0.6044303797468354 0.8227848101265823 0.6012658227848101 0.8006329113924051 0.6012658227848101 0.7974683544303798 0.6044303797468354 0.7943037974683544 0.6044303797468354 0.7911392405063291 0.6012658227848101 0.740506329113924 0.6012658227848101 0.7373417721518988 0.5981012658227848 0.7246835443037974 0.5981012658227848 0.7215189873417721 0.6012658227848101 0.7183544303797469 0.6012658227848101 0.7151898734177216 0.6044303797468354 0.7088607594936709 0.6044303797468354 0.6993670886075949 0.6139240506329114 0.6962025316455697 0.6139240506329114 0.6962025316455697 0.629746835443038 0.6930379746835443 0.6329113924050633 0.6930379746835443 0.6582278481012658 0.6962025316455697 0.6613924050632911 0.6962025316455697 0.7215189873417721 0.6930379746835443 0.7246835443037974 0.6930379746835443 0.7341772151898734 0.689873417721519 0.7373417721518988 0.689873417721519 0.7753164556962026 0.6962025316455697 0.7816455696202531 0.6962025316455697 0.7848101265822784 0.6993670886075949 0.7879746835443038 0.6993670886075949 0.7911392405063291 0.7056962025316456 0.7974683544303798 0.7120253164556962 0.7974683544303798 0.7151898734177216 0.7943037974683544 0.7373417721518988 0.7943037974683544 0.740506329113924 0.7974683544303798 0.7531645569620253 0.7974683544303798 0.7563291139240507 0.7943037974683544 0.7626582278481012 0.7943037974683544 0.7658227848101266 0.7911392405063291 0.8037974683544303 0.7911392405063291 0.8069620253164557 0.7943037974683544 0.819620253164557 0.7943037974683544 0.8291139240506329 0.7848101265822784 0.8322784810126582 0.7848101265822784 0.8354430379746836 0.7816455696202531 0.870253164556962 0.7816455696202531 0.8734177215189873 0.7848101265822784 0.8765822784810127 0.7848101265822784 0.879746835443038 0.7879746835443038 0.8860759493670886 0.7879746835443038 0.8892405063291139 0.7911392405063291 0.8955696202531646 0.7911392405063291 0.8987341772151899 0.7943037974683544 0.9050632911392406 0.7943037974683544 0.9082278481012658 0.7911392405063291 0.9177215189873418 0.7911392405063291 0.9177215189873418 0.7848101265822784 0.9208860759493671 0.7816455696202531 0.9272151898734177 0.7816455696202531 0.930379746835443 0.7784810126582279 0.9272151898734177 0.7753164556962026 0.9272151898734177 0.7689873417721519 0.9240506329113924 0.7658227848101266 0.9240506329113924 0.759493670886076 0.9272151898734177 0.7563291139240507 0.9272151898734177 0.7531645569620253 0.930379746835443 0.75 0.930379746835443 0.7310126582278481 0.9272151898734177 0.7278481012658228 0.9272151898734177 0.6993670886075949 0.9145569620253164 0.6867088607594937 0.9145569620253164 0.6613924050632911 0.9177215189873418 0.6582278481012658 0.9177215189873418 0.6455696202531646 0.9208860759493671 0.6424050632911392 0.9177215189873418 0.6392405063291139 0.9177215189873418 0.6170886075949367 0.9208860759493671 0.6139240506329114 0.9145569620253164 0.6075949367088608 0.9145569620253164 0.6012658227848101
1 0.7025316455696202 0.14873417721518986 0.7025316455696202 0.16139240506329114 0.6993670886075949 0.16455696202531644 0.6993670886075949 0.24367088607594936 0.6962025316455697 0.2468354430379747 0.6962025316455697 0.25949367088607594 0.6993670886075949 0.2626582278481013 0.6993670886075949 0.2911392405063291 0.6962025316455697 0.29430379746835444 0.6962025316455697 0.3037974683544304 0.6930379746835443 0.3069620253164557 0.6930379746835443 0.31645569620253167 0.6962025316455697 0.31962025316455694 0.6962025316455697 0.3227848101265823 0.6993670886075949 0.3259493670886076 0.6993670886075949 0.3291139240506329 0.7056962025316456 0.33544303797468356 0.7120253164556962 0.33544303797468356 0.7151898734177216 0.3322784810126582 0.810126582278481 0.3322784810126582 0.8132911392405063 0.3291139240506329 0.8259493670886076 0.3291139240506329 0.8291139240506329 0.3322784810126582 0.8354430379746836 0.3322784810126582 0.8386075949367089 0.33544303797468356 0.8575949367088608 0.33544303797468356 0.8607594936708861 0.3322784810126582 0.9050632911392406 0.3322784810126582 0.9050632911392406 0.3291139240506329 0.9208860759493671 0.31329113924050633 0.9208860759493671 0.3069620253164557 0.9240506329113924 0.3037974683544304 0.9240506329113924 0.29430379746835444 0.9272151898734177 0.2911392405063291 0.9272151898734177 0.2689873417721519 0.9240506329113924 0.26582278481012656 0.9240506329113924 0.2563291139240506 0.9208860759493671 0.25316455696202533 0.9208860759493671 0.21835443037974683 0.9240506329113924 0.21518987341772153 0.9240506329113924 0.2088607594936709 0.9272151898734177 0.20569620253164558 0.9272151898734177 0.20253164556962025 0.930379746835443 0.19936708860759494 0.930379746835443 0.17088607594936708 0.9240506329113924 0.16455696202531644 0.9240506329113924 0.14873417721518986 0.7848101265822784 0.14873417721518986 0.7816455696202531 0.14556962025316456 0.7056962025316456 0.14556962025316456
1 0.9493670886075949 0.5917721518987342 0.9493670886075949 0.5949367088607594 0.9525316455696202 0.5981012658227848 0.9746835443037974 0.5981012658227848 0.9778481012658228 0.6012658227848101 0.9778481012658228 0.6075949367088608 0.9746835443037974 0.6107594936708861 0.9556962025316456 0.6107594936708861 0.9556962025316456 0.6455696202531646 0.9525316455696202 0.6487341772151899 0.9525316455696202 0.6518987341772152 0.9493670886075949 0.6550632911392406 0.9525316455696202 0.6582278481012658 0.9525316455696202 0.6645569620253164 0.9556962025316456 0.6677215189873418 0.9556962025316456 0.6930379746835443 0.9588607594936709 0.6962025316455697 0.9588607594936709 0.7025316455696202 0.9556962025316456 0.7056962025316456 0.9556962025316456 0.7120253164556962 0.9620253164556962 0.7183544303797469 0.9620253164556962 0.7436708860759493 0.9588607594936709 0.7468354430379747 0.9683544303797469 0.7563291139240507 0.9683544303797469 0.759493670886076 0.9715189873417721 0.7626582278481012 0.9715189873417721 0.7784810126582279 0.9810126582278481 0.7784810126582279 0.9841772151898734 0.7816455696202531 0.990506329113924 0.7816455696202531 0.9936708860759493 0.7848101265822784 0.9968354430379747 0.7848101265822784 0.9968354430379747 0.5886075949367089 0.9873417721518988 0.5886075949367089 0.9841772151898734 0.5917721518987342 0.9715189873417721 0.5917721518987342 0.9683544303797469 0.5949367088607594 0.9651898734177216 0.5917721518987342
1 0.9588607594936709 0.1360759493670886 0.9556962025316456 0.13924050632911392 0.9556962025316456 0.14556962025316456 0.9620253164556962 0.1518987341772152 0.9620253164556962 0.15822784810126583 0.9651898734177216 0.16139240506329114 0.9651898734177216 0.17405063291139242 0.9620253164556962 0.17721518987341772 0.9620253164556962 0.18037974683544303 0.9588607594936709 0.18354430379746836 0.9588607594936709 0.2310126582278481 0.9525316455696202 0.23734177215189872 0.9525316455696202 0.24367088607594936 0.9493670886075949 0.2468354430379747 0.9493670886075949 0.2563291139240506 0.9462025316455697 0.25949367088607594 0.9462025316455697 0.29430379746835444 0.9525316455696202 0.30063291139240506 0.9525316455696202 0.3037974683544304 0.9873417721518988 0.3037974683544304 0.9968354430379747 0.31329113924050633 0.9968354430379747 0.31645569620253167 0.9968354430379747 0.13924050632911392 0.9873417721518988 0.13924050632911392 0.9841772151898734 0.1360759493670886
2 0.9493670886075949 0.006329113924050633 0.9493670886075949 0.015822784810126583 0.9462025316455697 0.0189873417721519 0.9462025316455697 0.04430379746835443 0.9493670886075949 0.04746835443037975 0.9493670886075949 0.06962025316455696 0.9462025316455697 0.07278481012658228 0.9462025316455697 0.0759493670886076 0.9430379746835443 0.07911392405063292 0.9430379746835443 0.08544303797468354 0.9367088607594937 0.0949367088607595 0.9177215189873418 0.0949367088607595 0.9177215189873418 0.12658227848101267 0.9272151898734177 0.1360759493670886 0.9272151898734177 0.16455696202531644 0.9335443037974683 0.17088607594936708 0.9335443037974683 0.19936708860759494 0.930379746835443 0.20253164556962025 0.930379746835443 0.20569620253164558 0.9272151898734177 0.2088607594936709 0.9272151898734177 0.21518987341772153 0.9240506329113924 0.21835443037974683 0.9240506329113924 0.25316455696202533 0.9272151898734177 0.2563291139240506 0.9272151898734177 0.26582278481012656 0.930379746835443 0.2689873417721519 0.930379746835443 0.2911392405063291 0.9272151898734177 0.29430379746835444 0.9272151898734177 0.3037974683544304 0.9240506329113924 0.3069620253164557 0.9240506329113924 0.31329113924050633 0.9082278481012658 0.3291139240506329 0.9082278481012658 0.33544303797468356 0.9208860759493671 0.35443037974683544 0.9208860759493671 0.37658227848101267 0.9240506329113924 0.379746835443038 0.9335443037974683 0.379746835443038 0.9367088607594937 0.3829113924050633 0.9367088607594937 0.40189873417721517 0.939873417721519 0.4050632911392405 0.939873417721519 0.439873417721519 0.9367088607594937 0.4430379746835443 0.9367088607594937 0.4620253164556962 0.9335443037974683 0.4651898734177215 0.9335443037974683 0.4810126582278481 0.9367088607594937 0.48417721518987344 0.9367088607594937 0.5316455696202531 0.939873417721519 0.5348101265822784 0.939873417721519 0.5443037974683544 0.9367088607594937 0.5474683544303798 0.9367088607594937 0.5506329113924051 0.939873417721519 0.5537974683544303 0.9367088607594937 0.5569620253164557 0.9177215189873418 0.5569620253164557 0.9177215189873418 0.5632911392405063 0.9145569620253164 0.5664556962025317 0.9145569620253164 0.5917721518987342 0.9208860759493671 0.5981012658227848 0.9177215189873418 0.6012658227848101 0.9177215189873418 0.6075949367088608 0.9240506329113924 0.6139240506329114 0.9208860759493671 0.6170886075949367 0.9208860759493671 0.6392405063291139 0.9240506329113924 0.6424050632911392 0.9208860759493671 0.6455696202531646 0.9208860759493671 0.6582278481012658 0.9177215189873418 0.6613924050632911 0.9177215189873418 0.6867088607594937 0.930379746835443 0.6993670886075949 0.930379746835443 0.7278481012658228 0.9335443037974683 0.7310126582278481 0.9335443037974683 0.75 0.9272151898734177 0.759493670886076 0.9272151898734177 0.7658227848101266 0.930379746835443 0.7689873417721519 0.930379746835443 0.7753164556962026 0.9335443037974683 0.7784810126582279 0.9272151898734177 0.7848101265822784 0.9208860759493671 0.7848101265822784 0.9208860759493671 0.8006329113924051 0.9272151898734177 0.810126582278481 0.9272151898734177 0.8354430379746836 0.9335443037974683 0.8417721518987342 0.9462025316455697 0.8417721518987342 0.9525316455696202 0.8481012658227848 0.9525316455696202 0.8639240506329114 0.9556962025316456 0.8670886075949367 0.9556962025316456 0.8734177215189873 0.9525316455696202 0.8765822784810127 0.9525316455696202 0.8987341772151899 0.9556962025316456 0.9018987341772152 0.9556962025316456 0.9113924050632911 0.9525316455696202 0.9145569620253164 0.9525316455696202 0.9620253164556962 0.9556962025316456 0.9651898734177216 0.9556962025316456 0.9778481012658228 0.9588607594936709 0.9810126582278481 0.9588607594936709 0.990506329113924 0.9651898734177216 0.990506329113924 0.9651898734177216 0.9778481012658228 0.9683544303797469 0.9746835443037974 0.9683544303797469 0.9683544303797469 0.9715189873417721 0.9651898734177216 0.9715189873417721 0.9367088607594937 0.9683544303797469 0.9335443037974683 0.9683544303797469 0.9240506329113924 0.9651898734177216 0.9208860759493671 0.9651898734177216 0.9145569620253164 0.9620253164556962 0.9113924050632911 0.9620253164556962 0.8544303797468354 0.9651898734177216 0.8512658227848101 0.9651898734177216 0.8417721518987342 0.9683544303797469 0.8386075949367089 0.9683544303797469 0.8227848101265823 0.9651898734177216 0.819620253164557 0.9651898734177216 0.8164556962025317 0.9556962025316456 0.8069620253164557 0.9588607594936709 0.8037974683544303 0.9588607594936709 0.7816455696202531 0.9620253164556962 0.7784810126582279 0.9683544303797469 0.7784810126582279 0.9683544303797469 0.7626582278481012 0.9651898734177216 0.759493670886076 0.9651898734177216 0.7563291139240507 0.9556962025316456 0.7468354430379747 0.9588607594936709 0.7436708860759493 0.9588607594936709 0.7183544303797469 0.9525316455696202 0.7120253164556962 0.9525316455696202 0.7056962025316456 0.9556962025316456 0.7025316455696202 0.9556962025316456 0.6962025316455697 0.9525316455696202 0.6930379746835443 0.9525316455696202 0.6677215189873418 0.9493670886075949 0.6645569620253164 0.9493670886075949 0.6582278481012658 0.9462025316455697 0.6550632911392406 0.9525316455696202 0.6455696202531646 0.9525316455696202 0.6107594936708861 0.9556962025316456 0.6075949367088608 0.9746835443037974 0.6075949367088608 0.9746835443037974 0.6012658227848101 0.9525316455696202 0.6012658227848101 0.9462025316455697 0.5949367088607594 0.9462025316455697 0.569620253164557 0.9430379746835443 0.5664556962025317 0.9430379746835443 0.560126582278481 0.9462025316455697 0.5569620253164557 0.9462025316455697 0.5537974683544303 0.9430379746835443 0.5506329113924051 0.9462025316455697 0.5474683544303798 0.9462025316455697 0.5379746835443038 0.9525316455696202 0.5316455696202531 0.9525316455696202 0.509493670886076 0.9556962025316456 0.5063291139240507 0.9556962025316456 0.47151898734177217 0.9525316455696202 0.46835443037974683 0.9525316455696202 0.4620253164556962 0.9493670886075949 0.4588607594936709 0.9493670886075949 0.4208860759493671 0.9462025316455697 0.4177215189873418 0.9493670886075949 0.41455696202531644 0.9493670886075949 0.37658227848101267 0.9462025316455697 0.37341772151898733 0.9462025316455697 0.36075949367088606 0.9493670886075949 0.3575949367088608 0.9715189873417721 0.3575949367088608 0.9746835443037974 0.35443037974683544 0.9778481012658228 0.35443037974683544 0.9968354430379747 0.33544303797468356 0.9968354430379747 0.31962025316455694 0.9936708860759493 0.31645569620253167 0.9936708860759493 0.31329113924050633 0.9873417721518988 0.3069620253164557 0.9525316455696202 0.3069620253164557 0.9493670886075949 0.3037974683544304 0.9493670886075949 0.30063291139240506 0.9430379746835443 0.29430379746835444 0.9430379746835443 0.25949367088607594 0.9462025316455697 0.2563291139240506 0.9462025316455697 0.2468354430379747 0.9493670886075949 0.24367088607594936 0.9493670886075949 0.23734177215189872 0.9556962025316456 0.2310126582278481 0.9556962025316456 0.18354430379746836 0.9620253164556962 0.17405063291139242 0.9620253164556962 0.16139240506329114 0.9588607594936709 0.15822784810126583 0.9588607594936709 0.1518987341772152 0.9525316455696202 0.14556962025316456 0.9525316455696202 0.13924050632911392 0.9588607594936709 0.12974683544303797 0.9588607594936709 0.09177215189873418 0.9651898734177216 0.08227848101265822 0.9651898734177216 0.06962025316455696 0.9620253164556962 0.06645569620253164 0.9620253164556962 0.056962025316455694 0.9651898734177216 0.05379746835443038 0.9651898734177216 0.04746835443037975 0.9556962025316456 0.03164556962025317 0.9556962025316456 0.028481012658227847 0.9588607594936709 0.02531645569620253 0.9588607594936709 0.00949367088607595 0.9556962025316456 0.006329113924050633
2 0.3639240506329114 0.028481012658227847 0.36075949367088606 0.028481012658227847 0.3575949367088608 0.02531645569620253 0.3449367088607595 0.02531645569620253 0.3449367088607595 0.03164556962025317 0.33860759493670883 0.0379746835443038 0.33860759493670883 0.04746835443037975 0.3449367088607595 0.04746835443037975 0.34810126582278483 0.04430379746835443 0.3512658227848101 0.04430379746835443 0.3512658227848101 0.04113924050632911 0.3575949367088608 0.03481012658227848 0.3639240506329114 0.03481012658227848