0 0.22105263157894736 0.4842105263157895 0.22105263157894736 0.48771929824561405 0.22456140350877193 0.49122807017543857 0.22456140350877193 0.5017543859649123 0.22807017543859648 0.5052631578947369 0.22807017543859648 0.519298245614035 0.22456140350877193 0.5228070175438596 0.22807017543859648 0.5263157894736842 0.22807017543859648 0.5543859649122806 0.22456140350877193 0.5578947368421052 0.22456140350877193 0.5649122807017544 0.22105263157894736 0.5684210526315789 0.22105263157894736 0.5859649122807018 0.21754385964912282 0.5894736842105263 0.22105263157894736 0.5929824561403508 0.22105263157894736 0.5964912280701754 0.21754385964912282 0.6 0.21754385964912282 0.6035087719298246 0.22105263157894736 0.6070175438596491 0.22105263157894736 0.6491228070175439 0.22456140350877193 0.6526315789473685 0.22105263157894736 0.656140350877193 0.22456140350877193 0.6596491228070176 0.22456140350877193 0.6666666666666666 0.22807017543859648 0.6701754385964912 0.22807017543859648 0.6771929824561403 0.23859649122807017 0.6771929824561403 0.24210526315789474 0.6807017543859649 0.25263157894736843 0.6807017543859649 0.256140350877193 0.6842105263157895 0.26666666666666666 0.6842105263157895 0.27017543859649124 0.6807017543859649 0.2912280701754386 0.6807017543859649 0.29473684210526313 0.6842105263157895 0.35789473684210527 0.6842105263157895 0.36140350877192984 0.6807017543859649 0.40350877192982454 0.6807017543859649 0.4070175438596491 0.6771929824561403 0.4105263157894737 0.6771929824561403 0.41403508771929826 0.6807017543859649 0.4280701754385965 0.6807017543859649 0.43157894736842106 0.6842105263157895 0.4842105263157895 0.6842105263157895 0.48771929824561405 0.6807017543859649 0.512280701754386 0.6807017543859649 0.5157894736842106 0.6842105263157895 0.5368421052631579 0.6842105263157895 0.5403508771929825 0.6807017543859649 0.5508771929824562 0.6807017543859649 0.5543859649122806 0.6771929824561403 0.743859649122807 0.6771929824561403 0.7473684210526316 0.6807017543859649 0.775438596491228 0.6807017543859649 0.7789473684210526 0.6842105263157895 0.7859649122807018 0.6842105263157895 0.7894736842105263 0.6877192982456141 0.7964912280701755 0.6877192982456141 0.8 0.6912280701754386 0.8596491228070176 0.6912280701754386 0.8631578947368421 0.6877192982456141 0.8842105263157894 0.6877192982456141 0.8912280701754386 0.6807017543859649 0.8912280701754386 0.6771929824561403 0.887719298245614 0.6736842105263158 0.887719298245614 0.6526315789473685 0.8842105263157894 0.6491228070175439 0.8842105263157894 0.6421052631578947 0.887719298245614 0.6385964912280702 0.887719298245614 0.6280701754385964 0.8842105263157894 0.624561403508772 0.8842105263157894 0.5789473684210527 0.887719298245614 0.5754385964912281 0.887719298245614 0.5508771929824562 0.8912280701754386 0.5473684210526316 0.887719298245614 0.543859649122807 0.887719298245614 0.5368421052631579 0.8912280701754386 0.5333333333333333 0.8912280701754386 0.5263157894736842 0.887719298245614 0.5228070175438596 0.8912280701754386 0.519298245614035 0.887719298245614 0.5157894736842106 0.887719298245614 0.48771929824561405 0.8842105263157894 0.4842105263157895 0.8842105263157894 0.47719298245614034 0.8807017543859649 0.47368421052631576 0.8245614035087719 0.47368421052631576 0.8210526315789474 0.47017543859649125 0.8105263157894737 0.47017543859649125 0.8070175438596491 0.4666666666666667 0.7614035087719299 0.4666666666666667 0.7578947368421053 0.47017543859649125 0.743859649122807 0.47017543859649125 0.7403508771929824 0.47368421052631576 0.7087719298245614 0.47368421052631576 0.7052631578947368 0.47017543859649125 0.6947368421052632 0.47017543859649125 0.6912280701754386 0.4666666666666667 0.5964912280701754 0.4666666666666667 0.5929824561403508 0.47017543859649125 0.5824561403508772 0.47017543859649125 0.5789473684210527 0.47368421052631576 0.49122807017543857 0.47368421052631576 0.48771929824561405 0.47017543859649125 0.4245614035087719 0.47017543859649125 0.42105263157894735 0.47368421052631576 0.3087719298245614 0.47368421052631576 0.30526315789473685 0.47017543859649125 0.29473684210526313 0.47017543859649125 0.2912280701754386 0.4666666666666667 0.256140350877193 0.4666666666666667 0.25263157894736843 0.47017543859649125 0.23157894736842105 0.47017543859649125 0.22456140350877193 0.47719298245614034 0.22456140350877193 0.4807017543859649
0 0.21754385964912282 0.017543859649122806 0.21754385964912282 0.04912280701754386 0.22105263157894736 0.05263157894736842 0.21754385964912282 0.056140350877192984 0.21754385964912282 0.07368421052631578 0.22105263157894736 0.07719298245614035 0.22105263157894736 0.11578947368421053 0.21754385964912282 0.11929824561403508 0.22105263157894736 0.12280701754385964 0.22105263157894736 0.1649122807017544 0.27017543859649124 0.1649122807017544 0.2736842105263158 0.16842105263157894 0.2807017543859649 0.16842105263157894 0.28421052631578947 0.17192982456140352 0.2912280701754386 0.17192982456140352 0.29473684210526313 0.17543859649122806 0.3192982456140351 0.17543859649122806 0.32280701754385965 0.17192982456140352 0.3263157894736842 0.17192982456140352 0.3368421052631579 0.1649122807017544 0.3894736842105263 0.1649122807017544 0.3929824561403509 0.16842105263157894 0.45263157894736844 0.16842105263157894 0.45614035087719296 0.1649122807017544 0.4421052631578947 0.1649122807017544 0.43859649122807015 0.16140350877192983 0.4280701754385965 0.16140350877192983 0.4245614035087719 0.15789473684210525 0.41403508771929826 0.15789473684210525 0.4105263157894737 0.1543859649122807 0.3543859649122807 0.1543859649122807 0.3508771929824561 0.15789473684210525 0.34035087719298246 0.15789473684210525 0.3333333333333333 0.15087719298245614 0.3333333333333333 0.14385964912280702 0.3368421052631579 0.14035087719298245 0.3473684210526316 0.14035087719298245 0.3508771929824561 0.1368421052631579 0.36140350877192984 0.1368421052631579 0.3649122807017544 0.14035087719298245 0.41754385964912283 0.14035087719298245 0.42105263157894735 0.14385964912280702 0.43508771929824563 0.14385964912280702 0.43859649122807015 0.14736842105263157 0.4456140350877193 0.14736842105263157 0.44912280701754387 0.15087719298245614 0.4631578947368421 0.15087719298245614 0.4666666666666667 0.1543859649122807 0.47368421052631576 0.1543859649122807 0.47719298245614034 0.15789473684210525 0.4842105263157895 0.15789473684210525 0.49122807017543857 0.1649122807017544 0.49473684210526314 0.1649122807017544 0.5017543859649123 0.17192982456140352 0.5017543859649123 0.17543859649122806 0.512280701754386 0.17543859649122806 0.5157894736842106 0.17192982456140352 0.5228070175438596 0.17192982456140352 0.5263157894736842 0.16842105263157894 0.5368421052631579 0.16842105263157894 0.5403508771929825 0.1649122807017544 0.5578947368421052 0.1649122807017544 0.5614035087719298 0.16842105263157894 0.6736842105263158 0.16842105263157894 0.6771929824561403 0.1649122807017544 0.6807017543859649 0.16842105263157894 0.7508771929824561 0.16842105263157894 0.7543859649122807 0.17192982456140352 0.7789473684210526 0.17192982456140352 0.7824561403508772 0.16842105263157894 0.7859649122807018 0.17192982456140352 0.8140350877192982 0.17192982456140352 0.8175438596491228 0.17543859649122806 0.8245614035087719 0.17543859649122806 0.8280701754385965 0.17192982456140352 0.8421052631578947 0.17192982456140352 0.8456140350877193 0.16842105263157894 0.8526315789473684 0.16842105263157894 0.856140350877193 0.1649122807017544 0.8771929824561403 0.1649122807017544 0.8771929824561403 0.14736842105263157 0.8842105263157894 0.1368421052631579 0.8842105263157894 0.12631578947368421 0.887719298245614 0.12280701754385964 0.887719298245614 0.11578947368421053 0.8842105263157894 0.11228070175438597 0.8842105263157894 0.10526315789473684 0.8807017543859649 0.10175438596491228 0.8807017543859649 0.03859649122807018 0.8842105263157894 0.03508771929824561 0.8842105263157894 0.028070175438596492 0.8807017543859649 0.02456140350877193 0.8807017543859649 0.017543859649122806 0.8771929824561403 0.014035087719298246 0.8771929824561403 0 0.22105263157894736 0 0.22105263157894736 0.014035087719298246
0 0 0.7192982456140351 0 0.9473684210526315 0.05964912280701754 0.9473684210526315 0.06315789473684211 0.9438596491228071 0.10175438596491228 0.9438596491228071 0.10526315789473684 0.9473684210526315 0.10877192982456141 0.9473684210526315 0.11228070175438597 0.9508771929824561 0.11929824561403508 0.9508771929824561 0.12280701754385964 0.9473684210526315 0.15087719298245614 0.9473684210526315 0.1543859649122807 0.9438596491228071 0.20350877192982456 0.9438596491228071 0.20701754385964913 0.9473684210526315 0.24210526315789474 0.9473684210526315 0.24561403508771928 0.9438596491228071 0.2596491228070175 0.9438596491228071 0.2631578947368421 0.9403508771929825 0.27017543859649124 0.9403508771929825 0.2736842105263158 0.9368421052631579 0.30526315789473685 0.9368421052631579 0.3087719298245614 0.9403508771929825 0.34035087719298246 0.9403508771929825 0.3473684210526316 0.9333333333333333 0.3473684210526316 0.9298245614035088 0.3508771929824561 0.9263157894736842 0.3508771929824561 0.9017543859649123 0.3543859649122807 0.8982456140350877 0.3543859649122807 0.887719298245614 0.3508771929824561 0.8842105263157894 0.3508771929824561 0.8526315789473684 0.3473684210526316 0.8491228070175438 0.3508771929824561 0.8456140350877193 0.3508771929824561 0.8245614035087719 0.3543859649122807 0.8210526315789474 0.3543859649122807 0.775438596491228 0.3508771929824561 0.7719298245614035 0.3508771929824561 0.7508771929824561 0.3473684210526316 0.7473684210526316 0.3473684210526316 0.7263157894736842 0.3508771929824561 0.7228070175438597 0.3508771929824561 0.7192982456140351 0.3263157894736842 0.7192982456140351 0.32280701754385965 0.7157894736842105 0.2982456140350877 0.7157894736842105 0.29473684210526313 0.7192982456140351 0.2807017543859649 0.7192982456140351 0.2771929824561403 0.7228070175438597 0.20701754385964913 0.7228070175438597 0.20350877192982456 0.7192982456140351 0.1824561403508772 0.7192982456140351 0.17894736842105263 0.7157894736842105 0.16140350877192983 0.7157894736842105 0.15789473684210525 0.712280701754386 0.056140350877192984 0.712280701754386 0.05263157894736842 0.7157894736842105 0.031578947368421054 0.7157894736842105 0.028070175438596492 0.7192982456140351 0.014035087719298246 0.7192982456140351 0.010526315789473684 0.7228070175438597 0.007017543859649123 0.7192982456140351
0 0.7192982456140351 0.712280701754386 0.6982456140350877 0.712280701754386 0.6947368421052632 0.7087719298245614 0.6842105263157895 0.7087719298245614 0.6807017543859649 0.7052631578947368 0.6666666666666666 0.7052631578947368 0.6631578947368421 0.7017543859649122 0.6456140350877193 0.7017543859649122 0.6421052631578947 0.7052631578947368 0.5684210526315789 0.7052631578947368 0.5649122807017544 0.7087719298245614 0.5508771929824562 0.7087719298245614 0.5473684210526316 0.712280701754386 0.40350877192982454 0.712280701754386 0.39649122807017545 0.7192982456140351 0.39649122807017545 0.7228070175438597 0.3929824561403509 0.7263157894736842 0.3929824561403509 0.7298245614035088 0.3894736842105263 0.7333333333333333 0.3929824561403509 0.7368421052631579 0.3894736842105263 0.7403508771929824 0.3929824561403509 0.743859649122807 0.3894736842105263 0.7473684210526316 0.3929824561403509 0.7508771929824561 0.3929824561403509 0.8280701754385965 0.39649122807017545 0.8315789473684211 0.39649122807017545 0.8596491228070176 0.3929824561403509 0.8631578947368421 0.3929824561403509 0.8912280701754386 0.39649122807017545 0.8947368421052632 0.3929824561403509 0.8982456140350877 0.3929824561403509 0.9263157894736842 0.39649122807017545 0.9298245614035088 0.39649122807017545 0.9368421052631579 0.41403508771929826 0.9368421052631579 0.41754385964912283 0.9333333333333333 0.4280701754385965 0.9333333333333333 0.43157894736842106 0.9298245614035088 0.4456140350877193 0.9298245614035088 0.44912280701754387 0.9263157894736842 0.5298245614035088 0.9263157894736842 0.5333333333333333 0.9298245614035088 0.5368421052631579 0.9298245614035088 0.5403508771929825 0.9333333333333333 0.5508771929824562 0.9333333333333333 0.5543859649122806 0.9368421052631579 0.5649122807017544 0.9368421052631579 0.5684210526315789 0.9403508771929825 0.5894736842105263 0.9403508771929825 0.5929824561403508 0.9368421052631579 0.6 0.9368421052631579 0.6035087719298246 0.9333333333333333 0.6280701754385964 0.9333333333333333 0.631578947368421 0.9298245614035088 0.6385964912280702 0.9298245614035088 0.6421052631578947 0.9263157894736842 0.656140350877193 0.9263157894736842 0.6596491228070176 0.9298245614035088 0.6701754385964912 0.9298245614035088 0.6736842105263158 0.9333333333333333 0.6877192982456141 0.9333333333333333 0.6912280701754386 0.9368421052631579 0.6982456140350877 0.9368421052631579 0.7017543859649122 0.9333333333333333 0.7228070175438597 0.9333333333333333 0.7298245614035088 0.9263157894736842 0.7298245614035088 0.9122807017543859 0.7333333333333333 0.9087719298245615 0.7333333333333333 0.8947368421052632 0.7298245614035088 0.8912280701754386 0.7333333333333333 0.887719298245614 0.7333333333333333 0.8526315789473684 0.7298245614035088 0.8491228070175438 0.7298245614035088 0.8385964912280702 0.7263157894736842 0.8350877192982457 0.7263157894736842 0.8280701754385965 0.7228070175438597 0.8245614035087719 0.7228070175438597 0.7929824561403509 0.7263157894736842 0.7894736842105263 0.7263157894736842 0.7614035087719299 0.7228070175438597 0.7578947368421053 0.7228070175438597 0.7228070175438597 0.7192982456140351 0.7192982456140351
0 0.3508771929824561 0.22456140350877193 0.3473684210526316 0.22105263157894736 0.28771929824561404 0.22105263157894736 0.28421052631578947 0.21754385964912282 0.2771929824561403 0.21754385964912282 0.2736842105263158 0.21403508771929824 0.22456140350877193 0.21403508771929824 0.22105263157894736 0.21754385964912282 0.21403508771929824 0.21754385964912282 0.21052631578947367 0.22105263157894736 0.1649122807017544 0.22105263157894736 0.16140350877192983 0.21754385964912282 0.0456140350877193 0.21754385964912282 0.042105263157894736 0.22105263157894736 0.03859649122807018 0.22105263157894736 0.03508771929824561 0.21754385964912282 0 0.21754385964912282 0 0.42105263157894735 0.007017543859649123 0.42105263157894735 0.010526315789473684 0.4245614035087719 0.014035087719298246 0.4245614035087719 0.017543859649122806 0.42105263157894735 0.05964912280701754 0.42105263157894735 0.06315789473684211 0.4245614035087719 0.10175438596491228 0.4245614035087719 0.10526315789473684 0.42105263157894735 0.11228070175438597 0.42105263157894735 0.11578947368421053 0.41754385964912283 0.12280701754385964 0.41754385964912283 0.12631578947368421 0.42105263157894735 0.19649122807017544 0.42105263157894735 0.2 0.41754385964912283 0.20350877192982456 0.42105263157894735 0.23157894736842105 0.42105263157894735 0.23508771929824562 0.4245614035087719 0.2596491228070175 0.4245614035087719 0.2631578947368421 0.42105263157894735 0.26666666666666666 0.4245614035087719 0.29473684210526313 0.4245614035087719 0.2982456140350877 0.42105263157894735 0.34035087719298246 0.42105263157894735 0.34385964912280703 0.41754385964912283 0.34385964912280703 0.41403508771929826 0.3473684210526316 0.4105263157894737 0.3473684210526316 0.38596491228070173 0.3508771929824561 0.3824561403508772 0.3508771929824561 0.3719298245614035 0.3543859649122807 0.3684210526315789 0.3543859649122807 0.3649122807017544 0.3508771929824561 0.36140350877192984 0.3508771929824561 0.3333333333333333 0.3543859649122807 0.3298245614035088 0.3543859649122807 0.30526315789473685 0.3508771929824561 0.3017543859649123 0.3508771929824561 0.28421052631578947 0.3473684210526316 0.2807017543859649 0.3473684210526316 0.23157894736842105 0.3508771929824561 0.22807017543859648
0 0.39649122807017545 0.22807017543859648 0.39649122807017545 0.23859649122807017 0.4 0.24210526315789474 0.39649122807017545 0.24561403508771928 0.39649122807017545 0.25263157894736843 0.4 0.256140350877193 0.39649122807017545 0.2596491228070175 0.39649122807017545 0.2631578947368421 0.4 0.26666666666666666 0.39649122807017545 0.27017543859649124 0.4 0.2736842105263158 0.4 0.2771929824561403 0.39649122807017545 0.2807017543859649 0.39649122807017545 0.37543859649122807 0.4 0.37894736842105264 0.39649122807017545 0.3824561403508772 0.4 0.38596491228070173 0.39649122807017545 0.3894736842105263 0.39649122807017545 0.41403508771929826 0.4 0.41754385964912283 0.40350877192982454 0.41754385964912283 0.4070175438596491 0.42105263157894735 0.4280701754385965 0.42105263157894735 0.43157894736842106 0.41754385964912283 0.43508771929824563 0.41754385964912283 0.43859649122807015 0.42105263157894735 0.4666666666666667 0.42105263157894735 0.47017543859649125 0.41754385964912283 0.7192982456140351 0.41754385964912283 0.7192982456140351 0.3929824561403509 0.7228070175438597 0.3894736842105263 0.7228070175438597 0.36140350877192984 0.7263157894736842 0.35789473684210527 0.7263157894736842 0.3368421052631579 0.7228070175438597 0.3333333333333333 0.7228070175438597 0.3298245614035088 0.7263157894736842 0.3263157894736842 0.7263157894736842 0.28771929824561404 0.7228070175438597 0.28421052631578947 0.7228070175438597 0.23859649122807017 0.7263157894736842 0.23508771929824562 0.7263157894736842 0.22105263157894736 0.7228070175438597 0.21754385964912282 0.7228070175438597 0.21403508771929824 0.7087719298245614 0.21403508771929824 0.7052631578947368 0.21052631578947367 0.7017543859649122 0.21052631578947367 0.6982456140350877 0.21403508771929824 0.6842105263157895 0.21403508771929824 0.6807017543859649 0.21754385964912282 0.5894736842105263 0.21754385964912282 0.5859649122807018 0.21403508771929824 0.5719298245614035 0.21403508771929824 0.5684210526315789 0.21052631578947367 0.5298245614035088 0.21052631578947367 0.5263157894736842 0.21403508771929824 0.512280701754386 0.21403508771929824 0.5087719298245614 0.21754385964912282 0.4456140350877193 0.21754385964912282 0.4421052631578947 0.22105263157894736 0.40350877192982454 0.22105263157894736
0 0 0.47017543859649125 0 0.5929824561403508 0.007017543859649123 0.5929824561403508 0.010526315789473684 0.5964912280701754 0.014035087719298246 0.5964912280701754 0.028070175438596492 0.6105263157894737 0.028070175438596492 0.6140350877192983 0.031578947368421054 0.6175438596491228 0.03508771929824561 0.6175438596491228 0.042105263157894736 0.624561403508772 0.042105263157894736 0.631578947368421 0.03859649122807018 0.6350877192982456 0.031578947368421054 0.6350877192982456 0.028070175438596492 0.631578947368421 0.02456140350877193 0.631578947368421 0.0035087719298245615 0.6105263157894737 0 0.6105263157894737 0 0.6491228070175439 0.0035087719298245615 0.6491228070175439 0.007017543859649123 0.6526315789473685 0.007017543859649123 0.656140350877193 0.010526315789473684 0.6596491228070176 0.010526315789473684 0.6631578947368421 0.017543859649122806 0.6701754385964912 0.017543859649122806 0.6771929824561403 0.014035087719298246 0.6807017543859649 0.007017543859649123 0.6807017543859649 0 0.6736842105263158 0 0.6807017543859649 0.017543859649122806 0.6807017543859649 0.021052631578947368 0.6771929824561403 0.056140350877192984 0.6771929824561403 0.06315789473684211 0.6842105263157895 0.06666666666666667 0.6842105263157895 0.07017543859649122 0.6877192982456141 0.08771929824561403 0.6877192982456141 0.0912280701754386 0.6842105263157895 0.09473684210526316 0.6842105263157895 0.09824561403508772 0.6807017543859649 0.10526315789473684 0.6807017543859649 0.10877192982456141 0.6771929824561403 0.15789473684210525 0.6771929824561403 0.16140350877192983 0.6807017543859649 0.1649122807017544 0.6807017543859649 0.16842105263157894 0.6771929824561403 0.17192982456140352 0.6771929824561403 0.17192982456140352 0.6736842105263158 0.17543859649122806 0.6701754385964912 0.17543859649122806 0.6666666666666666 0.1824561403508772 0.6596491228070176 0.1824561403508772 0.6526315789473685 0.18596491228070175 0.6491228070175439 0.18596491228070175 0.6350877192982456 0.1824561403508772 0.631578947368421 0.1824561403508772 0.5859649122807018 0.18596491228070175 0.5824561403508772 0.18596491228070175 0.5649122807017544 0.18947368421052632 0.5614035087719298 0.18947368421052632 0.5578947368421052 0.18596491228070175 0.5543859649122806 0.18596491228070175 0.5508771929824562 0.18947368421052632 0.5473684210526316 0.18947368421052632 0.5333333333333333 0.19298245614035087 0.5298245614035088 0.19298245614035087 0.5263157894736842 0.18947368421052632 0.5228070175438596 0.18947368421052632 0.512280701754386 0.18596491228070175 0.5087719298245614 0.18596491228070175 0.4982456140350877 0.1824561403508772 0.49473684210526314 0.1824561403508772 0.47017543859649125 0.17894736842105263 0.47017543859649125 0.17543859649122806 0.4666666666666667 0.16140350877192983 0.4666666666666667 0.15789473684210525 0.47017543859649125 0.10526315789473684 0.47017543859649125 0.10175438596491228 0.47368421052631576 0.09824561403508772 0.47017543859649125 0.07368421052631578 0.47017543859649125 0.07017543859649122 0.4666666666666667 0.028070175438596492 0.4666666666666667 0.02456140350877193 0.47017543859649125
0 0 0 0 0.17543859649122806 0.017543859649122806 0.17543859649122806 0.02456140350877193 0.1824561403508772 0.028070175438596492 0.1824561403508772 0.031578947368421054 0.17894736842105263 0.03859649122807018 0.17894736842105263 0.042105263157894736 0.17543859649122806 0.056140350877192984 0.17543859649122806 0.05964912280701754 0.17894736842105263 0.08070175438596491 0.17894736842105263 0.08421052631578947 0.17543859649122806 0.11228070175438597 0.17543859649122806 0.11578947368421053 0.17894736842105263 0.12631578947368421 0.17894736842105263 0.12982456140350876 0.1824561403508772 0.14035087719298245 0.1824561403508772 0.14385964912280702 0.17894736842105263 0.1543859649122807 0.17894736842105263 0.15789473684210525 0.17543859649122806 0.17543859649122806 0.17543859649122806 0.17543859649122806 0.17192982456140352 0.1824561403508772 0.1649122807017544 0.1824561403508772 0.1368421052631579 0.18596491228070175 0.13333333333333333 0.1824561403508772 0.12982456140350876 0.1824561403508772 0.12280701754385964 0.17894736842105263 0.11929824561403508 0.1824561403508772 0.11578947368421053 0.1824561403508772 0.08771929824561403 0.18596491228070175 0.08421052631578947 0.18596491228070175 0.07368421052631578 0.1824561403508772 0.07017543859649122 0.1824561403508772 0.06315789473684211 0.17894736842105263 0.05964912280701754 0.18596491228070175 0.05263157894736842 0.18596491228070175 0.04912280701754386 0.18947368421052632 0.0456140350877193 0.18947368421052632 0.03508771929824561 0.17894736842105263 0.02456140350877193 0.17894736842105263 0
0 0.8736842105263158 0.9964912280701754 0.8701754385964913 0.9929824561403509 0.8701754385964913 0.9649122807017544 0.8596491228070176 0.9649122807017544 0.856140350877193 0.968421052631579 0.8421052631578947 0.968421052631579 0.8385964912280702 0.9649122807017544 0.8350877192982457 0.9649122807017544 0.8315789473684211 0.9614035087719298 0.8245614035087719 0.9614035087719298 0.8210526315789474 0.9578947368421052 0.8140350877192982 0.9578947368421052 0.8105263157894737 0.9543859649122807 0.8070175438596491 0.9543859649122807 0.8035087719298246 0.9578947368421052 0.7894736842105263 0.9578947368421052 0.7859649122807018 0.9614035087719298 0.775438596491228 0.9614035087719298 0.7719298245614035 0.9649122807017544 0.7473684210526316 0.9649122807017544 0.743859649122807 0.9614035087719298 0.7333333333333333 0.9614035087719298 0.7298245614035088 0.9578947368421052 0.7192982456140351 0.9578947368421052 0.7157894736842105 0.9543859649122807 0.7052631578947368 0.9543859649122807 0.7017543859649122 0.9578947368421052 0.6982456140350877 0.9578947368421052 0.6947368421052632 0.9614035087719298 0.6912280701754386 0.9614035087719298 0.6877192982456141 0.9649122807017544 0.6842105263157895 0.9614035087719298 0.6807017543859649 0.9614035087719298 0.6771929824561403 0.9649122807017544 0.6421052631578947 0.9649122807017544 0.6385964912280702 0.968421052631579 0.6070175438596491 0.968421052631579 0.6035087719298246 0.9649122807017544 0.6 0.9649122807017544 0.5964912280701754 0.968421052631579 0.5649122807017544 0.968421052631579 0.5578947368421052 0.9614035087719298 0.5508771929824562 0.9614035087719298 0.5473684210526316 0.9578947368421052 0.5017543859649123 0.9578947368421052 0.4982456140350877 0.9614035087719298 0.49473684210526314 0.9614035087719298 0.49122807017543857 0.9578947368421052 0.48771929824561405 0.9578947368421052 0.4842105263157895 0.9614035087719298 0.47017543859649125 0.9614035087719298 0.4666666666666667 0.9649122807017544 0.39649122807017545 0.9649122807017544 0.3929824561403509 0.968421052631579 0.37894736842105264 0.968421052631579 0.37543859649122807 0.9649122807017544 0.35789473684210527 0.9649122807017544 0.3543859649122807 0.9614035087719298 0.3263157894736842 0.9614035087719298 0.32280701754385965 0.9578947368421052 0.3017543859649123 0.9578947368421052 0.2982456140350877 0.9614035087719298 0.28771929824561404 0.9614035087719298 0.28421052631578947 0.9649122807017544 0.22807017543859648 0.9649122807017544 0.22456140350877193 0.968421052631579 0.22456140350877193 0.9719298245614035 0.22105263157894736 0.9754385964912281 0.22105263157894736 0.9824561403508771 0.21754385964912282 0.9859649122807017 0.21754385964912282 0.9964912280701754
0 0.9263157894736842 0.4631578947368421 0.9263157894736842 0.47719298245614034 0.9298245614035088 0.4807017543859649 0.9298245614035088 0.4982456140350877 0.9403508771929825 0.4982456140350877 0.9438596491228071 0.5017543859649123 0.9438596491228071 0.5087719298245614 0.9473684210526315 0.512280701754386 0.9578947368421052 0.512280701754386 0.9614035087719298 0.5157894736842106 0.9649122807017544 0.5157894736842106 0.968421052631579 0.519298245614035 0.968421052631579 0.5298245614035088 0.9649122807017544 0.5333333333333333 0.9649122807017544 0.5368421052631579 0.9614035087719298 0.5403508771929825 0.9578947368421052 0.5403508771929825 0.9543859649122807 0.543859649122807 0.9543859649122807 0.5508771929824562 0.9473684210526315 0.5578947368421052 0.9368421052631579 0.5578947368421052 0.9333333333333333 0.5543859649122806 0.9298245614035088 0.5543859649122806 0.9298245614035088 0.5614035087719298 0.9263157894736842 0.5649122807017544 0.9263157894736842 0.5719298245614035 0.9228070175438596 0.5754385964912281 0.9228070175438596 0.5824561403508772 0.9263157894736842 0.5859649122807018 0.9263157894736842 0.6 0.9228070175438596 0.6035087719298246 0.9228070175438596 0.6070175438596491 0.9192982456140351 0.6105263157894737 0.9192982456140351 0.6175438596491228 0.9228070175438596 0.6210526315789474 0.9228070175438596 0.6491228070175439 0.9333333333333333 0.6596491228070176 0.9649122807017544 0.6596491228070176 0.968421052631579 0.6631578947368421 0.9894736842105263 0.6631578947368421 0.9929824561403509 0.6666666666666666 0.9929824561403509 0.6701754385964912 0.9964912280701754 0.6701754385964912 0.9964912280701754 0.4631578947368421 0.9894736842105263 0.4631578947368421 0.9859649122807017 0.4666666666666667 0.9789473684210527 0.4666666666666667 0.9754385964912281 0.4631578947368421 0.9719298245614035 0.4631578947368421 0.968421052631579 0.45964912280701753 0.9403508771929825 0.45964912280701753 0.9368421052631579 0.4631578947368421
0 0.9157894736842105 0 0.9157894736842105 0.0035087719298245615 0.9192982456140351 0.0035087719298245615 0.9228070175438596 0.007017543859649123 0.9228070175438596 0.02456140350877193 0.9263157894736842 0.028070175438596492 0.9263157894736842 0.03859649122807018 0.9228070175438596 0.042105263157894736 0.9228070175438596 0.056140350877192984 0.9192982456140351 0.05964912280701754 0.9228070175438596 0.06315789473684211 0.9228070175438596 0.10526315789473684 0.9263157894736842 0.10877192982456141 0.9263157894736842 0.16140350877192983 0.9333333333333333 0.16842105263157894 0.9403508771929825 0.16842105263157894 0.9438596491228071 0.17192982456140352 0.968421052631579 0.17192982456140352 0.9719298245614035 0.17543859649122806 0.9929824561403509 0.17543859649122806 0.9964912280701754 0.17894736842105263 0.9964912280701754 0
0 0 0.9649122807017544 0 0.9964912280701754 0.17894736842105263 0.9964912280701754 0.17894736842105263 0.9859649122807017 0.17543859649122806 0.9824561403508771 0.17543859649122806 0.9719298245614035 0.15789473684210525 0.9719298245614035 0.1543859649122807 0.968421052631579 0.12982456140350876 0.968421052631579 0.12631578947368421 0.9649122807017544 0.09473684210526316 0.9649122807017544 0.0912280701754386 0.968421052631579 0.08771929824561403 0.968421052631579 0.08421052631578947 0.9719298245614035 0.014035087719298246 0.9719298245614035 0.010526315789473684 0.968421052631579 0.007017543859649123 0.968421052631579 0.0035087719298245615 0.9649122807017544
0 0.9087719298245615 0.968421052631579 0.9087719298245615 0.9754385964912281 0.9122807017543859 0.9789473684210527 0.9122807017543859 0.9859649122807017 0.9052631578947369 0.9929824561403509 0.9052631578947369 0.9964912280701754 0.9964912280701754 0.9964912280701754 0.9964912280701754 0.9649122807017544 0.9824561403508771 0.9649122807017544 0.9789473684210527 0.9614035087719298 0.9333333333333333 0.9614035087719298 0.9298245614035088 0.9649122807017544 0.9122807017543859 0.9649122807017544
1 0.9438596491228071 0.7298245614035088 0.9368421052631579 0.7298245614035088 0.9333333333333333 0.7263157894736842 0.9263157894736842 0.7263157894736842 0.9228070175438596 0.7228070175438597 0.9157894736842105 0.7228070175438597 0.9122807017543859 0.7192982456140351 0.9122807017543859 0.7157894736842105 0.9087719298245615 0.712280701754386 0.9052631578947369 0.712280701754386 0.9017543859649123 0.7087719298245614 0.8982456140350877 0.7087719298245614 0.8912280701754386 0.7017543859649122 0.8491228070175438 0.7017543859649122 0.8456140350877193 0.7052631578947368 0.8210526315789474 0.7052631578947368 0.8175438596491228 0.7087719298245614 0.7964912280701755 0.7087719298245614 0.7929824561403509 0.712280701754386 0.7894736842105263 0.712280701754386 0.7859649122807018 0.7157894736842105 0.7824561403508772 0.7157894736842105 0.775438596491228 0.7228070175438597 0.7719298245614035 0.7228070175438597 0.7649122807017544 0.7298245614035088 0.7649122807017544 0.7333333333333333 0.7614035087719299 0.7368421052631579 0.7614035087719299 0.7543859649122807 0.7578947368421053 0.7578947368421053 0.7578947368421053 0.7859649122807018 0.7614035087719299 0.7894736842105263 0.7614035087719299 0.8105263157894737 0.7649122807017544 0.8140350877192982 0.7649122807017544 0.8736842105263158 0.7684210526315789 0.8771929824561403 0.7684210526315789 0.8982456140350877 0.7719298245614035 0.9017543859649123 0.7719298245614035 0.9228070175438596 0.775438596491228 0.9263157894736842 0.775438596491228 0.9333333333333333 0.8350877192982457 0.9333333333333333 0.8385964912280702 0.9368421052631579 0.8736842105263158 0.9368421052631579 0.8771929824561403 0.9333333333333333 0.8912280701754386 0.9333333333333333 0.8912280701754386 0.9298245614035088 0.8947368421052632 0.9263157894736842 0.9298245614035088 0.9263157894736842 0.9403508771929825 0.9157894736842105 0.9438596491228071 0.9157894736842105 0.9438596491228071 0.9122807017543859 0.9473684210526315 0.9087719298245615 0.9473684210526315 0.9052631578947369 0.9508771929824561 0.9017543859649123 0.9508771929824561 0.8982456140350877 0.9543859649122807 0.8947368421052632 0.9543859649122807 0.8771929824561403 0.9508771929824561 0.8736842105263158 0.9473684210526315 0.8736842105263158 0.9368421052631579 0.8631578947368421 0.9368421052631579 0.856140350877193 0.9333333333333333 0.8526315789473684 0.9333333333333333 0.8421052631578947 0.9368421052631579 0.8385964912280702 0.9368421052631579 0.8350877192982457 0.9403508771929825 0.8315789473684211 0.9403508771929825 0.8210526315789474 0.9368421052631579 0.8175438596491228 0.9368421052631579 0.8035087719298246 0.9508771929824561 0.7894736842105263 0.9543859649122807 0.7894736842105263 0.9543859649122807 0.7789473684210526 0.9578947368421052 0.775438596491228 0.9578947368421052 0.7719298245614035 0.9614035087719298 0.7684210526315789 0.9578947368421052 0.7649122807017544 0.9578947368421052 0.7614035087719299 0.9543859649122807 0.7578947368421053 0.9543859649122807 0.7403508771929824
1 0.7684210526315789 0.21403508771929824 0.7684210526315789 0.22105263157894736 0.7649122807017544 0.22456140350877193 0.7649122807017544 0.24210526315789474 0.7684210526315789 0.24561403508771928 0.7684210526315789 0.3017543859649123 0.7649122807017544 0.30526315789473685 0.7649122807017544 0.3508771929824561 0.7614035087719299 0.3543859649122807 0.7614035087719299 0.3719298245614035 0.7649122807017544 0.37543859649122807 0.7649122807017544 0.3824561403508772 0.7684210526315789 0.38596491228070173 0.7684210526315789 0.3929824561403509 0.7719298245614035 0.39649122807017545 0.7719298245614035 0.40350877192982454 0.775438596491228 0.4070175438596491 0.775438596491228 0.41403508771929826 0.7789473684210526 0.41754385964912283 0.7789473684210526 0.42105263157894735 0.8035087719298246 0.42105263157894735 0.8070175438596491 0.4245614035087719 0.8315789473684211 0.4245614035087719 0.8350877192982457 0.42105263157894735 0.9228070175438596 0.42105263157894735 0.9228070175438596 0.41754385964912283 0.9263157894736842 0.41403508771929826 0.9333333333333333 0.41403508771929826 0.9368421052631579 0.4105263157894737 0.9368421052631579 0.3894736842105263 0.9403508771929825 0.38596491228070173 0.9403508771929825 0.37894736842105264 0.9438596491228071 0.37543859649122807 0.9438596491228071 0.3543859649122807 0.9473684210526315 0.3508771929824561 0.9473684210526315 0.34385964912280703 0.9508771929824561 0.34035087719298246 0.9508771929824561 0.30526315789473685 0.9543859649122807 0.3017543859649123 0.9508771929824561 0.2982456140350877 0.9508771929824561 0.29473684210526313 0.9473684210526315 0.2912280701754386 0.9473684210526315 0.2631578947368421 0.9508771929824561 0.2596491228070175 0.9508771929824561 0.256140350877193 0.9473684210526315 0.25263157894736843 0.9473684210526315 0.24561403508771928 0.9438596491228071 0.24210526315789474 0.9438596491228071 0.23859649122807017 0.9368421052631579 0.23157894736842105 0.9263157894736842 0.23157894736842105 0.9087719298245615 0.21403508771929824 0.9087719298245615 0.20701754385964913 0.8842105263157894 0.20701754385964913 0.8807017543859649 0.21052631578947367 0.856140350877193 0.21052631578947367 0.8526315789473684 0.20701754385964913 0.8421052631578947 0.20701754385964913 0.8385964912280702 0.20350877192982456 0.8315789473684211 0.20350877192982456 0.8280701754385965 0.20701754385964913 0.7824561403508772 0.20701754385964913 0.7789473684210526 0.21052631578947367 0.775438596491228 0.21052631578947367 0.7719298245614035 0.21403508771929824
1 0.9964912280701754 0.20701754385964913 0.9859649122807017 0.20701754385964913 0.9859649122807017 0.21052631578947367 0.9824561403508771 0.21403508771929824 0.9824561403508771 0.21754385964912282 0.9859649122807017 0.21754385964912282 0.9929824561403509 0.22456140350877193 0.9929824561403509 0.23859649122807017 0.9859649122807017 0.24561403508771928 0.9859649122807017 0.24912280701754386 0.9894736842105263 0.25263157894736843 0.9894736842105263 0.2771929824561403 0.9929824561403509 0.2807017543859649 0.9929824561403509 0.2982456140350877 0.9894736842105263 0.3017543859649123 0.9894736842105263 0.3087719298245614 0.9859649122807017 0.312280701754386 0.9859649122807017 0.3473684210526316 0.9824561403508771 0.3508771929824561 0.9824561403508771 0.3543859649122807 0.9789473684210527 0.35789473684210527 0.9789473684210527 0.37894736842105264 0.9754385964912281 0.3824561403508772 0.9789473684210527 0.38596491228070173 0.9789473684210527 0.41754385964912283 0.9754385964912281 0.42105263157894735 0.9719298245614035 0.42105263157894735 0.9754385964912281 0.4245614035087719 0.9964912280701754 0.4245614035087719
1 0.9964912280701754 0.7473684210526316 0.9964912280701754 0.7614035087719299 0.9929824561403509 0.7649122807017544 0.9929824561403509 0.7719298245614035 0.9894736842105263 0.775438596491228 0.9894736842105263 0.7929824561403509 0.9859649122807017 0.7964912280701755 0.9859649122807017 0.8421052631578947 0.9824561403508771 0.8456140350877193 0.9824561403508771 0.8596491228070176 0.9789473684210527 0.8631578947368421 0.9789473684210527 0.8771929824561403 0.9824561403508771 0.8807017543859649 0.9824561403508771 0.8842105263157894 0.9859649122807017 0.887719298245614 0.9859649122807017 0.8947368421052632 0.9894736842105263 0.8982456140350877 0.9894736842105263 0.9122807017543859 0.9859649122807017 0.9157894736842105 0.9894736842105263 0.9192982456140351 0.9894736842105263 0.9333333333333333 0.9964912280701754 0.9333333333333333
1 0.9824561403508771 0.7017543859649122 0.9824561403508771 0.712280701754386 0.9894736842105263 0.712280701754386 0.9964912280701754 0.7192982456140351 0.9964912280701754 0.7333333333333333 0.9964912280701754 0.7017543859649122
2 0.9192982456140351 0.007017543859649123 0.9087719298245615 0.007017543859649123 0.9087719298245615 0.017543859649122806 0.9122807017543859 0.021052631578947368 0.9122807017543859 0.042105263157894736 0.9017543859649123 0.05263157894736842 0.9017543859649123 0.056140350877192984 0.8947368421052632 0.06666666666666667 0.8947368421052632 0.07719298245614035 0.9017543859649123 0.08421052631578947 0.9017543859649123 0.0912280701754386 0.9052631578947369 0.0912280701754386 0.9087719298245615 0.09473684210526316 0.9087719298245615 0.09824561403508772 0.9157894736842105 0.10877192982456141 0.9122807017543859 0.11228070175438597 0.9122807017543859 0.12280701754385964 0.9087719298245615 0.12631578947368421 0.9087719298245615 0.15087719298245614 0.9157894736842105 0.15789473684210525 0.9157894736842105 0.16842105263157894 0.9122807017543859 0.17192982456140352 0.9122807017543859 0.1824561403508772 0.9087719298245615 0.18596491228070175 0.9087719298245615 0.20350877192982456 0.9122807017543859 0.20701754385964913 0.9122807017543859 0.21403508771929824 0.9263157894736842 0.22807017543859648 0.9368421052631579 0.22807017543859648 0.9473684210526315 0.23859649122807017 0.9473684210526315 0.24210526315789474 0.9508771929824561 0.24561403508771928 0.9508771929824561 0.25263157894736843 0.9543859649122807 0.256140350877193 0.9543859649122807 0.2596491228070175 0.9508771929824561 0.2631578947368421 0.9508771929824561 0.2912280701754386 0.9578947368421052 0.3017543859649123 0.9543859649122807 0.30526315789473685 0.9543859649122807 0.34035087719298246 0.9508771929824561 0.34385964912280703 0.9508771929824561 0.3508771929824561 0.9473684210526315 0.3543859649122807 0.9473684210526315 0.37543859649122807 0.9438596491228071 0.37894736842105264 0.9438596491228071 0.38596491228070173 0.9403508771929825 0.3894736842105263 0.9403508771929825 0.4105263157894737 0.9333333333333333 0.41754385964912283 0.9263157894736842 0.41754385964912283 0.9263157894736842 0.4245614035087719 0.9228070175438596 0.4280701754385965 0.9228070175438596 0.44912280701754387 0.9157894736842105 0.45964912280701753 0.9157894736842105 0.4666666666666667 0.9122807017543859 0.47017543859649125 0.9122807017543859 0.4807017543859649 0.9087719298245615 0.4842105263157895 0.9087719298245615 0.512280701754386 0.9122807017543859 0.5157894736842106 0.9122807017543859 0.5508771929824562 0.9087719298245615 0.5543859649122806 0.9087719298245615 0.5824561403508772 0.9122807017543859 0.5859649122807018 0.9087719298245615 0.5894736842105263 0.9087719298245615 0.6456140350877193 0.9157894736842105 0.656140350877193 0.9157894736842105 0.6842105263157895 0.9122807017543859 0.6877192982456141 0.9122807017543859 0.712280701754386 0.9157894736842105 0.7157894736842105 0.9157894736842105 0.7192982456140351 0.9228070175438596 0.7192982456140351 0.9263157894736842 0.7228070175438597 0.9333333333333333 0.7228070175438597 0.9368421052631579 0.7263157894736842 0.9438596491228071 0.7263157894736842 0.9578947368421052 0.7403508771929824 0.9578947368421052 0.7578947368421053 0.9649122807017544 0.7684210526315789 0.9578947368421052 0.7789473684210526 0.9578947368421052 0.7894736842105263 0.9543859649122807 0.7929824561403509 0.9508771929824561 0.7929824561403509 0.9403508771929825 0.8035087719298246 0.9403508771929825 0.8175438596491228 0.9438596491228071 0.8210526315789474 0.9438596491228071 0.8315789473684211 0.9368421052631579 0.8421052631578947 0.9368421052631579 0.8526315789473684 0.9403508771929825 0.856140350877193 0.9403508771929825 0.8631578947368421 0.9578947368421052 0.8771929824561403 0.9578947368421052 0.8947368421052632 0.9543859649122807 0.8982456140350877 0.9543859649122807 0.9017543859649123 0.9508771929824561 0.9052631578947369 0.9473684210526315 0.9157894736842105 0.9438596491228071 0.9192982456140351 0.9403508771929825 0.9192982456140351 0.9298245614035088 0.9298245614035088 0.8947368421052632 0.9298245614035088 0.8947368421052632 0.9333333333333333 0.887719298245614 0.9403508771929825 0.887719298245614 0.9473684210526315 0.8842105263157894 0.9508771929824561 0.8842105263157894 0.9614035087719298 0.887719298245614 0.9649122807017544 0.887719298245614 0.9719298245614035 0.8912280701754386 0.9754385964912281 0.8912280701754386 0.9789473684210527 0.8982456140350877 0.9859649122807017 0.8982456140350877 0.9894736842105263 0.9052631578947369 0.9894736842105263 0.9087719298245615 0.9859649122807017 0.9087719298245615 0.9789473684210527 0.9052631578947369 0.9754385964912281 0.9052631578947369 0.968421052631579 0.9122807017543859 0.9614035087719298 0.9298245614035088 0.9614035087719298 0.9333333333333333 0.9578947368421052 0.9543859649122807 0.9578947368421052 0.9614035087719298 0.9473684210526315 0.9614035087719298 0.9333333333333333 0.9649122807017544 0.9298245614035088 0.9754385964912281 0.9298245614035088 0.9789473684210527 0.9333333333333333 0.9859649122807017 0.9333333333333333 0.9859649122807017 0.9192982456140351 0.9824561403508771 0.9157894736842105 0.9859649122807017 0.9122807017543859 0.9859649122807017 0.8982456140350877 0.9824561403508771 0.8947368421052632 0.9824561403508771 0.887719298245614 0.9754385964912281 0.8771929824561403 0.9754385964912281 0.8631578947368421 0.9789473684210527 0.8596491228070176 0.9789473684210527 0.8456140350877193 0.9824561403508771 0.8421052631578947 0.9824561403508771 0.7964912280701755 0.9859649122807017 0.7929824561403509 0.9859649122807017 0.775438596491228 0.9894736842105263 0.7719298245614035 0.9894736842105263 0.7649122807017544 0.9929824561403509 0.7614035087719299 0.9929824561403509 0.7473684210526316 0.9964912280701754 0.743859649122807 0.9964912280701754 0.7368421052631579 0.9929824561403509 0.7333333333333333 0.9929824561403509 0.7192982456140351 0.9894736842105263 0.7157894736842105 0.9824561403508771 0.7157894736842105 0.9789473684210527 0.712280701754386 0.9789473684210527 0.6982456140350877 0.9754385964912281 0.6947368421052632 0.9754385964912281 0.6842105263157895 0.9719298245614035 0.6807017543859649 0.9754385964912281 0.6771929824561403 0.9894736842105263 0.6771929824561403 0.9894736842105263 0.6666666666666666 0.968421052631579 0.6666666666666666 0.9649122807017544 0.6631578947368421 0.9333333333333333 0.6631578947368421 0.9192982456140351 0.6491228070175439 0.9192982456140351 0.6210526315789474 0.9157894736842105 0.6175438596491228 0.9157894736842105 0.6105263157894737 0.9228070175438596 0.6 0.9228070175438596 0.5859649122807018 0.9192982456140351 0.5824561403508772 0.9192982456140351 0.5754385964912281 0.9228070175438596 0.5719298245614035 0.9228070175438596 0.5649122807017544 0.9263157894736842 0.5614035087719298 0.9263157894736842 0.5543859649122806 0.9298245614035088 0.5508771929824562 0.9333333333333333 0.5508771929824562 0.9368421052631579 0.5543859649122806 0.9473684210526315 0.5543859649122806 0.9508771929824561 0.5508771929824562 0.9508771929824561 0.543859649122807 0.9578947368421052 0.5368421052631579 0.9614035087719298 0.5368421052631579 0.9614035087719298 0.5333333333333333 0.9649122807017544 0.5298245614035088 0.9649122807017544 0.519298245614035 0.9614035087719298 0.519298245614035 0.9578947368421052 0.5157894736842106 0.9473684210526315 0.5157894736842106 0.9403508771929825 0.5087719298245614 0.9403508771929825 0.5017543859649123 0.9298245614035088 0.5017543859649123 0.9263157894736842 0.4982456140350877 0.9263157894736842 0.4807017543859649 0.9228070175438596 0.47719298245614034 0.9228070175438596 0.4631578947368421 0.9263157894736842 0.45964912280701753 0.9368421052631579 0.45964912280701753 0.9403508771929825 0.45614035087719296 0.9543859649122807 0.45614035087719296 0.9543859649122807 0.44912280701754387 0.9614035087719298 0.43859649122807015 0.9614035087719298 0.43157894736842106 0.9649122807017544 0.4280701754385965 0.9649122807017544 0.42105263157894735 0.968421052631579 0.41754385964912283 0.9754385964912281 0.41754385964912283 0.9754385964912281 0.38596491228070173 0.9719298245614035 0.3824561403508772 0.9754385964912281 0.37894736842105264 0.9754385964912281 0.35789473684210527 0.9824561403508771 0.3473684210526316 0.9824561403508771 0.312280701754386 0.9859649122807017 0.3087719298245614 0.9859649122807017 0.3017543859649123 0.9894736842105263 0.2982456140350877 0.9894736842105263 0.2807017543859649 0.9859649122807017 0.2771929824561403 0.9859649122807017 0.25263157894736843 0.9824561403508771 0.24912280701754386 0.9824561403508771 0.24561403508771928 0.9894736842105263 0.23859649122807017 0.9894736842105263 0.22456140350877193 0.9789473684210527 0.21754385964912282 0.9789473684210527 0.21403508771929824 0.9824561403508771 0.21052631578947367 0.9824561403508771 0.20350877192982456 0.9754385964912281 0.19649122807017544 0.9649122807017544 0.19649122807017544 0.9543859649122807 0.18947368421052632 0.9473684210526315 0.18947368421052632 0.9403508771929825 0.17894736842105263 0.9403508771929825 0.17192982456140352 0.9333333333333333 0.17192982456140352 0.9228070175438596 0.16140350877192983 0.9228070175438596 0.10877192982456141 0.9192982456140351 0.10526315789473684 0.9192982456140351 0.06315789473684211 0.9157894736842105 0.05964912280701754 0.9192982456140351 0.056140350877192984 0.9192982456140351 0.042105263157894736 0.9228070175438596 0.03859649122807018 0.9228070175438596 0.028070175438596492 0.9192982456140351 0.02456140350877193
2 0.3368421052631579 0.14385964912280702 0.3368421052631579 0.15087719298245614 0.34035087719298246 0.1543859649122807 0.3508771929824561 0.1543859649122807 0.3543859649122807 0.15087719298245614 0.4105263157894737 0.15087719298245614 0.41403508771929826 0.1543859649122807 0.4245614035087719 0.1543859649122807 0.4280701754385965 0.15789473684210525 0.43859649122807015 0.15789473684210525 0.4421052631578947 0.16140350877192983 0.45614035087719296 0.16140350877192983 0.45964912280701753 0.1649122807017544 0.4631578947368421 0.1649122807017544 0.4666666666666667 0.16842105263157894 0.47719298245614034 0.16842105263157894 0.4842105263157895 0.17543859649122806 0.48771929824561405 0.17543859649122806 0.49122807017543857 0.17894736842105263 0.4982456140350877 0.17894736842105263 0.4982456140350877 0.17192982456140352 0.49473684210526314 0.16842105263157894 0.49122807017543857 0.16842105263157894 0.4842105263157895 0.16140350877192983 0.47719298245614034 0.16140350877192983 0.47368421052631576 0.15789473684210525 0.4666666666666667 0.15789473684210525 0.4631578947368421 0.1543859649122807 0.44912280701754387 0.1543859649122807 0.4456140350877193 0.15087719298245614 0.43859649122807015 0.15087719298245614 0.43508771929824563 0.14736842105263157 0.42105263157894735 0.14736842105263157 0.41754385964912283 0.14385964912280702 0.3649122807017544 0.14385964912280702 0.36140350877192984 0.14035087719298245 0.3508771929824561 0.14035087719298245 0.3473684210526316 0.14385964912280702
2 0 0.5964912280701754 0 0.6070175438596491 0.0035087719298245615 0.6070175438596491 0.02456140350877193 0.6280701754385964 0.028070175438596492 0.6280701754385964 0.031578947368421054 0.631578947368421 0.03859649122807018 0.631578947368421 0.03859649122807018 0.624561403508772 0.03508771929824561 0.6210526315789474 0.031578947368421054 0.6210526315789474 0.02456140350877193 0.6140350877192983 0.02456140350877193 0.6105263157894737 0.014035087719298246 0.6 0.010526315789473684 0.6 0.007017543859649123 0.5964912280701754
2 0 0.6526315789473685 0 0.6701754385964912 0.007017543859649123 0.6771929824561403 0.014035087719298246 0.6771929824561403 0.014035087719298246 0.6701754385964912 0.007017543859649123 0.6631578947368421 0.007017543859649123 0.6596491228070176 0.0035087719298245615 0.656140350877193 0.0035087719298245615 0.6526315789473685