0 0.33858267716535434 0.03740157480314961 0.33858267716535434 0.14566929133858267 0.3405511811023622 0.14566929133858267 0.3425196850393701 0.14763779527559054 0.37401574803149606 0.14763779527559054 0.37598425196850394 0.14566929133858267 0.3779527559055118 0.14763779527559054 0.7086614173228346 0.14763779527559054 0.7086614173228346 0.14566929133858267 0.7106299212598425 0.1437007874015748 0.7106299212598425 0.1377952755905512 0.7086614173228346 0.13582677165354332 0.7086614173228346 0.13188976377952755 0.7106299212598425 0.12992125984251968 0.7106299212598425 0.1220472440944882 0.7086614173228346 0.12007874015748031 0.7086614173228346 0.11811023622047244 0.7106299212598425 0.11614173228346457 0.7086614173228346 0.1141732283464567 0.7086614173228346 0.11220472440944881 0.7106299212598425 0.11023622047244094 0.7106299212598425 0.03740157480314961 0.6515748031496063 0.03740157480314961 0.6496062992125984 0.03543307086614173 0.6377952755905512 0.03543307086614173 0.6358267716535433 0.03740157480314961 0.5216535433070866 0.03740157480314961 0.5196850393700787 0.03543307086614173 0.5039370078740157 0.03543307086614173 0.5019685039370079 0.03740157480314961 0.5 0.03740157480314961 0.49803149606299213 0.03543307086614173 0.4822834645669291 0.03543307086614173 0.48031496062992124 0.03740157480314961 0.4389763779527559 0.03740157480314961 0.43700787401574803 0.03543307086614173 0.3562992125984252 0.03543307086614173 0.3543307086614173 0.03740157480314961
0 0.5275590551181102 0.18110236220472442 0.5275590551181102 0.1968503937007874 0.5295275590551181 0.19881889763779528 0.5295275590551181 0.20078740157480315 0.5275590551181102 0.20275590551181102 0.5275590551181102 0.2047244094488189 0.5295275590551181 0.20669291338582677 0.5295275590551181 0.2125984251968504 0.5275590551181102 0.21456692913385828 0.5275590551181102 0.2204724409448819 0.5295275590551181 0.22244094488188976 0.5295275590551181 0.23818897637795275 0.5275590551181102 0.24015748031496062 0.5275590551181102 0.24803149606299213 0.5295275590551181 0.25 0.5295275590551181 0.28937007874015747 0.531496062992126 0.29133858267716534 0.5393700787401575 0.29133858267716534 0.5413385826771654 0.28937007874015747 0.5433070866141733 0.29133858267716534 0.5452755905511811 0.28937007874015747 0.547244094488189 0.28937007874015747 0.5492125984251969 0.29133858267716534 0.5551181102362205 0.29133858267716534 0.5570866141732284 0.28937007874015747 0.5590551181102362 0.28937007874015747 0.5610236220472441 0.29133858267716534 0.562992125984252 0.28937007874015747 0.7244094488188977 0.28937007874015747 0.7263779527559056 0.2874015748031496 0.8996062992125984 0.2874015748031496 0.9015748031496063 0.2854330708661417 0.9015748031496063 0.234251968503937 0.8996062992125984 0.23228346456692914 0.9015748031496063 0.23031496062992127 0.8996062992125984 0.2283464566929134 0.8996062992125984 0.2263779527559055 0.9015748031496063 0.22440944881889763 0.9015748031496063 0.22244094488188976 0.8996062992125984 0.2204724409448819 0.9015748031496063 0.21850393700787402 0.9015748031496063 0.20078740157480315 0.8996062992125984 0.19881889763779528 0.8996062992125984 0.1968503937007874 0.9015748031496063 0.19488188976377951 0.9015748031496063 0.1889763779527559 0.8996062992125984 0.18700787401574803 0.8996062992125984 0.17716535433070865 0.6968503937007874 0.17716535433070865 0.6948818897637795 0.17913385826771652 0.6496062992125984 0.17913385826771652 0.6476377952755905 0.17716535433070865 0.639763779527559 0.17716535433070865 0.6377952755905512 0.17913385826771652 0.5295275590551181 0.17913385826771652
0 0.1279527559055118 0.17913385826771652 0.1279527559055118 0.28937007874015747 0.1673228346456693 0.28937007874015747 0.16929133858267717 0.2874015748031496 0.17519685039370078 0.2874015748031496 0.17716535433070865 0.28937007874015747 0.17913385826771652 0.28937007874015747 0.18110236220472442 0.2874015748031496 0.1889763779527559 0.2874015748031496 0.19094488188976377 0.28937007874015747 0.2933070866141732 0.28937007874015747 0.2952755905511811 0.29133858267716534 0.31299212598425197 0.29133858267716534 0.31496062992125984 0.28937007874015747 0.3543307086614173 0.28937007874015747 0.3562992125984252 0.29133858267716534 0.36220472440944884 0.29133858267716534 0.3641732283464567 0.28937007874015747 0.36811023622047245 0.28937007874015747 0.3700787401574803 0.29133858267716534 0.3720472440944882 0.29133858267716534 0.37401574803149606 0.28937007874015747 0.3838582677165354 0.28937007874015747 0.3858267716535433 0.29133858267716534 0.4822834645669291 0.29133858267716534 0.484251968503937 0.28937007874015747 0.4862204724409449 0.28937007874015747 0.4881889763779528 0.29133858267716534 0.49803149606299213 0.29133858267716534 0.49803149606299213 0.22440944881889763 0.5 0.22244094488188976 0.49803149606299213 0.2204724409448819 0.49803149606299213 0.21850393700787402 0.5 0.21653543307086615 0.5 0.21456692913385828 0.49803149606299213 0.2125984251968504 0.5 0.2106299212598425 0.5 0.18110236220472442 0.4330708661417323 0.18110236220472442 0.4311023622047244 0.17913385826771652 0.4271653543307087 0.17913385826771652 0.4251968503937008 0.18110236220472442 0.38976377952755903 0.18110236220472442 0.38779527559055116 0.17913385826771652 0.22440944881889763 0.17913385826771652 0.22244094488188976 0.17716535433070865 0.2106299212598425 0.17716535433070865 0.20866141732283464 0.17913385826771652 0.1594488188976378 0.17913385826771652 0.15748031496062992 0.17716535433070865 0.14173228346456693 0.17716535433070865 0.13976377952755906 0.17913385826771652
0 0.9035433070866141 0.7381889763779528 0.8622047244094488 0.7381889763779528 0.860236220472441 0.7401574803149606 0.8169291338582677 0.7401574803149606 0.8149606299212598 0.7381889763779528 0.8090551181102362 0.7381889763779528 0.8070866141732284 0.7401574803149606 0.7952755905511811 0.7401574803149606 0.7933070866141733 0.7381889763779528 0.7775590551181102 0.7381889763779528 0.7755905511811023 0.7401574803149606 0.7736220472440944 0.7401574803149606 0.7716535433070866 0.7381889763779528 0.7696850393700787 0.7381889763779528 0.7677165354330708 0.7401574803149606 0.7637795275590551 0.7401574803149606 0.7618110236220472 0.7381889763779528 0.7598425196850394 0.7381889763779528 0.7578740157480315 0.7401574803149606 0.7559055118110236 0.7381889763779528 0.7263779527559056 0.7381889763779528 0.7244094488188977 0.7401574803149606 0.5807086614173228 0.7401574803149606 0.5787401574803149 0.7421259842519685 0.5767716535433071 0.7421259842519685 0.5748031496062992 0.7401574803149606 0.531496062992126 0.7401574803149606 0.531496062992126 0.7480314960629921 0.5334645669291339 0.75 0.5334645669291339 0.7539370078740157 0.531496062992126 0.7559055118110236 0.531496062992126 0.7618110236220472 0.5334645669291339 0.7637795275590551 0.531496062992126 0.765748031496063 0.531496062992126 0.7736220472440944 0.5334645669291339 0.7755905511811023 0.531496062992126 0.7775590551181102 0.531496062992126 0.797244094488189 0.5334645669291339 0.7992125984251969 0.5334645669291339 0.8011811023622047 0.531496062992126 0.8031496062992126 0.531496062992126 0.8090551181102362 0.5334645669291339 0.8110236220472441 0.531496062992126 0.812992125984252 0.5334645669291339 0.8149606299212598 0.5334645669291339 0.8188976377952756 0.531496062992126 0.8208661417322834 0.531496062992126 0.8248031496062992 0.5334645669291339 0.8267716535433071 0.5334645669291339 0.8503937007874016 0.6417322834645669 0.8503937007874016 0.6437007874015748 0.8484251968503937 0.6692913385826772 0.8484251968503937 0.6712598425196851 0.8503937007874016 0.6732283464566929 0.8484251968503937 0.7066929133858267 0.8484251968503937 0.7086614173228346 0.8503937007874016 0.7795275590551181 0.8503937007874016 0.781496062992126 0.8484251968503937 0.905511811023622 0.8484251968503937 0.905511811023622 0.844488188976378 0.9035433070866141 0.84251968503937 0.905511811023622 0.8405511811023622 0.905511811023622 0.7755905511811023 0.9035433070866141 0.7736220472440944
0 0.13188976377952755 0.46062992125984253 0.13188976377952755 0.5452755905511811 0.13385826771653545 0.547244094488189 0.13385826771653545 0.5688976377952756 0.13582677165354332 0.5708661417322834 0.16535433070866143 0.5708661417322834 0.1673228346456693 0.5688976377952756 0.20866141732283464 0.5688976377952756 0.2106299212598425 0.5708661417322834 0.21456692913385828 0.5708661417322834 0.21653543307086615 0.5688976377952756 0.27165354330708663 0.5688976377952756 0.2736220472440945 0.5708661417322834 0.2874015748031496 0.5708661417322834 0.28937007874015747 0.5688976377952756 0.421259842519685 0.5688976377952756 0.42322834645669294 0.5669291338582677 0.45866141732283466 0.5669291338582677 0.46062992125984253 0.5688976377952756 0.4881889763779528 0.5688976377952756 0.49015748031496065 0.5669291338582677 0.5039370078740157 0.5669291338582677 0.5039370078740157 0.45866141732283466 0.2952755905511811 0.45866141732283466 0.2933070866141732 0.46062992125984253 0.25393700787401574 0.46062992125984253 0.25196850393700787 0.45866141732283466 0.24015748031496062 0.45866141732283466 0.23818897637795275 0.46062992125984253
0 0.13188976377952755 0.7401574803149606 0.13188976377952755 0.7637795275590551 0.13385826771653545 0.7637795275590551 0.13582677165354332 0.765748031496063 0.13582677165354332 0.7696850393700787 0.1377952755905512 0.7696850393700787 0.13976377952755906 0.7716535433070866 0.13976377952755906 0.7755905511811023 0.1437007874015748 0.7755905511811023 0.14566929133858267 0.7775590551181102 0.14566929133858267 0.7834645669291339 0.1437007874015748 0.7854330708661418 0.13976377952755906 0.7854330708661418 0.1377952755905512 0.7834645669291339 0.1377952755905512 0.7795275590551181 0.13385826771653545 0.7795275590551181 0.13188976377952755 0.7775590551181102 0.13188976377952755 0.7716535433070866 0.13188976377952755 0.8484251968503937 0.23031496062992127 0.8484251968503937 0.23228346456692914 0.8503937007874016 0.234251968503937 0.8503937007874016 0.23622047244094488 0.8484251968503937 0.2677165354330709 0.8484251968503937 0.26968503937007876 0.8503937007874016 0.28937007874015747 0.8503937007874016 0.29133858267716534 0.8484251968503937 0.33070866141732286 0.8484251968503937 0.33267716535433073 0.8503937007874016 0.5019685039370079 0.8503937007874016 0.5019685039370079 0.8307086614173228 0.5039370078740157 0.8287401574803149 0.5039370078740157 0.8267716535433071 0.5019685039370079 0.8248031496062992 0.5039370078740157 0.8228346456692913 0.5039370078740157 0.7874015748031497 0.5019685039370079 0.7854330708661418 0.5039370078740157 0.7834645669291339 0.5039370078740157 0.7736220472440944 0.5019685039370079 0.7716535433070866 0.5039370078740157 0.7696850393700787 0.5039370078740157 0.75 0.5019685039370079 0.7480314960629921 0.5039370078740157 0.7460629921259843 0.5019685039370079 0.7440944881889764 0.5019685039370079 0.7421259842519685 0.4921259842519685 0.7421259842519685 0.49015748031496065 0.7401574803149606 0.2125984251968504 0.7401574803149606 0.2106299212598425 0.7381889763779528 0.20669291338582677 0.7381889763779528 0.2047244094488189 0.7401574803149606 0.19488188976377951 0.7401574803149606 0.19291338582677164 0.7381889763779528 0.18110236220472442 0.7381889763779528 0.17913385826771652 0.7401574803149606 0.17716535433070865 0.7401574803149606 0.17519685039370078 0.7381889763779528 0.15551181102362205 0.7381889763779528 0.15354330708661418 0.7401574803149606 0.14763779527559054 0.7401574803149606 0.14566929133858267 0.7381889763779528 0.13385826771653545 0.7381889763779528
0 0.33858267716535434 0.8858267716535433 0.33858267716535434 0.9192913385826772 0.33661417322834647 0.9212598425196851 0.33661417322834647 0.9232283464566929 0.33858267716535434 0.9251968503937008 0.33858267716535434 0.952755905511811 0.33661417322834647 0.9547244094488189 0.33661417322834647 0.9803149606299213 0.33858267716535434 0.9822834645669292 0.33858267716535434 0.9940944881889764 0.35039370078740156 0.9940944881889764 0.35236220472440943 0.9960629921259843 0.5216535433070866 0.9960629921259843 0.5236220472440944 0.9940944881889764 0.5255905511811023 0.9960629921259843 0.5551181102362205 0.9960629921259843 0.5551181102362205 0.9940944881889764 0.5610236220472441 0.9901574803149606 0.5669291338582677 0.9901574803149606 0.5728346456692913 0.9862204724409449 0.5767716535433071 0.9862204724409449 0.5787401574803149 0.9881889763779528 0.5826771653543307 0.984251968503937 0.5885826771653543 0.984251968503937 0.5905511811023622 0.9822834645669292 0.5964566929133859 0.9822834645669292 0.5984251968503937 0.9803149606299213 0.6456692913385826 0.9803149606299213 0.6476377952755905 0.9822834645669292 0.6476377952755905 0.9862204724409449 0.6437007874015748 0.9901574803149606 0.6338582677165354 0.9901574803149606 0.6318897637795275 0.9881889763779528 0.6279527559055118 0.9881889763779528 0.6259842519685039 0.9901574803149606 0.5964566929133859 0.9901574803149606 0.594488188976378 0.9921259842519685 0.5866141732283464 0.9921259842519685 0.5807086614173228 0.9960629921259843 0.5728346456692913 0.9960629921259843 0.7086614173228346 0.9960629921259843 0.7086614173228346 0.8858267716535433 0.5570866141732284 0.8858267716535433 0.5551181102362205 0.8838582677165354 0.5354330708661418 0.8838582677165354 0.5334645669291339 0.8858267716535433 0.5295275590551181 0.8858267716535433 0.5275590551181102 0.8838582677165354 0.5255905511811023 0.8838582677165354 0.5236220472440944 0.8858267716535433 0.484251968503937 0.8858267716535433 0.4822834645669291 0.8838582677165354 0.44291338582677164 0.8838582677165354 0.4409448818897638 0.8858267716535433 0.43700787401574803 0.8858267716535433 0.43503937007874016 0.8838582677165354 0.4311023622047244 0.8838582677165354 0.42913385826771655 0.8858267716535433 0.42322834645669294 0.8858267716535433 0.421259842519685 0.8838582677165354 0.41929133858267714 0.8838582677165354 0.41732283464566927 0.8858267716535433 0.41338582677165353 0.8858267716535433 0.41141732283464566 0.8838582677165354 0.38779527559055116 0.8838582677165354 0.3858267716535433 0.8858267716535433 0.3720472440944882 0.8858267716535433 0.3700787401574803 0.8838582677165354 0.36811023622047245 0.8838582677165354 0.3661417322834646 0.8858267716535433
0 0.5334645669291339 0.4625984251968504 0.5334645669291339 0.5492125984251969 0.531496062992126 0.5511811023622047 0.531496062992126 0.5570866141732284 0.5334645669291339 0.5590551181102362 0.5334645669291339 0.5708661417322834 0.639763779527559 0.5708661417322834 0.6417322834645669 0.5688976377952756 0.6515748031496063 0.5688976377952756 0.6535433070866141 0.5708661417322834 0.6751968503937008 0.5708661417322834 0.6771653543307087 0.5688976377952756 0.702755905511811 0.5688976377952756 0.7047244094488189 0.5708661417322834 0.7066929133858267 0.5688976377952756 0.7086614173228346 0.5688976377952756 0.7106299212598425 0.5708661417322834 0.7381889763779528 0.5708661417322834 0.7401574803149606 0.5688976377952756 0.75 0.5688976377952756 0.7519685039370079 0.5708661417322834 0.7539370078740157 0.5688976377952756 0.7696850393700787 0.5688976377952756 0.7716535433070866 0.5708661417322834 0.781496062992126 0.5708661417322834 0.7834645669291339 0.5688976377952756 0.84251968503937 0.5688976377952756 0.84251968503937 0.5669291338582677 0.8405511811023622 0.5649606299212598 0.8405511811023622 0.562992125984252 0.8385826771653543 0.5610236220472441 0.8385826771653543 0.5590551181102362 0.8346456692913385 0.5551181102362205 0.8346456692913385 0.5511811023622047 0.8307086614173228 0.5452755905511811 0.8307086614173228 0.5413385826771654 0.8248031496062992 0.5354330708661418 0.8248031496062992 0.5334645669291339 0.8188976377952756 0.5275590551181102 0.8188976377952756 0.5255905511811023 0.8169291338582677 0.5236220472440944 0.8169291338582677 0.5196850393700787 0.812992125984252 0.5137795275590551 0.812992125984252 0.5098425196850394 0.8090551181102362 0.5059055118110236 0.8090551181102362 0.5039370078740157 0.8070866141732284 0.5019685039370079 0.8070866141732284 0.49803149606299213 0.8090551181102362 0.49606299212598426 0.812992125984252 0.49606299212598426 0.8188976377952756 0.5019685039370079 0.8188976377952756 0.5059055118110236 0.8228346456692913 0.5098425196850394 0.8228346456692913 0.515748031496063 0.8248031496062992 0.5177165354330708 0.8248031496062992 0.5216535433070866 0.8267716535433071 0.5216535433070866 0.8326771653543307 0.5275590551181102 0.8326771653543307 0.531496062992126 0.8385826771653543 0.5374015748031497 0.8385826771653543 0.5393700787401575 0.8405511811023622 0.5413385826771654 0.8405511811023622 0.5452755905511811 0.84251968503937 0.547244094488189 0.84251968503937 0.5492125984251969 0.8464566929133859 0.5531496062992126 0.8464566929133859 0.5570866141732284 0.8484251968503937 0.5590551181102362 0.8484251968503937 0.5649606299212598 0.8503937007874016 0.5649606299212598 0.8523622047244095 0.562992125984252 0.8622047244094488 0.562992125984252 0.8661417322834646 0.5669291338582677 0.8661417322834646 0.5688976377952756 0.905511811023622 0.5688976377952756 0.905511811023622 0.46062992125984253 0.6161417322834646 0.46062992125984253 0.6141732283464567 0.4625984251968504 0.5866141732283464 0.4625984251968504 0.5846456692913385 0.46062992125984253 0.5708661417322834 0.46062992125984253 0.5688976377952756 0.4625984251968504 0.5610236220472441 0.4625984251968504 0.5590551181102362 0.46062992125984253 0.5433070866141733 0.46062992125984253 0.5413385826771654 0.4625984251968504
0 0.7086614173228346 0.6003937007874016 0.5905511811023622 0.6003937007874016 0.5885826771653543 0.5984251968503937 0.5748031496062992 0.5984251968503937 0.5728346456692913 0.6003937007874016 0.33858267716535434 0.6003937007874016 0.33858267716535434 0.6358267716535433 0.33661417322834647 0.6377952755905512 0.33661417322834647 0.6673228346456693 0.33858267716535434 0.6692913385826772 0.33858267716535434 0.6909448818897638 0.33661417322834647 0.6929133858267716 0.33661417322834647 0.7086614173228346 0.3484251968503937 0.7086614173228346 0.35039370078740156 0.7106299212598425 0.3641732283464567 0.7106299212598425 0.3661417322834646 0.7086614173228346 0.38779527559055116 0.7086614173228346 0.38976377952755903 0.7106299212598425 0.4271653543307087 0.7106299212598425 0.42913385826771655 0.7086614173228346 0.4547244094488189 0.7086614173228346 0.4566929133858268 0.7106299212598425 0.4763779527559055 0.7106299212598425 0.47834645669291337 0.7086614173228346 0.5196850393700787 0.7086614173228346 0.5216535433070866 0.7106299212598425 0.562992125984252 0.7106299212598425 0.5649606299212598 0.7086614173228346 0.6062992125984252 0.7086614173228346 0.6062992125984252 0.7066929133858267 0.6043307086614174 0.7047244094488189 0.6043307086614174 0.7007874015748031 0.6062992125984252 0.6988188976377953 0.6082677165354331 0.6929133858267716 0.6043307086614174 0.6889763779527559 0.6043307086614174 0.687007874015748 0.6003937007874016 0.6830708661417323 0.6003937007874016 0.6811023622047244 0.594488188976378 0.6771653543307087 0.594488188976378 0.6751968503937008 0.59251968503937 0.6732283464566929 0.59251968503937 0.6653543307086615 0.5905511811023622 0.6633858267716536 0.5905511811023622 0.6614173228346457 0.5866141732283464 0.65748031496063 0.5866141732283464 0.6535433070866141 0.5826771653543307 0.6535433070866141 0.5807086614173228 0.6515748031496063 0.5787401574803149 0.6456692913385826 0.5767716535433071 0.6456692913385826 0.5728346456692913 0.6417322834645669 0.5728346456692913 0.6377952755905512 0.5748031496062992 0.6358267716535433 0.5767716535433071 0.6299212598425197 0.5807086614173228 0.6259842519685039 0.5846456692913385 0.6259842519685039 0.5866141732283464 0.6279527559055118 0.5866141732283464 0.6338582677165354 0.5885826771653543 0.6358267716535433 0.5885826771653543 0.6437007874015748 0.594488188976378 0.6476377952755905 0.594488188976378 0.6515748031496063 0.5984251968503937 0.655511811023622 0.5984251968503937 0.65748031496063 0.6023622047244095 0.6633858267716536 0.6023622047244095 0.6712598425196851 0.6043307086614174 0.6712598425196851 0.6062992125984252 0.6692913385826772 0.6062992125984252 0.6673228346456693 0.6122047244094488 0.6614173228346457 0.6122047244094488 0.65748031496063 0.6141732283464567 0.655511811023622 0.6141732283464567 0.6515748031496063 0.6161417322834646 0.6496062992125984 0.6161417322834646 0.6456692913385826 0.6181102362204725 0.6437007874015748 0.6200787401574803 0.6377952755905512 0.6240157480314961 0.6338582677165354 0.6240157480314961 0.6299212598425197 0.6299212598425197 0.6240157480314961 0.6299212598425197 0.6141732283464567 0.6338582677165354 0.610236220472441 0.639763779527559 0.610236220472441 0.6417322834645669 0.6122047244094488 0.6417322834645669 0.6161417322834646 0.6437007874015748 0.6161417322834646 0.6456692913385826 0.6181102362204725 0.6456692913385826 0.6220472440944882 0.6358267716535433 0.6318897637795275 0.6338582677165354 0.6318897637795275 0.6318897637795275 0.6377952755905512 0.6279527559055118 0.6417322834645669 0.6279527559055118 0.6437007874015748 0.6240157480314961 0.6496062992125984 0.6240157480314961 0.6535433070866141 0.6220472440944882 0.655511811023622 0.6220472440944882 0.6594488188976378 0.6181102362204725 0.6653543307086615 0.6181102362204725 0.6692913385826772 0.6141732283464567 0.6751968503937008 0.6141732283464567 0.6811023622047244 0.6161417322834646 0.6830708661417323 0.6161417322834646 0.6850393700787402 0.6181102362204725 0.687007874015748 0.6181102362204725 0.6909448818897638 0.6220472440944882 0.6968503937007874 0.6220472440944882 0.7066929133858267 0.6240157480314961 0.7086614173228346 0.7106299212598425 0.7086614173228346 0.7106299212598425 0.702755905511811 0.7086614173228346 0.7007874015748031 0.7086614173228346 0.6948818897637795 0.7106299212598425 0.6929133858267716 0.7086614173228346 0.6909448818897638 0.7106299212598425 0.6889763779527559 0.7106299212598425 0.687007874015748 0.7086614173228346 0.6850393700787402 0.7086614173228346 0.6811023622047244 0.7106299212598425 0.6791338582677166 0.7106299212598425 0.6751968503937008 0.7086614173228346 0.6732283464566929 0.7106299212598425 0.6712598425196851 0.7086614173228346 0.6692913385826772 0.7086614173228346 0.6377952755905512 0.7106299212598425 0.6358267716535433 0.7106299212598425 0.6338582677165354 0.7086614173228346 0.6318897637795275 0.7086614173228346 0.6299212598425197 0.7106299212598425 0.6279527559055118 0.7106299212598425 0.6240157480314961 0.7086614173228346 0.6220472440944882
0 0.3464566929133858 0.4251968503937008 0.37598425196850394 0.4251968503937008 0.3779527559055118 0.42322834645669294 0.38188976377952755 0.42322834645669294 0.3838582677165354 0.4251968503937008 0.3858267716535433 0.42322834645669294 0.38779527559055116 0.42322834645669294 0.38976377952755903 0.4251968503937008 0.562992125984252 0.4251968503937008 0.5649606299212598 0.4271653543307087 0.5669291338582677 0.4271653543307087 0.5688976377952756 0.4251968503937008 0.6043307086614174 0.4251968503937008 0.6062992125984252 0.4271653543307087 0.6122047244094488 0.4271653543307087 0.6141732283464567 0.4251968503937008 0.6161417322834646 0.4271653543307087 0.6200787401574803 0.4271653543307087 0.6220472440944882 0.4251968503937008 0.6318897637795275 0.4251968503937008 0.6338582677165354 0.4271653543307087 0.6811023622047244 0.4271653543307087 0.6811023622047244 0.4251968503937008 0.6791338582677166 0.4251968503937008 0.6771653543307087 0.42322834645669294 0.6771653543307087 0.421259842519685 0.6751968503937008 0.41929133858267714 0.6751968503937008 0.41732283464566927 0.6732283464566929 0.41732283464566927 0.6692913385826772 0.41338582677165353 0.6692913385826772 0.4094488188976378 0.6653543307086615 0.40551181102362205 0.6653543307086615 0.4035433070866142 0.6614173228346457 0.39960629921259844 0.6614173228346457 0.39763779527559057 0.65748031496063 0.3937007874015748 0.65748031496063 0.39173228346456695 0.6476377952755905 0.39173228346456695 0.6456692913385826 0.38976377952755903 0.6456692913385826 0.3858267716535433 0.6476377952755905 0.3838582677165354 0.6594488188976378 0.3838582677165354 0.6614173228346457 0.3858267716535433 0.6614173228346457 0.38779527559055116 0.6633858267716536 0.38779527559055116 0.6673228346456693 0.39173228346456695 0.6673228346456693 0.3937007874015748 0.6692913385826772 0.39173228346456695 0.6771653543307087 0.39173228346456695 0.6771653543307087 0.38779527559055116 0.6791338582677166 0.3858267716535433 0.6850393700787402 0.3858267716535433 0.6909448818897638 0.3799212598425197 0.6909448818897638 0.3779527559055118 0.6968503937007874 0.3720472440944882 0.6929133858267716 0.36811023622047245 0.6929133858267716 0.3641732283464567 0.6948818897637795 0.36220472440944884 0.7007874015748031 0.36220472440944884 0.702755905511811 0.3641732283464567 0.702755905511811 0.3661417322834646 0.7047244094488189 0.3661417322834646 0.7086614173228346 0.3700787401574803 0.7165354330708661 0.3700787401574803 0.718503937007874 0.36811023622047245 0.718503937007874 0.35039370078740156 0.7204724409448819 0.3484251968503937 0.7204724409448819 0.32086614173228345 0.718503937007874 0.3188976377952756 0.718503937007874 0.3169291338582677 0.5905511811023622 0.3169291338582677 0.5885826771653543 0.31496062992125984 0.5767716535433071 0.31496062992125984 0.5748031496062992 0.3169291338582677 0.5649606299212598 0.3169291338582677 0.562992125984252 0.31496062992125984 0.5118110236220472 0.31496062992125984 0.5098425196850394 0.3169291338582677 0.4940944881889764 0.3169291338582677 0.4921259842519685 0.31496062992125984 0.3484251968503937 0.31496062992125984 0.3484251968503937 0.36220472440944884 0.3464566929133858 0.3641732283464567
0 0.7421259842519685 0.03543307086614173 0.7421259842519685 0.04330708661417323 0.7401574803149606 0.045275590551181105 0.7421259842519685 0.047244094488188976 0.7421259842519685 0.051181102362204724 0.7401574803149606 0.0531496062992126 0.7401574803149606 0.11811023622047244 0.7421259842519685 0.12007874015748031 0.7401574803149606 0.1220472440944882 0.7401574803149606 0.12401574803149606 0.7421259842519685 0.12598425196850394 0.7421259842519685 0.1279527559055118 0.7401574803149606 0.12992125984251968 0.7401574803149606 0.13582677165354332 0.7421259842519685 0.1377952755905512 0.7421259842519685 0.13976377952755906 0.7401574803149606 0.14173228346456693 0.7401574803149606 0.14566929133858267 0.7736220472440944 0.14566929133858267 0.7755905511811023 0.1437007874015748 0.7775590551181102 0.14566929133858267 0.9468503937007874 0.14566929133858267 0.9488188976377953 0.14763779527559054 0.9704724409448819 0.14763779527559054 0.9724409448818898 0.14566929133858267 0.9744094488188977 0.14566929133858267 0.9763779527559056 0.14763779527559054 0.9940944881889764 0.14763779527559054 0.9960629921259843 0.14566929133858267 0.9980314960629921 0.14566929133858267 0.9980314960629921 0.03543307086614173 0.9921259842519685 0.03543307086614173 0.9901574803149606 0.03740157480314961 0.9862204724409449 0.03740157480314961 0.984251968503937 0.03543307086614173 0.9271653543307087 0.03543307086614173 0.9251968503937008 0.03346456692913386 0.9114173228346457 0.03346456692913386 0.9094488188976378 0.03543307086614173 0.8149606299212598 0.03543307086614173 0.812992125984252 0.03346456692913386 0.8051181102362205 0.03346456692913386 0.8031496062992126 0.03543307086614173 0.8011811023622047 0.03543307086614173 0.7992125984251969 0.03346456692913386 0.7440944881889764 0.03346456692913386
0 0.7401574803149606 0.6043307086614174 0.7401574803149606 0.6161417322834646 0.7381889763779528 0.6181102362204725 0.7381889763779528 0.6220472440944882 0.7401574803149606 0.6240157480314961 0.7401574803149606 0.6338582677165354 0.7381889763779528 0.6358267716535433 0.7381889763779528 0.6496062992125984 0.7401574803149606 0.6515748031496063 0.7401574803149606 0.6535433070866141 0.7381889763779528 0.655511811023622 0.7381889763779528 0.7047244094488189 0.7401574803149606 0.7066929133858267 0.7401574803149606 0.7125984251968503 0.75 0.7125984251968503 0.7519685039370079 0.7145669291338582 0.781496062992126 0.7145669291338582 0.7834645669291339 0.7125984251968503 0.8917322834645669 0.7125984251968503 0.8937007874015748 0.7145669291338582 0.9094488188976378 0.7145669291338582 0.9114173228346457 0.7125984251968503 0.9409448818897638 0.7125984251968503 0.9429133858267716 0.7145669291338582 0.952755905511811 0.7145669291338582 0.9547244094488189 0.7125984251968503 0.9803149606299213 0.7125984251968503 0.9803149606299213 0.7106299212598425 0.9822834645669292 0.7086614173228346 0.9881889763779528 0.7086614173228346 0.9901574803149606 0.7066929133858267 0.9980314960629921 0.7066929133858267 0.9980314960629921 0.6043307086614174
0 0.7480314960629921 0.3779527559055118 0.7480314960629921 0.4251968503937008 0.8976377952755905 0.4251968503937008 0.8996062992125984 0.4271653543307087 0.9015748031496063 0.4271653543307087 0.9035433070866141 0.4251968503937008 0.905511811023622 0.4271653543307087 0.9094488188976378 0.4271653543307087 0.9114173228346457 0.4251968503937008 0.9921259842519685 0.4251968503937008 0.9940944881889764 0.4271653543307087 0.9980314960629921 0.4271653543307087 0.9980314960629921 0.3169291338582677 0.8287401574803149 0.3169291338582677 0.8267716535433071 0.31496062992125984 0.8149606299212598 0.31496062992125984 0.8149606299212598 0.3169291338582677 0.7992125984251969 0.33267716535433073 0.797244094488189 0.33267716535433073 0.7834645669291339 0.3464566929133858 0.781496062992126 0.3464566929133858 0.75 0.3779527559055118
0 0.7440944881889764 0.8838582677165354 0.7440944881889764 0.9114173228346457 0.7421259842519685 0.9133858267716536 0.7421259842519685 0.9409448818897638 0.7440944881889764 0.9429133858267716 0.7440944881889764 0.984251968503937 0.7421259842519685 0.9862204724409449 0.7421259842519685 0.9901574803149606 0.7440944881889764 0.9921259842519685 0.7440944881889764 0.9940944881889764 0.8051181102362205 0.9940944881889764 0.8070866141732284 0.9960629921259843 0.812992125984252 0.9960629921259843 0.8149606299212598 0.9940944881889764 0.8405511811023622 0.9940944881889764 0.84251968503937 0.9960629921259843 0.9389763779527559 0.9960629921259843 0.9389763779527559 0.9940944881889764 0.9429133858267716 0.9901574803149606 0.9448818897637795 0.9901574803149606 0.9488188976377953 0.9862204724409449 0.9488188976377953 0.984251968503937 0.9547244094488189 0.9783464566929134 0.9547244094488189 0.9763779527559056 0.9389763779527559 0.9606299212598425 0.9389763779527559 0.9586614173228346 0.937007874015748 0.9566929133858267 0.937007874015748 0.9547244094488189 0.9350393700787402 0.952755905511811 0.9350393700787402 0.9488188976377953 0.9330708661417323 0.9468503937007874 0.9330708661417323 0.9448818897637795 0.9311023622047244 0.9429133858267716 0.9311023622047244 0.9409448818897638 0.9271653543307087 0.937007874015748 0.9271653543307087 0.9350393700787402 0.9232283464566929 0.9311023622047244 0.9232283464566929 0.9291338582677166 0.9212598425196851 0.9271653543307087 0.9212598425196851 0.9251968503937008 0.9192913385826772 0.9232283464566929 0.9192913385826772 0.9212598425196851 0.9173228346456693 0.9192913385826772 0.9173228346456693 0.9173228346456693 0.9153543307086615 0.9153543307086615 0.9153543307086615 0.9114173228346457 0.9094488188976378 0.905511811023622 0.9094488188976378 0.9035433070866141 0.9035433070866141 0.9035433070866141 0.9015748031496063 0.9015748031496063 0.9015748031496063 0.8956692913385826 0.9035433070866141 0.8937007874015748 0.9133858267716536 0.8937007874015748 0.9173228346456693 0.889763779527559 0.9232283464566929 0.889763779527559 0.9271653543307087 0.8858267716535433 0.9291338582677166 0.8858267716535433 0.9311023622047244 0.8838582677165354 0.8858267716535433 0.8838582677165354 0.8838582677165354 0.8858267716535433 0.8779527559055118 0.8858267716535433 0.8759842519685039 0.8838582677165354 0.8740157480314961 0.8858267716535433 0.8681102362204725 0.8858267716535433 0.8661417322834646 0.8838582677165354 0.8582677165354331 0.8838582677165354 0.8562992125984252 0.8858267716535433 0.8326771653543307 0.8858267716535433 0.8307086614173228 0.8838582677165354
0 0.9311023622047244 0.17519685039370078 0.9291338582677166 0.17716535433070865 0.9291338582677166 0.18110236220472442 0.9311023622047244 0.1830708661417323 0.9291338582677166 0.18503937007874016 0.9291338582677166 0.18700787401574803 0.9311023622047244 0.1889763779527559 0.9311023622047244 0.19094488188976377 0.9291338582677166 0.19291338582677164 0.9311023622047244 0.19488188976377951 0.9311023622047244 0.1968503937007874 0.9291338582677166 0.19881889763779528 0.9311023622047244 0.20078740157480315 0.9311023622047244 0.2263779527559055 0.9291338582677166 0.2283464566929134 0.9291338582677166 0.2421259842519685 0.9311023622047244 0.2440944881889764 0.9291338582677166 0.24606299212598426 0.9291338582677166 0.2854330708661417 0.9901574803149606 0.2854330708661417 0.9921259842519685 0.2874015748031496 0.9980314960629921 0.2874015748031496 0.9980314960629921 0.17716535433070865 0.9881889763779528 0.17716535433070865 0.9862204724409449 0.17519685039370078
0 0.9350393700787402 0.45866141732283466 0.9330708661417323 0.46062992125984253 0.9330708661417323 0.4625984251968504 0.9350393700787402 0.4645669291338583 0.9350393700787402 0.48031496062992124 0.9330708661417323 0.4822834645669291 0.9330708661417323 0.4940944881889764 0.9350393700787402 0.49606299212598426 0.9330708661417323 0.49803149606299213 0.9330708661417323 0.5570866141732284 0.9350393700787402 0.5590551181102362 0.9330708661417323 0.5610236220472441 0.9330708661417323 0.5669291338582677 0.9488188976377953 0.5669291338582677 0.9507874015748031 0.5688976377952756 0.9625984251968503 0.5688976377952756 0.9645669291338582 0.5669291338582677 0.9980314960629921 0.5669291338582677 0.9980314960629921 0.45866141732283466
0 0.937007874015748 0.7421259842519685 0.937007874015748 0.7874015748031497 0.9350393700787402 0.7893700787401575 0.9350393700787402 0.7913385826771654 0.937007874015748 0.7933070866141733 0.9350393700787402 0.7952755905511811 0.937007874015748 0.797244094488189 0.937007874015748 0.8307086614173228 0.9350393700787402 0.8326771653543307 0.9350393700787402 0.8523622047244095 0.9980314960629921 0.8523622047244095 0.9980314960629921 0.7421259842519685
0 0.9192913385826772 0.8996062992125984 0.9232283464566929 0.9035433070866141 0.9232283464566929 0.90748031496063 0.9251968503937008 0.9094488188976378 0.9251968503937008 0.9114173228346457 0.9271653543307087 0.9133858267716536 0.9271653543307087 0.9153543307086615 0.9291338582677166 0.9173228346456693 0.9291338582677166 0.9192913385826772 0.9311023622047244 0.9212598425196851 0.9311023622047244 0.9232283464566929 0.9330708661417323 0.9251968503937008 0.9330708661417323 0.9271653543307087 0.937007874015748 0.9311023622047244 0.937007874015748 0.9330708661417323 0.9409448818897638 0.937007874015748 0.9409448818897638 0.9389763779527559 0.9429133858267716 0.9409448818897638 0.9429133858267716 0.9448818897637795 0.9448818897637795 0.9468503937007874 0.9448818897637795 0.9507874015748031 0.952755905511811 0.9586614173228346 0.952755905511811 0.9606299212598425 0.9645669291338582 0.9724409448818898 0.968503937007874 0.9724409448818898 0.9704724409448819 0.9744094488188977 0.9724409448818898 0.9744094488188977 0.9763779527559056 0.9783464566929134 0.9783464566929134 0.9783464566929134 0.9803149606299213 0.9763779527559056 0.984251968503937 0.9763779527559056 0.9862204724409449 0.9744094488188977 0.9881889763779528 0.9744094488188977 0.9901574803149606 0.9724409448818898 0.9940944881889764 0.9724409448818898 0.9960629921259843 0.9704724409448819 0.9980314960629921 0.9704724409448819 0.9980314960629921 0.8858267716535433 0.9783464566929134 0.8858267716535433 0.9763779527559056 0.8838582677165354 0.968503937007874 0.8838582677165354 0.9665354330708661 0.8858267716535433 0.9645669291338582 0.8838582677165354 0.9625984251968503 0.8838582677165354 0.9606299212598425 0.8858267716535433 0.9586614173228346 0.8858267716535433 0.9566929133858267 0.8838582677165354 0.952755905511811 0.8838582677165354 0.9507874015748031 0.8858267716535433 0.9488188976377953 0.8838582677165354 0.9468503937007874 0.8838582677165354 0.9448818897637795 0.8858267716535433 0.9429133858267716 0.8838582677165354 0.9409448818897638 0.8838582677165354 0.9409448818897638 0.8858267716535433 0.9350393700787402 0.8917322834645669 0.9330708661417323 0.8917322834645669 0.9271653543307087 0.8976377952755905 0.9251968503937008 0.8976377952755905 0.9232283464566929 0.8996062992125984
0 0.13385826771653545 0 0.13385826771653545 0.003937007874015748 0.13582677165354332 0.005905511811023622 0.17125984251968504 0.005905511811023622 0.1732283464566929 0.007874015748031496 0.1889763779527559 0.007874015748031496 0.19094488188976377 0.005905511811023622 0.19881889763779528 0.005905511811023622 0.20078740157480315 0.007874015748031496 0.20275590551181102 0.007874015748031496 0.2047244094488189 0.005905511811023622 0.23228346456692914 0.005905511811023622 0.234251968503937 0.007874015748031496 0.24606299212598426 0.007874015748031496 0.24803149606299213 0.005905511811023622 0.27165354330708663 0.005905511811023622 0.2736220472440945 0.007874015748031496 0.2755905511811024 0.005905511811023622 0.2874015748031496 0.005905511811023622 0.28937007874015747 0.007874015748031496 0.29133858267716534 0.005905511811023622 0.2933070866141732 0.007874015748031496 0.35826771653543305 0.007874015748031496 0.36023622047244097 0.005905511811023622 0.3661417322834646 0.005905511811023622 0.36811023622047245 0.007874015748031496 0.3779527559055118 0.007874015748031496 0.3799212598425197 0.005905511811023622 0.38188976377952755 0.007874015748031496 0.3838582677165354 0.005905511811023622 0.39173228346456695 0.005905511811023622 0.3937007874015748 0.007874015748031496 0.3956692913385827 0.005905511811023622 0.41141732283464566 0.005905511811023622 0.41338582677165353 0.007874015748031496 0.4153543307086614 0.005905511811023622 0.4251968503937008 0.005905511811023622 0.4271653543307087 0.007874015748031496 0.46062992125984253 0.007874015748031496 0.4625984251968504 0.005905511811023622 0.4645669291338583 0.007874015748031496 0.4822834645669291 0.007874015748031496 0.484251968503937 0.005905511811023622 0.4862204724409449 0.007874015748031496 0.5039370078740157 0.007874015748031496 0.5059055118110236 0.005905511811023622 0.5059055118110236 0
0 0.8031496062992126 0.31496062992125984 0.75 0.31496062992125984 0.7480314960629921 0.3169291338582677 0.7480314960629921 0.36811023622047245 0.765748031496063 0.35039370078740156 0.765748031496063 0.3484251968503937 0.7755905511811023 0.33858267716535434 0.7775590551181102 0.33858267716535434 0.7854330708661418 0.33070866141732286 0.7874015748031497 0.33070866141732286
0 0.7106299212598425 0.3779527559055118 0.7086614173228346 0.3799212598425197 0.702755905511811 0.3799212598425197 0.7007874015748031 0.38188976377952755 0.6988188976377953 0.38188976377952755 0.6988188976377953 0.3838582677165354 0.6929133858267716 0.38976377952755903 0.6929133858267716 0.39173228346456695 0.6889763779527559 0.3956692913385827 0.6889763779527559 0.39763779527559057 0.687007874015748 0.39960629921259844 0.6830708661417323 0.39960629921259844 0.6830708661417323 0.4015748031496063 0.6811023622047244 0.4035433070866142 0.6751968503937008 0.4035433070866142 0.6751968503937008 0.40551181102362205 0.6791338582677166 0.4094488188976378 0.6811023622047244 0.4094488188976378 0.6830708661417323 0.41141732283464566 0.6830708661417323 0.4153543307086614 0.6850393700787402 0.41732283464566927 0.6850393700787402 0.421259842519685 0.687007874015748 0.421259842519685 0.6889763779527559 0.42322834645669294 0.6889763779527559 0.4271653543307087 0.718503937007874 0.4271653543307087 0.718503937007874 0.41338582677165353 0.7204724409448819 0.41141732283464566 0.718503937007874 0.4094488188976378 0.7204724409448819 0.4074803149606299 0.718503937007874 0.40551181102362205 0.718503937007874 0.3956692913385827 0.7204724409448819 0.3937007874015748 0.7204724409448819 0.39173228346456695 0.718503937007874 0.38976377952755903 0.7165354330708661 0.38976377952755903 0.7145669291338582 0.38779527559055116 0.7145669291338582 0.3858267716535433 0.7125984251968503 0.3838582677165354 0.7125984251968503 0.3799212598425197
0 0.5354330708661418 0.001968503937007874 0.5433070866141733 0.001968503937007874 0.5452755905511811 0.003937007874015748 0.5570866141732284 0.003937007874015748 0.5590551181102362 0.001968503937007874 0.6043307086614174 0.001968503937007874 0.6062992125984252 0.003937007874015748 0.6141732283464567 0.003937007874015748 0.6161417322834646 0.001968503937007874 0.6181102362204725 0.001968503937007874 0.6200787401574803 0.003937007874015748 0.6220472440944882 0.003937007874015748 0.6240157480314961 0.001968503937007874 0.6259842519685039 0.001968503937007874 0.6279527559055118 0.003937007874015748 0.6299212598425197 0.001968503937007874 0.639763779527559 0.001968503937007874 0.6417322834645669 0.003937007874015748 0.6633858267716536 0.003937007874015748 0.6653543307086615 0.001968503937007874 0.6673228346456693 0.003937007874015748 0.6692913385826772 0.001968503937007874 0.6732283464566929 0.001968503937007874 0.6751968503937008 0.003937007874015748 0.6811023622047244 0.003937007874015748 0.6830708661417323 0.001968503937007874 0.7007874015748031 0.001968503937007874 0.702755905511811 0 0.7047244094488189 0.001968503937007874 0.7204724409448819 0.001968503937007874 0.7224409448818898 0.003937007874015748 0.7244094488188977 0.001968503937007874 0.7322834645669292 0.001968503937007874 0.734251968503937 0.003937007874015748 0.7362204724409449 0.003937007874015748 0.7381889763779528 0.001968503937007874 0.7775590551181102 0.001968503937007874 0.7795275590551181 0 0.7834645669291339 0 0.7854330708661418 0.001968503937007874 0.8346456692913385 0.001968503937007874 0.8366141732283464 0 0.8385826771653543 0.001968503937007874 0.8700787401574803 0.001968503937007874 0.8720472440944882 0 0.8740157480314961 0 0.8759842519685039 0.001968503937007874 0.889763779527559 0.001968503937007874 0.8917322834645669 0 0.8976377952755905 0 0.8996062992125984 0.001968503937007874 0.9015748031496063 0.001968503937007874 0.9035433070866141 0 0.90748031496063 0 0.5354330708661418 0
0 0.9409448818897638 0 0.9409448818897638 0.003937007874015748 0.9940944881889764 0.003937007874015748 0.9960629921259843 0.001968503937007874 0.9980314960629921 0.001968503937007874 0.9980314960629921 0
0 0.9980314960629921 0.9803149606299213 0.9960629921259843 0.9803149606299213 0.9940944881889764 0.9822834645669292 0.9921259842519685 0.9822834645669292 0.9901574803149606 0.984251968503937 0.9881889763779528 0.984251968503937 0.9862204724409449 0.9862204724409449 0.9803149606299213 0.9862204724409449 0.9783464566929134 0.9881889763779528 0.9783464566929134 0.9901574803149606 0.9763779527559056 0.9921259842519685 0.9763779527559056 0.9940944881889764 0.9744094488188977 0.9960629921259843 0.9980314960629921 0.9960629921259843
0 0.968503937007874 0.9862204724409449 0.9665354330708661 0.9862204724409449 0.9645669291338582 0.984251968503937 0.9625984251968503 0.984251968503937 0.9586614173228346 0.9881889763779528 0.9586614173228346 0.9901574803149606 0.952755905511811 0.9960629921259843 0.9645669291338582 0.9960629921259843 0.9645669291338582 0.9940944881889764 0.9665354330708661 0.9921259842519685 0.9665354330708661 0.9901574803149606 0.968503937007874 0.9881889763779528
1 0.31496062992125984 0.3169291338582677 0.2755905511811024 0.3169291338582677 0.2736220472440945 0.3188976377952756 0.26968503937007876 0.3188976377952756 0.265748031496063 0.3228346456692913 0.265748031496063 0.3248031496062992 0.2637795275590551 0.32677165354330706 0.2047244094488189 0.32677165354330706 0.20275590551181102 0.3248031496062992 0.19881889763779528 0.3248031496062992 0.1968503937007874 0.32677165354330706 0.19488188976377951 0.32677165354330706 0.19291338582677164 0.3248031496062992 0.18700787401574803 0.3248031496062992 0.18503937007874016 0.32677165354330706 0.13385826771653545 0.32677165354330706 0.13188976377952755 0.3248031496062992 0.12007874015748031 0.3248031496062992 0.11811023622047244 0.32677165354330706 0.06692913385826772 0.32677165354330706 0.0610236220472441 0.32086614173228345 0.05708661417322835 0.32086614173228345 0.05511811023622047 0.3188976377952756 0.04921259842519685 0.3188976377952756 0.04921259842519685 0.32086614173228345 0.045275590551181105 0.3248031496062992 0.045275590551181105 0.32677165354330706 0.04330708661417323 0.328740157480315 0.04330708661417323 0.33267716535433073 0.03937007874015748 0.33661417322834647 0.03937007874015748 0.33858267716535434 0.04133858267716536 0.3405511811023622 0.04133858267716536 0.34448818897637795 0.04330708661417323 0.3464566929133858 0.04330708661417323 0.35039370078740156 0.045275590551181105 0.35236220472440943 0.045275590551181105 0.3661417322834646 0.04921259842519685 0.3700787401574803 0.04921259842519685 0.3838582677165354 0.047244094488188976 0.3858267716535433 0.047244094488188976 0.38779527559055116 0.045275590551181105 0.38976377952755903 0.045275590551181105 0.39173228346456695 0.04330708661417323 0.3937007874015748 0.04330708661417323 0.40551181102362205 0.04133858267716536 0.4074803149606299 0.04133858267716536 0.4094488188976378 0.03937007874015748 0.41141732283464566 0.03937007874015748 0.4153543307086614 0.04133858267716536 0.41732283464566927 0.04133858267716536 0.421259842519685 0.04330708661417323 0.42322834645669294 0.04330708661417323 0.4251968503937008 0.045275590551181105 0.4271653543307087 0.045275590551181105 0.4311023622047244 0.047244094488188976 0.4330708661417323 0.1279527559055118 0.4330708661417323 0.12992125984251968 0.4311023622047244 0.13188976377952755 0.4330708661417323 0.2559055118110236 0.4330708661417323 0.2578740157480315 0.4311023622047244 0.2854330708661417 0.4311023622047244 0.2874015748031496 0.4330708661417323 0.29133858267716534 0.4330708661417323 0.2933070866141732 0.4311023622047244 0.31496062992125984 0.4311023622047244 0.31496062992125984 0.3464566929133858 0.3169291338582677 0.34448818897637795 0.3169291338582677 0.33267716535433073 0.31496062992125984 0.33070866141732286
1 0.03740157480314961 0.6062992125984252 0.03740157480314961 0.6181102362204725 0.03937007874015748 0.6200787401574803 0.03937007874015748 0.6220472440944882 0.04133858267716536 0.6240157480314961 0.04133858267716536 0.6299212598425197 0.04330708661417323 0.6318897637795275 0.04330708661417323 0.6417322834645669 0.04133858267716536 0.6437007874015748 0.04133858267716536 0.6456692913385826 0.03937007874015748 0.6476377952755905 0.04133858267716536 0.6496062992125984 0.04133858267716536 0.6515748031496063 0.04330708661417323 0.6535433070866141 0.04330708661417323 0.6633858267716536 0.045275590551181105 0.6653543307086615 0.045275590551181105 0.6791338582677166 0.04330708661417323 0.6811023622047244 0.04330708661417323 0.6889763779527559 0.04133858267716536 0.6909448818897638 0.04133858267716536 0.6948818897637795 0.03937007874015748 0.6968503937007874 0.03937007874015748 0.6988188976377953 0.04133858267716536 0.7007874015748031 0.04133858267716536 0.7047244094488189 0.045275590551181105 0.7086614173228346 0.047244094488188976 0.7086614173228346 0.04921259842519685 0.7106299212598425 0.04921259842519685 0.7125984251968503 0.0610236220472441 0.7125984251968503 0.0610236220472441 0.7106299212598425 0.06299212598425197 0.7086614173228346 0.06496062992125984 0.7086614173228346 0.06692913385826772 0.7066929133858267 0.07086614173228346 0.7066929133858267 0.07677165354330709 0.7125984251968503 0.30708661417322836 0.7125984251968503 0.30708661417322836 0.6358267716535433 0.3090551181102362 0.6338582677165354 0.3090551181102362 0.610236220472441 0.30708661417322836 0.6082677165354331 0.30708661417322836 0.5984251968503937 0.28346456692913385 0.5984251968503937 0.281496062992126 0.6003937007874016 0.27755905511811024 0.6003937007874016 0.2755905511811024 0.5984251968503937 0.265748031496063 0.5984251968503937 0.2637795275590551 0.6003937007874016 0.2618110236220472 0.6003937007874016 0.25393700787401574 0.6082677165354331 0.25 0.6082677165354331 0.24803149606299213 0.6062992125984252 0.23818897637795275 0.6062992125984252 0.23622047244094488 0.6082677165354331 0.234251968503937 0.6082677165354331 0.23228346456692914 0.6062992125984252 0.2204724409448819 0.6062992125984252 0.21850393700787402 0.6082677165354331 0.21456692913385828 0.6082677165354331 0.2125984251968504 0.6062992125984252 0.20866141732283464 0.6062992125984252 0.20669291338582677 0.6082677165354331 0.20275590551181102 0.6082677165354331 0.20078740157480315 0.6062992125984252 0.16141732283464566 0.6062992125984252 0.1594488188976378 0.6043307086614174 0.15551181102362205 0.6043307086614174 0.15354330708661418 0.6062992125984252 0.13582677165354332 0.6062992125984252 0.13385826771653545 0.6043307086614174 0.12992125984251968 0.6043307086614174 0.1279527559055118 0.6062992125984252 0.10039370078740158 0.6062992125984252 0.0984251968503937 0.6082677165354331 0.09645669291338582 0.6062992125984252 0.09055118110236221 0.6062992125984252 0.08858267716535433 0.6082677165354331 0.05905511811023622 0.6082677165354331 0.04921259842519685 0.5984251968503937 0.04133858267716536 0.5984251968503937 0.04133858267716536 0.6023622047244095
1 0.045275590551181105 0.04330708661417323 0.045275590551181105 0.04921259842519685 0.04330708661417323 0.051181102362204724 0.04330708661417323 0.06299212598425197 0.04133858267716536 0.06496062992125984 0.04133858267716536 0.07086614173228346 0.03937007874015748 0.07283464566929133 0.03937007874015748 0.08661417322834646 0.04133858267716536 0.08858267716535433 0.04133858267716536 0.1141732283464567 0.03937007874015748 0.11614173228346457 0.03937007874015748 0.12401574803149606 0.04133858267716536 0.12598425196850394 0.04133858267716536 0.1377952755905512 0.03937007874015748 0.13976377952755906 0.03937007874015748 0.14566929133858267 0.1437007874015748 0.14566929133858267 0.14566929133858267 0.14763779527559054 0.15551181102362205 0.14763779527559054 0.15748031496062992 0.14566929133858267 0.1594488188976378 0.14566929133858267 0.16141732283464566 0.14763779527559054 0.16535433070866143 0.14763779527559054 0.1673228346456693 0.14566929133858267 0.16929133858267717 0.14763779527559054 0.18503937007874016 0.14763779527559054 0.18700787401574803 0.14566929133858267 0.19881889763779528 0.14566929133858267 0.20078740157480315 0.14763779527559054 0.30118110236220474 0.14763779527559054 0.3031496062992126 0.14566929133858267 0.3051181102362205 0.14566929133858267 0.3051181102362205 0.1279527559055118 0.30708661417322836 0.12598425196850394 0.30708661417322836 0.04330708661417323 0.2874015748031496 0.04330708661417323 0.2854330708661417 0.04133858267716536 0.27755905511811024 0.04133858267716536 0.2755905511811024 0.04330708661417323 0.23031496062992127 0.04330708661417323 0.2283464566929134 0.04133858267716536 0.1062992125984252 0.04133858267716536 0.0984251968503937 0.03346456692913386 0.09645669291338582 0.03346456692913386 0.09448818897637795 0.031496062992125984 0.08858267716535433 0.031496062992125984 0.08464566929133858 0.03543307086614173 0.06692913385826772 0.03543307086614173 0.06496062992125984 0.03740157480314961 0.0610236220472441 0.03740157480314961 0.05905511811023622 0.03937007874015748 0.05708661417322835 0.03937007874015748 0.05511811023622047 0.04133858267716536 0.047244094488188976 0.04133858267716536
1 0.15354330708661418 0.90748031496063 0.15354330708661418 0.9094488188976378 0.1515748031496063 0.9114173228346457 0.1515748031496063 0.9133858267716536 0.14960629921259844 0.9153543307086615 0.14960629921259844 0.9212598425196851 0.14763779527559054 0.9232283464566929 0.14763779527559054 0.9271653543307087 0.14566929133858267 0.9291338582677166 0.14566929133858267 0.9330708661417323 0.1437007874015748 0.9350393700787402 0.1437007874015748 0.9389763779527559 0.14173228346456693 0.9409448818897638 0.14173228346456693 0.9468503937007874 0.1437007874015748 0.9488188976377953 0.1437007874015748 0.9507874015748031 0.14566929133858267 0.952755905511811 0.14566929133858267 0.9606299212598425 0.14763779527559054 0.9625984251968503 0.14763779527559054 0.968503937007874 0.14960629921259844 0.9704724409448819 0.14960629921259844 0.9724409448818898 0.15354330708661418 0.9763779527559056 0.15354330708661418 0.9862204724409449 0.15551181102362205 0.9881889763779528 0.15551181102362205 0.9921259842519685 0.3090551181102362 0.9921259842519685 0.3090551181102362 0.9783464566929134 0.3110236220472441 0.9763779527559056 0.3110236220472441 0.9350393700787402 0.3090551181102362 0.9330708661417323 0.3090551181102362 0.889763779527559 0.30708661417322836 0.8877952755905512 0.2992125984251969 0.8877952755905512 0.297244094488189 0.8858267716535433 0.2795275590551181 0.8858267716535433 0.27755905511811024 0.8877952755905512 0.27165354330708663 0.8877952755905512 0.26968503937007876 0.8858267716535433 0.2618110236220472 0.8858267716535433 0.25984251968503935 0.8877952755905512 0.2559055118110236 0.8877952755905512 0.25393700787401574 0.8858267716535433 0.2204724409448819 0.8858267716535433 0.21850393700787402 0.8877952755905512 0.21653543307086615 0.8877952755905512 0.21456692913385828 0.8858267716535433 0.2047244094488189 0.8858267716535433 0.20275590551181102 0.8877952755905512 0.20078740157480315 0.8858267716535433 0.1968503937007874 0.8858267716535433 0.1968503937007874 0.8937007874015748 0.19488188976377951 0.8956692913385826 0.19488188976377951 0.8976377952755905 0.19291338582677164 0.8996062992125984 0.1889763779527559 0.8996062992125984 0.18700787401574803 0.8976377952755905 0.18700787401574803 0.8877952755905512 0.1889763779527559 0.8858267716535433 0.19291338582677164 0.8858267716535433 0.18503937007874016 0.8858267716535433 0.1830708661417323 0.8877952755905512 0.17125984251968504 0.8877952755905512 0.17125984251968504 0.8917322834645669 0.16929133858267717 0.8937007874015748 0.16535433070866143 0.8937007874015748 0.16338582677165353 0.8956692913385826 0.16141732283464566 0.8956692913385826 0.1594488188976378 0.8976377952755905 0.1594488188976378 0.9015748031496063
1 0.051181102362204724 0.889763779527559 0.04921259842519685 0.8917322834645669 0.04921259842519685 0.9035433070866141 0.047244094488188976 0.905511811023622 0.047244094488188976 0.9094488188976378 0.045275590551181105 0.9114173228346457 0.045275590551181105 0.9153543307086615 0.04330708661417323 0.9173228346456693 0.04330708661417323 0.9212598425196851 0.04133858267716536 0.9232283464566929 0.04133858267716536 0.9783464566929134 0.04330708661417323 0.9803149606299213 0.04330708661417323 0.9940944881889764 0.1062992125984252 0.9940944881889764 0.10826771653543307 0.9921259842519685 0.14566929133858267 0.9921259842519685 0.14566929133858267 0.9803149606299213 0.14173228346456693 0.9803149606299213 0.12992125984251968 0.968503937007874 0.12992125984251968 0.9625984251968503 0.13385826771653545 0.9586614173228346 0.13188976377952755 0.9566929133858267 0.13188976377952755 0.9547244094488189 0.1279527559055118 0.9507874015748031 0.1279527559055118 0.9448818897637795 0.12598425196850394 0.9448818897637795 0.12401574803149606 0.9429133858267716 0.1220472440944882 0.9429133858267716 0.11811023622047244 0.9389763779527559 0.11811023622047244 0.9311023622047244 0.11614173228346457 0.9291338582677166 0.11614173228346457 0.9271653543307087 0.11023622047244094 0.9212598425196851 0.11023622047244094 0.9192913385826772 0.1062992125984252 0.9153543307086615 0.1062992125984252 0.9133858267716536 0.10433070866141732 0.9114173228346457 0.10039370078740158 0.9114173228346457 0.0984251968503937 0.9094488188976378 0.0984251968503937 0.9015748031496063 0.10039370078740158 0.8996062992125984 0.10236220472440945 0.8996062992125984 0.10236220472440945 0.8976377952755905 0.10433070866141732 0.8956692913385826 0.1062992125984252 0.8956692913385826 0.1062992125984252 0.8937007874015748 0.10826771653543307 0.8917322834645669 0.11220472440944881 0.8917322834645669 0.1141732283464567 0.8937007874015748 0.1141732283464567 0.8996062992125984 0.11614173228346457 0.9015748031496063 0.11614173228346457 0.90748031496063 0.1141732283464567 0.9094488188976378 0.11614173228346457 0.9094488188976378 0.12007874015748031 0.9133858267716536 0.12007874015748031 0.9173228346456693 0.12401574803149606 0.9212598425196851 0.12401574803149606 0.9232283464566929 0.12598425196850394 0.9251968503937008 0.12598425196850394 0.9271653543307087 0.1279527559055118 0.9291338582677166 0.1279527559055118 0.9330708661417323 0.13188976377952755 0.937007874015748 0.13188976377952755 0.9350393700787402 0.13385826771653545 0.9330708661417323 0.13385826771653545 0.9311023622047244 0.13582677165354332 0.9291338582677166 0.13582677165354332 0.9251968503937008 0.13976377952755906 0.9212598425196851 0.13976377952755906 0.9173228346456693 0.14173228346456693 0.9153543307086615 0.14173228346456693 0.90748031496063 0.1437007874015748 0.905511811023622 0.1437007874015748 0.9035433070866141 0.14566929133858267 0.9015748031496063 0.14566929133858267 0.8996062992125984 0.14960629921259844 0.8956692913385826 0.14960629921259844 0.8937007874015748 0.1515748031496063 0.8917322834645669 0.1515748031496063 0.889763779527559 0.15354330708661418 0.8877952755905512 0.15551181102362205 0.8877952755905512 0.14960629921259844 0.8877952755905512 0.14763779527559054 0.8858267716535433 0.13976377952755906 0.8858267716535433 0.1377952755905512 0.8877952755905512 0.13188976377952755 0.8877952755905512 0.12992125984251968 0.8858267716535433 0.1220472440944882 0.8858267716535433 0.12007874015748031 0.8877952755905512 0.11811023622047244 0.8858267716535433 0.1141732283464567 0.8858267716535433 0.11220472440944881 0.8877952755905512 0.09645669291338582 0.8877952755905512 0.09448818897637795 0.889763779527559 0.09251968503937008 0.889763779527559 0.09055118110236221 0.8877952755905512 0.08267716535433071 0.8877952755905512 0.08070866141732283 0.8858267716535433 0.07874015748031496 0.8877952755905512 0.07677165354330709 0.8877952755905512 0.07480314960629922 0.889763779527559
1 0.0531496062992126 0.45866141732283466 0.0531496062992126 0.4645669291338583 0.045275590551181105 0.47244094488188976 0.045275590551181105 0.4744094488188976 0.04133858267716536 0.47834645669291337 0.04133858267716536 0.49606299212598426 0.03937007874015748 0.49803149606299213 0.03937007874015748 0.5039370078740157 0.03740157480314961 0.5059055118110236 0.03740157480314961 0.5078740157480315 0.03543307086614173 0.5098425196850394 0.03543307086614173 0.5216535433070866 0.03937007874015748 0.5255905511811023 0.03937007874015748 0.5295275590551181 0.04133858267716536 0.531496062992126 0.04133858267716536 0.5334645669291339 0.04330708661417323 0.5354330708661418 0.04330708661417323 0.5374015748031497 0.045275590551181105 0.5393700787401575 0.045275590551181105 0.5531496062992126 0.04330708661417323 0.5551181102362205 0.04330708661417323 0.5590551181102362 0.04133858267716536 0.5610236220472441 0.04133858267716536 0.5708661417322834 0.10039370078740158 0.5708661417322834 0.10039370078740158 0.468503937007874 0.09055118110236221 0.468503937007874 0.08858267716535433 0.46653543307086615 0.07677165354330709 0.46653543307086615 0.0688976377952756 0.45866141732283466
1 0.06692913385826772 0.7421259842519685 0.06692913385826772 0.7440944881889764 0.05905511811023622 0.7519685039370079 0.05708661417322835 0.7519685039370079 0.05511811023622047 0.7539370078740157 0.0531496062992126 0.7539370078740157 0.04921259842519685 0.7578740157480315 0.04921259842519685 0.7598425196850394 0.045275590551181105 0.7637795275590551 0.045275590551181105 0.765748031496063 0.04133858267716536 0.7696850393700787 0.04133858267716536 0.7736220472440944 0.03937007874015748 0.7755905511811023 0.03937007874015748 0.7775590551181102 0.04133858267716536 0.7795275590551181 0.04133858267716536 0.781496062992126 0.04330708661417323 0.7834645669291339 0.04330708661417323 0.7874015748031497 0.04133858267716536 0.7893700787401575 0.04133858267716536 0.7913385826771654 0.03937007874015748 0.7933070866141733 0.03937007874015748 0.8149606299212598 0.04133858267716536 0.8169291338582677 0.04133858267716536 0.8228346456692913 0.04330708661417323 0.8248031496062992 0.04330708661417323 0.8307086614173228 0.04133858267716536 0.8326771653543307 0.04133858267716536 0.8366141732283464 0.03937007874015748 0.8385826771653543 0.03937007874015748 0.8503937007874016 0.04330708661417323 0.8543307086614174 0.04330708661417323 0.8562992125984252 0.051181102362204724 0.8562992125984252 0.0531496062992126 0.8543307086614174 0.05511811023622047 0.8543307086614174 0.05905511811023622 0.8503937007874016 0.0610236220472441 0.8503937007874016 0.06299212598425197 0.8484251968503937 0.06692913385826772 0.8523622047244095 0.0688976377952756 0.8523622047244095 0.07086614173228346 0.8543307086614174 0.10039370078740158 0.8543307086614174 0.10039370078740158 0.7539370078740157 0.08858267716535433 0.7421259842519685
1 0.047244094488188976 0.1732283464566929 0.045275590551181105 0.17519685039370078 0.04330708661417323 0.17519685039370078 0.04133858267716536 0.17716535433070865 0.04133858267716536 0.17913385826771652 0.03740157480314961 0.1830708661417323 0.03740157480314961 0.19094488188976377 0.04133858267716536 0.19488188976377951 0.04133858267716536 0.1968503937007874 0.04330708661417323 0.19881889763779528 0.04330708661417323 0.21850393700787402 0.045275590551181105 0.2204724409448819 0.045275590551181105 0.2283464566929134 0.047244094488188976 0.23031496062992127 0.047244094488188976 0.24606299212598426 0.045275590551181105 0.24803149606299213 0.045275590551181105 0.2578740157480315 0.04330708661417323 0.25984251968503935 0.04330708661417323 0.26968503937007876 0.04133858267716536 0.27165354330708663 0.04133858267716536 0.2755905511811024 0.04330708661417323 0.27755905511811024 0.04330708661417323 0.2795275590551181 0.045275590551181105 0.281496062992126 0.045275590551181105 0.2874015748031496 0.0984251968503937 0.2874015748031496 0.0984251968503937 0.18503937007874016 0.09645669291338582 0.1830708661417323 0.07283464566929133 0.1830708661417323 0.06496062992125984 0.17519685039370078 0.0610236220472441 0.17519685039370078 0.05905511811023622 0.1732283464566929
1 0.013779527559055118 0.8700787401574803 0.011811023622047244 0.8700787401574803 0.00984251968503937 0.8720472440944882 0 0.8720472440944882 0 0.9862204724409449 0.011811023622047244 0.9862204724409449 0.011811023622047244 0.984251968503937 0.013779527559055118 0.9822834645669292 0.013779527559055118 0.9783464566929134 0.011811023622047244 0.9763779527559056 0.011811023622047244 0.9586614173228346 0.013779527559055118 0.9566929133858267 0.013779527559055118 0.9507874015748031 0.015748031496062992 0.9488188976377953 0.015748031496062992 0.9271653543307087 0.013779527559055118 0.9251968503937008 0.013779527559055118 0.9212598425196851 0.011811023622047244 0.9192913385826772 0.011811023622047244 0.9035433070866141 0.013779527559055118 0.9015748031496063 0.013779527559055118 0.8996062992125984 0.015748031496062992 0.8976377952755905 0.015748031496062992 0.8956692913385826 0.017716535433070866 0.8937007874015748 0.017716535433070866 0.889763779527559 0.01968503937007874 0.8877952755905512 0.01968503937007874 0.8858267716535433 0.021653543307086614 0.8838582677165354 0.013779527559055118 0.8759842519685039
1 0 0.1673228346456693 0 0.2795275590551181 0.00984251968503937 0.2795275590551181 0.011811023622047244 0.27755905511811024 0.011811023622047244 0.27165354330708663 0.013779527559055118 0.26968503937007876 0.015748031496062992 0.26968503937007876 0.015748031496062992 0.2637795275590551 0.013779527559055118 0.2618110236220472 0.013779527559055118 0.25 0.015748031496062992 0.24803149606299213 0.015748031496062992 0.24606299212598426 0.017716535433070866 0.2440944881889764 0.017716535433070866 0.24015748031496062 0.01968503937007874 0.23818897637795275 0.01968503937007874 0.23031496062992127 0.017716535433070866 0.2283464566929134 0.017716535433070866 0.22244094488188976 0.015748031496062992 0.2204724409448819 0.015748031496062992 0.20078740157480315 0.013779527559055118 0.19881889763779528 0.013779527559055118 0.19291338582677164 0.011811023622047244 0.19094488188976377 0.011811023622047244 0.1889763779527559 0.00984251968503937 0.18700787401574803 0.00984251968503937 0.1830708661417323 0.007874015748031496 0.18110236220472442 0.007874015748031496 0.17519685039370078 0.00984251968503937 0.1732283464566929 0.00984251968503937 0.1673228346456693
1 0.015748031496062992 0.023622047244094488 0.007874015748031496 0.023622047244094488 0.005905511811023622 0.025590551181102362 0.003937007874015748 0.025590551181102362 0.001968503937007874 0.027559055118110236 0 0.027559055118110236 0 0.13582677165354332 0.005905511811023622 0.13582677165354332 0.007874015748031496 0.1377952755905512 0.00984251968503937 0.1377952755905512 0.00984251968503937 0.13582677165354332 0.011811023622047244 0.13385826771653545 0.011811023622047244 0.12007874015748031 0.013779527559055118 0.11811023622047244 0.013779527559055118 0.11220472440944881 0.015748031496062992 0.11023622047244094 0.013779527559055118 0.10826771653543307 0.013779527559055118 0.09251968503937008 0.011811023622047244 0.09055118110236221 0.011811023622047244 0.06299212598425197 0.013779527559055118 0.0610236220472441 0.013779527559055118 0.05708661417322835 0.015748031496062992 0.05511811023622047 0.015748031496062992 0.04921259842519685 0.017716535433070866 0.047244094488188976 0.017716535433070866 0.04330708661417323 0.01968503937007874 0.04133858267716536 0.01968503937007874 0.03740157480314961 0.017716535433070866 0.03543307086614173 0.017716535433070866 0.025590551181102362
1 0.013779527559055118 0.3090551181102362 0.007874015748031496 0.3090551181102362 0.005905511811023622 0.3110236220472441 0 0.3110236220472441 0 0.42322834645669294 0.013779527559055118 0.42322834645669294 0.013779527559055118 0.41732283464566927 0.011811023622047244 0.4153543307086614 0.011811023622047244 0.41141732283464566 0.00984251968503937 0.4094488188976378 0.00984251968503937 0.3937007874015748 0.013779527559055118 0.38976377952755903 0.013779527559055118 0.3779527559055118 0.015748031496062992 0.37598425196850394 0.015748031496062992 0.37401574803149606 0.017716535433070866 0.3720472440944882 0.017716535433070866 0.3641732283464567 0.01968503937007874 0.36220472440944884 0.01968503937007874 0.3562992125984252 0.017716535433070866 0.3543307086614173 0.017716535433070866 0.35039370078740156 0.015748031496062992 0.3484251968503937 0.015748031496062992 0.34448818897637795 0.013779527559055118 0.3425196850393701 0.013779527559055118 0.3346456692913386 0.011811023622047244 0.33267716535433073 0.011811023622047244 0.33070866141732286 0.00984251968503937 0.328740157480315 0.00984251968503937 0.3248031496062992 0.007874015748031496 0.3228346456692913 0.007874015748031496 0.3188976377952756 0.00984251968503937 0.3169291338582677 0.00984251968503937 0.31299212598425197
1 0 0.7322834645669292 0 0.8464566929133859 0.011811023622047244 0.8464566929133859 0.011811023622047244 0.8307086614173228 0.013779527559055118 0.8287401574803149 0.013779527559055118 0.8228346456692913 0.015748031496062992 0.8208661417322834 0.015748031496062992 0.8188976377952756 0.017716535433070866 0.8169291338582677 0.017716535433070866 0.8149606299212598 0.015748031496062992 0.812992125984252 0.015748031496062992 0.8110236220472441 0.013779527559055118 0.8090551181102362 0.013779527559055118 0.8070866141732284 0.011811023622047244 0.8051181102362205 0.011811023622047244 0.7913385826771654 0.013779527559055118 0.7893700787401575 0.013779527559055118 0.7874015748031497 0.015748031496062992 0.7854330708661418 0.015748031496062992 0.7775590551181102 0.013779527559055118 0.7755905511811023 0.013779527559055118 0.7716535433070866 0.011811023622047244 0.7696850393700787 0.011811023622047244 0.7480314960629921 0.015748031496062992 0.7440944881889764 0.013779527559055118 0.7440944881889764 0.011811023622047244 0.7421259842519685 0.00984251968503937 0.7421259842519685 0.003937007874015748 0.7362204724409449 0.003937007874015748 0.7322834645669292
1 0 0.594488188976378 0 0.702755905511811 0.017716535433070866 0.702755905511811 0.015748031496062992 0.702755905511811 0.013779527559055118 0.7007874015748031 0.013779527559055118 0.6929133858267716 0.011811023622047244 0.6909448818897638 0.011811023622047244 0.6751968503937008 0.013779527559055118 0.6732283464566929 0.013779527559055118 0.6692913385826772 0.015748031496062992 0.6673228346456693 0.015748031496062992 0.6653543307086615 0.017716535433070866 0.6633858267716536 0.017716535433070866 0.6614173228346457 0.015748031496062992 0.6594488188976378 0.015748031496062992 0.6535433070866141 0.013779527559055118 0.6515748031496063 0.013779527559055118 0.6496062992125984 0.011811023622047244 0.6476377952755905 0.011811023622047244 0.6181102362204725 0.00984251968503937 0.6161417322834646 0.00984251968503937 0.6043307086614174
1 0.001968503937007874 0.4468503937007874 0 0.44881889763779526 0 0.5610236220472441 0.00984251968503937 0.5610236220472441 0.00984251968503937 0.5551181102362205 0.011811023622047244 0.5531496062992126 0.011811023622047244 0.5511811023622047 0.013779527559055118 0.5492125984251969 0.013779527559055118 0.5433070866141733 0.011811023622047244 0.5413385826771654 0.011811023622047244 0.5393700787401575 0.00984251968503937 0.5374015748031497 0.00984251968503937 0.5196850393700787 0.007874015748031496 0.5177165354330708 0.007874015748031496 0.49606299212598426 0.00984251968503937 0.4940944881889764 0.00984251968503937 0.4921259842519685 0.011811023622047244 0.49015748031496065 0.011811023622047244 0.4862204724409449 0.013779527559055118 0.484251968503937 0.013779527559055118 0.47834645669291337 0.015748031496062992 0.4763779527559055 0.015748031496062992 0.46062992125984253 0.011811023622047244 0.4566929133858268 0.011811023622047244 0.4547244094488189 0.007874015748031496 0.4507874015748031 0.007874015748031496 0.4468503937007874
2 0.12007874015748031 0 0.0688976377952756 0 0.06496062992125984 0.003937007874015748 0.0531496062992126 0.005905511811023622 0.051181102362204724 0.007874015748031496 0.047244094488188976 0.007874015748031496 0.04133858267716536 0.003937007874015748 0.02952755905511811 0.003937007874015748 0.017716535433070866 0.011811023622047244 0.017716535433070866 0.023622047244094488 0.01968503937007874 0.025590551181102362 0.021653543307086614 0.04133858267716536 0.013779527559055118 0.06299212598425197 0.013779527559055118 0.09055118110236221 0.015748031496062992 0.09251968503937008 0.015748031496062992 0.10826771653543307 0.017716535433070866 0.11023622047244094 0.013779527559055118 0.12007874015748031 0.013779527559055118 0.13385826771653545 0.011811023622047244 0.13582677165354332 0.011811023622047244 0.15354330708661418 0.015748031496062992 0.16141732283464566 0.011811023622047244 0.16535433070866143 0.00984251968503937 0.18110236220472442 0.017716535433070866 0.20078740157480315 0.017716535433070866 0.2204724409448819 0.021653543307086614 0.23031496062992127 0.021653543307086614 0.23818897637795275 0.015748031496062992 0.25 0.017716535433070866 0.281496062992126 0.00984251968503937 0.2933070866141732 0.00984251968503937 0.30118110236220474 0.015748031496062992 0.3090551181102362 0.011811023622047244 0.31299212598425197 0.00984251968503937 0.3228346456692913 0.015748031496062992 0.3346456692913386 0.015748031496062992 0.3425196850393701 0.021653543307086614 0.3562992125984252 0.021653543307086614 0.36220472440944884 0.01968503937007874 0.3641732283464567 0.01968503937007874 0.3720472440944882 0.015748031496062992 0.3779527559055118 0.015748031496062992 0.38976377952755903 0.011811023622047244 0.3937007874015748 0.011811023622047244 0.4094488188976378 0.013779527559055118 0.41141732283464566 0.017716535433070866 0.4271653543307087 0.00984251968503937 0.43700787401574803 0.00984251968503937 0.4507874015748031 0.017716535433070866 0.46062992125984253 0.017716535433070866 0.4763779527559055 0.015748031496062992 0.47834645669291337 0.013779527559055118 0.49015748031496065 0.00984251968503937 0.49606299212598426 0.011811023622047244 0.5374015748031497 0.015748031496062992 0.5433070866141733 0.015748031496062992 0.5492125984251969 0.011811023622047244 0.5551181102362205 0.011811023622047244 0.562992125984252 0.013779527559055118 0.5649606299212598 0.005905511811023622 0.5728346456692913 0.001968503937007874 0.5728346456692913 0 0.5748031496062992 0 0.59251968503937 0.011811023622047244 0.6043307086614174 0.011811023622047244 0.6161417322834646 0.013779527559055118 0.6181102362204725 0.013779527559055118 0.6476377952755905 0.017716535433070866 0.6535433070866141 0.017716535433070866 0.6594488188976378 0.01968503937007874 0.6614173228346457 0.013779527559055118 0.6751968503937008 0.013779527559055118 0.6909448818897638 0.015748031496062992 0.6929133858267716 0.015748031496062992 0.7007874015748031 0.017716535433070866 0.7007874015748031 0.01968503937007874 0.7047244094488189 0.005905511811023622 0.7145669291338582 0.005905511811023622 0.7362204724409449 0.017716535433070866 0.7440944881889764 0.013779527559055118 0.7480314960629921 0.013779527559055118 0.7696850393700787 0.017716535433070866 0.7775590551181102 0.017716535433070866 0.7854330708661418 0.013779527559055118 0.7913385826771654 0.013779527559055118 0.8051181102362205 0.01968503937007874 0.8169291338582677 0.015748031496062992 0.8228346456692913 0.015748031496062992 0.8287401574803149 0.013779527559055118 0.8307086614173228 0.013779527559055118 0.8464566929133859 0.015748031496062992 0.8484251968503937 0.013779527559055118 0.8622047244094488 0.015748031496062992 0.8641732283464567 0.015748031496062992 0.8759842519685039 0.023622047244094488 0.8838582677165354 0.013779527559055118 0.9035433070866141 0.013779527559055118 0.9192913385826772 0.017716535433070866 0.9271653543307087 0.017716535433070866 0.9488188976377953 0.013779527559055118 0.9586614173228346 0.013779527559055118 0.9763779527559056 0.015748031496062992 0.9783464566929134 0.015748031496062992 0.9822834645669292 0.011811023622047244 0.9881889763779528 0.011811023622047244 0.9980314960629921 0.04133858267716536 0.9980314960629921 0.03937007874015748 0.9940944881889764 0.04133858267716536 0.9921259842519685 0.04133858267716536 0.9803149606299213 0.03937007874015748 0.9783464566929134 0.03937007874015748 0.9232283464566929 0.047244094488188976 0.9035433070866141 0.047244094488188976 0.8917322834645669 0.051181102362204724 0.8877952755905512 0.07480314960629922 0.8877952755905512 0.07874015748031496 0.8858267716535433 0.08267716535433071 0.8779527559055118 0.08267716535433071 0.8641732283464567 0.07874015748031496 0.860236220472441 0.06692913385826772 0.860236220472441 0.06496062992125984 0.8582677165354331 0.04330708661417323 0.860236220472441 0.04133858267716536 0.8582677165354331 0.04133858267716536 0.8543307086614174 0.03740157480314961 0.8503937007874016 0.03740157480314961 0.8385826771653543 0.04133858267716536 0.8307086614173228 0.04133858267716536 0.8248031496062992 0.03740157480314961 0.8149606299212598 0.03740157480314961 0.7933070866141733 0.04133858267716536 0.7874015748031497 0.04133858267716536 0.7834645669291339 0.03740157480314961 0.7755905511811023 0.047244094488188976 0.7578740157480315 0.06496062992125984 0.7440944881889764 0.06496062992125984 0.7303149606299213 0.05905511811023622 0.7244094488188977 0.04921259842519685 0.7244094488188977 0.047244094488188976 0.7224409448818898 0.047244094488188976 0.7106299212598425 0.03937007874015748 0.7047244094488189 0.03937007874015748 0.7007874015748031 0.03740157480314961 0.6988188976377953 0.04133858267716536 0.6889763779527559 0.04133858267716536 0.6811023622047244 0.04330708661417323 0.6791338582677166 0.04330708661417323 0.6653543307086615 0.04133858267716536 0.6633858267716536 0.04133858267716536 0.6535433070866141 0.03740157480314961 0.6476377952755905 0.04133858267716536 0.6417322834645669 0.04133858267716536 0.6318897637795275 0.03937007874015748 0.6299212598425197 0.03937007874015748 0.6240157480314961 0.03543307086614173 0.6181102362204725 0.03543307086614173 0.6062992125984252 0.03937007874015748 0.6023622047244095 0.03937007874015748 0.5964566929133859 0.04133858267716536 0.594488188976378 0.03937007874015748 0.5610236220472441 0.04330708661417323 0.5531496062992126 0.04330708661417323 0.5393700787401575 0.03740157480314961 0.5295275590551181 0.03740157480314961 0.5255905511811023 0.03346456692913386 0.5216535433070866 0.03346456692913386 0.5098425196850394 0.03740157480314961 0.5039370078740157 0.03740157480314961 0.49803149606299213 0.03937007874015748 0.49606299212598426 0.03937007874015748 0.47834645669291337 0.051181102362204724 0.4645669291338583 0.051181102362204724 0.4566929133858268 0.04330708661417323 0.4389763779527559 0.04330708661417323 0.4271653543307087 0.03740157480314961 0.4153543307086614 0.03740157480314961 0.41141732283464566 0.04133858267716536 0.40551181102362205 0.04133858267716536 0.3937007874015748 0.047244094488188976 0.3838582677165354 0.047244094488188976 0.3700787401574803 0.04330708661417323 0.3661417322834646 0.04330708661417323 0.35236220472440943 0.03740157480314961 0.33858267716535434 0.04133858267716536 0.33267716535433073 0.04330708661417323 0.3248031496062992 0.047244094488188976 0.32086614173228345 0.047244094488188976 0.3090551181102362 0.04330708661417323 0.3031496062992126 0.04330708661417323 0.281496062992126 0.03937007874015748 0.2755905511811024 0.04133858267716536 0.25984251968503935 0.04330708661417323 0.2578740157480315 0.04330708661417323 0.24803149606299213 0.045275590551181105 0.24606299212598426 0.045275590551181105 0.23031496062992127 0.04330708661417323 0.2283464566929134 0.04330708661417323 0.2204724409448819 0.04133858267716536 0.21850393700787402 0.04133858267716536 0.19881889763779528 0.03543307086614173 0.19094488188976377 0.03543307086614173 0.1830708661417323 0.04330708661417323 0.1732283464566929 0.04330708661417323 0.16929133858267717 0.045275590551181105 0.1673228346456693 0.045275590551181105 0.16338582677165353 0.04133858267716536 0.1594488188976378 0.04133858267716536 0.15551181102362205 0.03740157480314961 0.14960629921259844 0.03740157480314961 0.13976377952755906 0.03937007874015748 0.1377952755905512 0.03937007874015748 0.12598425196850394 0.03740157480314961 0.12401574803149606 0.03740157480314961 0.11614173228346457 0.03937007874015748 0.1141732283464567 0.03740157480314961 0.07283464566929133 0.04133858267716536 0.06299212598425197 0.04330708661417323 0.04330708661417323 0.047244094488188976 0.03937007874015748 0.05511811023622047 0.03937007874015748 0.06692913385826772 0.03346456692913386 0.08464566929133858 0.03346456692913386 0.09055118110236221 0.027559055118110236 0.09448818897637795 0.027559055118110236 0.11023622047244094 0.017716535433070866 0.11811023622047244 0.007874015748031496
2 0.9035433070866141 0.8956692913385826 0.9035433070866141 0.9015748031496063 0.9094488188976378 0.9015748031496063 0.9114173228346457 0.9035433070866141 0.9114173228346457 0.905511811023622 0.9173228346456693 0.9114173228346457 0.9173228346456693 0.9153543307086615 0.9192913385826772 0.9173228346456693 0.9192913385826772 0.9192913385826772 0.9212598425196851 0.9212598425196851 0.9212598425196851 0.9232283464566929 0.9232283464566929 0.9251968503937008 0.9232283464566929 0.9271653543307087 0.9251968503937008 0.9291338582677166 0.9251968503937008 0.9311023622047244 0.9291338582677166 0.9350393700787402 0.9291338582677166 0.937007874015748 0.9330708661417323 0.9409448818897638 0.9330708661417323 0.9429133858267716 0.9350393700787402 0.9448818897637795 0.9350393700787402 0.9468503937007874 0.937007874015748 0.9488188976377953 0.937007874015748 0.952755905511811 0.9389763779527559 0.9547244094488189 0.9389763779527559 0.9566929133858267 0.9409448818897638 0.9586614173228346 0.9409448818897638 0.9606299212598425 0.9566929133858267 0.9763779527559056 0.9566929133858267 0.9783464566929134 0.9507874015748031 0.984251968503937 0.9507874015748031 0.9862204724409449 0.9448818897637795 0.9921259842519685 0.9429133858267716 0.9921259842519685 0.9409448818897638 0.9940944881889764 0.9409448818897638 0.9980314960629921 0.9488188976377953 0.9980314960629921 0.9566929133858267 0.9901574803149606 0.9566929133858267 0.9881889763779528 0.9625984251968503 0.9822834645669292 0.9645669291338582 0.9822834645669292 0.9665354330708661 0.984251968503937 0.968503937007874 0.984251968503937 0.9704724409448819 0.9862204724409449 0.9704724409448819 0.9881889763779528 0.968503937007874 0.9901574803149606 0.968503937007874 0.9921259842519685 0.9665354330708661 0.9940944881889764 0.9665354330708661 0.9980314960629921 0.9724409448818898 0.9980314960629921 0.9724409448818898 0.9960629921259843 0.9744094488188977 0.9940944881889764 0.9744094488188977 0.9921259842519685 0.9763779527559056 0.9901574803149606 0.9763779527559056 0.9881889763779528 0.9803149606299213 0.984251968503937 0.9862204724409449 0.984251968503937 0.9881889763779528 0.9822834645669292 0.9901574803149606 0.9822834645669292 0.9921259842519685 0.9803149606299213 0.9940944881889764 0.9803149606299213 0.9960629921259843 0.9783464566929134 0.9980314960629921 0.9783464566929134 0.9980314960629921 0.9724409448818898 0.9960629921259843 0.9724409448818898 0.9940944881889764 0.9744094488188977 0.9901574803149606 0.9744094488188977 0.9881889763779528 0.9763779527559056 0.9862204724409449 0.9763779527559056 0.984251968503937 0.9783464566929134 0.9803149606299213 0.9783464566929134 0.9783464566929134 0.9803149606299213 0.9763779527559056 0.9803149606299213 0.9724409448818898 0.9763779527559056 0.9704724409448819 0.9763779527559056 0.968503937007874 0.9744094488188977 0.9645669291338582 0.9744094488188977 0.9507874015748031 0.9606299212598425 0.9507874015748031 0.9586614173228346 0.9429133858267716 0.9507874015748031 0.9429133858267716 0.9468503937007874 0.9409448818897638 0.9448818897637795 0.9409448818897638 0.9409448818897638 0.9389763779527559 0.9389763779527559 0.9389763779527559 0.937007874015748 0.9350393700787402 0.9330708661417323 0.9350393700787402 0.9311023622047244 0.9311023622047244 0.9271653543307087 0.9311023622047244 0.9251968503937008 0.9291338582677166 0.9232283464566929 0.9291338582677166 0.9212598425196851 0.9271653543307087 0.9192913385826772 0.9271653543307087 0.9173228346456693 0.9251968503937008 0.9153543307086615 0.9251968503937008 0.9133858267716536 0.9232283464566929 0.9114173228346457 0.9232283464566929 0.9094488188976378 0.9212598425196851 0.90748031496063 0.9212598425196851 0.9035433070866141 0.9173228346456693 0.8996062992125984 0.9192913385826772 0.8976377952755905 0.9232283464566929 0.8976377952755905 0.9251968503937008 0.8956692913385826 0.9271653543307087 0.8956692913385826 0.9330708661417323 0.889763779527559 0.9350393700787402 0.889763779527559 0.9389763779527559 0.8858267716535433 0.9389763779527559 0.8818897637795275 0.9330708661417323 0.8818897637795275 0.9330708661417323 0.8838582677165354 0.9291338582677166 0.8877952755905512 0.9271653543307087 0.8877952755905512 0.9232283464566929 0.8917322834645669 0.9173228346456693 0.8917322834645669 0.9133858267716536 0.8956692913385826
2 0.16929133858267717 0.8877952755905512 0.15748031496062992 0.8877952755905512 0.15551181102362205 0.889763779527559 0.15354330708661418 0.889763779527559 0.15354330708661418 0.8917322834645669 0.1515748031496063 0.8937007874015748 0.1515748031496063 0.8956692913385826 0.14763779527559054 0.8996062992125984 0.14763779527559054 0.9015748031496063 0.14566929133858267 0.9035433070866141 0.14566929133858267 0.905511811023622 0.1437007874015748 0.90748031496063 0.1437007874015748 0.9153543307086615 0.14173228346456693 0.9173228346456693 0.14173228346456693 0.9212598425196851 0.1377952755905512 0.9251968503937008 0.1377952755905512 0.9291338582677166 0.13582677165354332 0.9311023622047244 0.13582677165354332 0.9330708661417323 0.13385826771653545 0.9350393700787402 0.13385826771653545 0.937007874015748 0.13188976377952755 0.9389763779527559 0.12598425196850394 0.9330708661417323 0.12598425196850394 0.9291338582677166 0.12401574803149606 0.9271653543307087 0.12401574803149606 0.9251968503937008 0.1220472440944882 0.9232283464566929 0.1220472440944882 0.9212598425196851 0.11811023622047244 0.9173228346456693 0.11811023622047244 0.9133858267716536 0.11614173228346457 0.9114173228346457 0.1141732283464567 0.9114173228346457 0.11220472440944881 0.9094488188976378 0.1141732283464567 0.90748031496063 0.1141732283464567 0.9015748031496063 0.11220472440944881 0.8996062992125984 0.11220472440944881 0.8937007874015748 0.10826771653543307 0.8937007874015748 0.10826771653543307 0.8956692913385826 0.1062992125984252 0.8976377952755905 0.10433070866141732 0.8976377952755905 0.10433070866141732 0.8996062992125984 0.10236220472440945 0.9015748031496063 0.10039370078740158 0.9015748031496063 0.10039370078740158 0.9094488188976378 0.10433070866141732 0.9094488188976378 0.10826771653543307 0.9133858267716536 0.10826771653543307 0.9153543307086615 0.11220472440944881 0.9192913385826772 0.11220472440944881 0.9212598425196851 0.11811023622047244 0.9271653543307087 0.11811023622047244 0.9291338582677166 0.12007874015748031 0.9311023622047244 0.12007874015748031 0.9389763779527559 0.1220472440944882 0.9409448818897638 0.12401574803149606 0.9409448818897638 0.12598425196850394 0.9429133858267716 0.1279527559055118 0.9429133858267716 0.12992125984251968 0.9448818897637795 0.12992125984251968 0.9507874015748031 0.13385826771653545 0.9547244094488189 0.13385826771653545 0.9566929133858267 0.13582677165354332 0.9586614173228346 0.13188976377952755 0.9625984251968503 0.13188976377952755 0.968503937007874 0.14173228346456693 0.9783464566929134 0.14566929133858267 0.9783464566929134 0.14763779527559054 0.9803149606299213 0.14763779527559054 0.9921259842519685 0.15354330708661418 0.9921259842519685 0.15354330708661418 0.9881889763779528 0.1515748031496063 0.9862204724409449 0.1515748031496063 0.9763779527559056 0.14763779527559054 0.9724409448818898 0.14763779527559054 0.9704724409448819 0.14566929133858267 0.968503937007874 0.14566929133858267 0.9625984251968503 0.1437007874015748 0.9606299212598425 0.1437007874015748 0.952755905511811 0.14173228346456693 0.9507874015748031 0.14173228346456693 0.9488188976377953 0.13976377952755906 0.9468503937007874 0.13976377952755906 0.9409448818897638 0.14173228346456693 0.9389763779527559 0.14173228346456693 0.9350393700787402 0.1437007874015748 0.9330708661417323 0.1437007874015748 0.9291338582677166 0.14566929133858267 0.9271653543307087 0.14566929133858267 0.9232283464566929 0.14763779527559054 0.9212598425196851 0.14763779527559054 0.9153543307086615 0.14960629921259844 0.9133858267716536 0.14960629921259844 0.9114173228346457 0.1515748031496063 0.9094488188976378 0.1515748031496063 0.90748031496063 0.15748031496062992 0.9015748031496063 0.15748031496062992 0.8976377952755905 0.16141732283464566 0.8937007874015748 0.16338582677165353 0.8937007874015748 0.16535433070866143 0.8917322834645669 0.16929133858267717 0.8917322834645669
2 0.639763779527559 0.6122047244094488 0.6338582677165354 0.6122047244094488 0.6318897637795275 0.6141732283464567 0.6318897637795275 0.6240157480314961 0.6259842519685039 0.6299212598425197 0.6259842519685039 0.6338582677165354 0.6220472440944882 0.6377952755905512 0.6220472440944882 0.639763779527559 0.6200787401574803 0.6417322834645669 0.6200787401574803 0.6437007874015748 0.6181102362204725 0.6456692913385826 0.6181102362204725 0.6496062992125984 0.6161417322834646 0.6515748031496063 0.6161417322834646 0.655511811023622 0.6141732283464567 0.65748031496063 0.6141732283464567 0.6614173228346457 0.6082677165354331 0.6673228346456693 0.6082677165354331 0.6692913385826772 0.6043307086614174 0.6732283464566929 0.6023622047244095 0.6732283464566929 0.6003937007874016 0.6712598425196851 0.6003937007874016 0.6633858267716536 0.5984251968503937 0.6614173228346457 0.5984251968503937 0.6594488188976378 0.5964566929133859 0.65748031496063 0.5964566929133859 0.655511811023622 0.59251968503937 0.6515748031496063 0.59251968503937 0.6476377952755905 0.5905511811023622 0.6476377952755905 0.5866141732283464 0.6437007874015748 0.5866141732283464 0.6358267716535433 0.5846456692913385 0.6338582677165354 0.5846456692913385 0.6279527559055118 0.5807086614173228 0.6279527559055118 0.5787401574803149 0.6299212598425197 0.5787401574803149 0.6318897637795275 0.5767716535433071 0.6338582677165354 0.5767716535433071 0.6358267716535433 0.5748031496062992 0.6377952755905512 0.5748031496062992 0.6417322834645669 0.5767716535433071 0.6437007874015748 0.5787401574803149 0.6437007874015748 0.5807086614173228 0.6456692913385826 0.5807086614173228 0.6476377952755905 0.5826771653543307 0.6496062992125984 0.5826771653543307 0.6515748031496063 0.5866141732283464 0.6515748031496063 0.5885826771653543 0.6535433070866141 0.5885826771653543 0.65748031496063 0.59251968503937 0.6614173228346457 0.59251968503937 0.6633858267716536 0.594488188976378 0.6653543307086615 0.594488188976378 0.6732283464566929 0.5964566929133859 0.6751968503937008 0.5964566929133859 0.6771653543307087 0.5984251968503937 0.6771653543307087 0.6023622047244095 0.6811023622047244 0.6023622047244095 0.6830708661417323 0.6062992125984252 0.687007874015748 0.6062992125984252 0.6889763779527559 0.610236220472441 0.6929133858267716 0.610236220472441 0.6948818897637795 0.6082677165354331 0.6968503937007874 0.6082677165354331 0.6988188976377953 0.6062992125984252 0.7007874015748031 0.6062992125984252 0.7047244094488189 0.6082677165354331 0.7066929133858267 0.6082677165354331 0.7086614173228346 0.610236220472441 0.7106299212598425 0.6122047244094488 0.7106299212598425 0.6141732283464567 0.7125984251968503 0.6220472440944882 0.7125984251968503 0.6220472440944882 0.7086614173228346 0.6200787401574803 0.7066929133858267 0.6200787401574803 0.6968503937007874 0.6181102362204725 0.6948818897637795 0.6181102362204725 0.6929133858267716 0.6161417322834646 0.6909448818897638 0.6161417322834646 0.687007874015748 0.6141732283464567 0.6850393700787402 0.6141732283464567 0.6830708661417323 0.6122047244094488 0.6811023622047244 0.6122047244094488 0.6751968503937008 0.6141732283464567 0.6732283464566929 0.6141732283464567 0.6712598425196851 0.6161417322834646 0.6692913385826772 0.6161417322834646 0.6653543307086615 0.6181102362204725 0.6633858267716536 0.6181102362204725 0.6614173228346457 0.6200787401574803 0.6594488188976378 0.6200787401574803 0.655511811023622 0.6220472440944882 0.6535433070866141 0.6220472440944882 0.6496062992125984 0.6240157480314961 0.6476377952755905 0.6240157480314961 0.6456692913385826 0.6259842519685039 0.6437007874015748 0.6259842519685039 0.6417322834645669 0.6299212598425197 0.6377952755905512 0.6299212598425197 0.6358267716535433 0.6318897637795275 0.6338582677165354 0.6318897637795275 0.6318897637795275 0.6338582677165354 0.6299212598425197 0.6358267716535433 0.6299212598425197 0.6437007874015748 0.6220472440944882 0.6437007874015748 0.6181102362204725 0.6417322834645669 0.6181102362204725 0.639763779527559 0.6161417322834646
2 0.7224409448818898 0.3700787401574803 0.718503937007874 0.3700787401574803 0.7165354330708661 0.3720472440944882 0.7086614173228346 0.3720472440944882 0.7047244094488189 0.36811023622047245 0.702755905511811 0.36811023622047245 0.7007874015748031 0.3661417322834646 0.7007874015748031 0.3641732283464567 0.6948818897637795 0.3641732283464567 0.6948818897637795 0.36811023622047245 0.6988188976377953 0.3720472440944882 0.6929133858267716 0.3779527559055118 0.6929133858267716 0.3799212598425197 0.6850393700787402 0.38779527559055116 0.6791338582677166 0.38779527559055116 0.6791338582677166 0.39173228346456695 0.6771653543307087 0.3937007874015748 0.6692913385826772 0.3937007874015748 0.6673228346456693 0.3956692913385827 0.6653543307086615 0.3937007874015748 0.6653543307086615 0.39173228346456695 0.6633858267716536 0.38976377952755903 0.6614173228346457 0.38976377952755903 0.6594488188976378 0.38779527559055116 0.6594488188976378 0.3858267716535433 0.6476377952755905 0.3858267716535433 0.6476377952755905 0.38976377952755903 0.65748031496063 0.38976377952755903 0.6594488188976378 0.39173228346456695 0.6594488188976378 0.3937007874015748 0.6633858267716536 0.39763779527559057 0.6633858267716536 0.39960629921259844 0.6673228346456693 0.4035433070866142 0.6673228346456693 0.40551181102362205 0.6712598425196851 0.4094488188976378 0.6712598425196851 0.41338582677165353 0.6732283464566929 0.4153543307086614 0.6751968503937008 0.4153543307086614 0.6771653543307087 0.41732283464566927 0.6771653543307087 0.41929133858267714 0.6791338582677166 0.421259842519685 0.6791338582677166 0.42322834645669294 0.6811023622047244 0.42322834645669294 0.6830708661417323 0.4251968503937008 0.6830708661417323 0.4271653543307087 0.687007874015748 0.4271653543307087 0.687007874015748 0.42322834645669294 0.6850393700787402 0.42322834645669294 0.6830708661417323 0.421259842519685 0.6830708661417323 0.41732283464566927 0.6811023622047244 0.4153543307086614 0.6811023622047244 0.41141732283464566 0.6791338582677166 0.41141732283464566 0.6732283464566929 0.40551181102362205 0.6732283464566929 0.4035433070866142 0.6751968503937008 0.4015748031496063 0.6811023622047244 0.4015748031496063 0.6811023622047244 0.39960629921259844 0.6830708661417323 0.39763779527559057 0.687007874015748 0.39763779527559057 0.687007874015748 0.3956692913385827 0.6909448818897638 0.39173228346456695 0.6909448818897638 0.38976377952755903 0.6968503937007874 0.3838582677165354 0.6968503937007874 0.38188976377952755 0.6988188976377953 0.3799212598425197 0.7007874015748031 0.3799212598425197 0.702755905511811 0.3779527559055118 0.7086614173228346 0.3779527559055118 0.7106299212598425 0.37598425196850394 0.7145669291338582 0.3799212598425197 0.7145669291338582 0.3838582677165354 0.7165354330708661 0.3858267716535433 0.7165354330708661 0.38779527559055116 0.7224409448818898 0.38779527559055116 0.7224409448818898 0.38188976377952755 0.718503937007874 0.3779527559055118 0.7224409448818898 0.37401574803149606
2 0.8090551181102362 0.49803149606299213 0.8090551181102362 0.5019685039370079 0.8110236220472441 0.5039370078740157 0.8110236220472441 0.5059055118110236 0.8149606299212598 0.5098425196850394 0.8149606299212598 0.5137795275590551 0.8169291338582677 0.515748031496063 0.8169291338582677 0.5177165354330708 0.8188976377952756 0.5196850393700787 0.8188976377952756 0.5236220472440944 0.8208661417322834 0.5255905511811023 0.8208661417322834 0.5275590551181102 0.8267716535433071 0.5334645669291339 0.8267716535433071 0.5354330708661418 0.8326771653543307 0.5413385826771654 0.8326771653543307 0.5452755905511811 0.8346456692913385 0.547244094488189 0.8346456692913385 0.5492125984251969 0.8366141732283464 0.5511811023622047 0.8366141732283464 0.5551181102362205 0.8405511811023622 0.5590551181102362 0.8405511811023622 0.5610236220472441 0.84251968503937 0.562992125984252 0.84251968503937 0.5649606299212598 0.844488188976378 0.5669291338582677 0.844488188976378 0.5708661417322834 0.8523622047244095 0.5708661417322834 0.8543307086614174 0.5688976377952756 0.8562992125984252 0.5688976377952756 0.860236220472441 0.5728346456692913 0.8641732283464567 0.5728346456692913 0.8641732283464567 0.5669291338582677 0.8622047244094488 0.5649606299212598 0.8523622047244095 0.5649606299212598 0.8503937007874016 0.5669291338582677 0.8484251968503937 0.5669291338582677 0.8464566929133859 0.5649606299212598 0.8464566929133859 0.5590551181102362 0.844488188976378 0.5570866141732284 0.844488188976378 0.5531496062992126 0.8405511811023622 0.5492125984251969 0.8405511811023622 0.547244094488189 0.8385826771653543 0.5452755905511811 0.8385826771653543 0.5413385826771654 0.8366141732283464 0.5393700787401575 0.8366141732283464 0.5374015748031497 0.8307086614173228 0.531496062992126 0.8307086614173228 0.5275590551181102 0.8267716535433071 0.5236220472440944 0.8248031496062992 0.5236220472440944 0.8228346456692913 0.5216535433070866 0.8228346456692913 0.5177165354330708 0.8208661417322834 0.515748031496063 0.8208661417322834 0.5098425196850394 0.8169291338582677 0.5059055118110236 0.8169291338582677 0.5019685039370079 0.812992125984252 0.49803149606299213
2 0.812992125984252 0.31299212598425197 0.8070866141732284 0.31299212598425197 0.7874015748031497 0.33267716535433073 0.7854330708661418 0.33267716535433073 0.7775590551181102 0.3405511811023622 0.7755905511811023 0.3405511811023622 0.7677165354330708 0.3484251968503937 0.7677165354330708 0.35039370078740156 0.7480314960629921 0.3700787401574803 0.7460629921259843 0.3700787401574803 0.7460629921259843 0.37598425196850394 0.75 0.37598425196850394 0.781496062992126 0.34448818897637795 0.7834645669291339 0.34448818897637795 0.797244094488189 0.33070866141732286 0.7992125984251969 0.33070866141732286 0.812992125984252 0.3169291338582677
2 0.5570866141732284 0.9980314960629921 0.562992125984252 0.9980314960629921 0.5649606299212598 0.9960629921259843 0.5708661417322834 0.9960629921259843 0.5728346456692913 0.9940944881889764 0.5807086614173228 0.9940944881889764 0.5826771653543307 0.9921259842519685 0.5846456692913385 0.9921259842519685 0.5866141732283464 0.9901574803149606 0.594488188976378 0.9901574803149606 0.5964566929133859 0.9881889763779528 0.6259842519685039 0.9881889763779528 0.6279527559055118 0.9862204724409449 0.6318897637795275 0.9862204724409449 0.6338582677165354 0.9881889763779528 0.6437007874015748 0.9881889763779528 0.6456692913385826 0.9862204724409449 0.6456692913385826 0.9822834645669292 0.5984251968503937 0.9822834645669292 0.5964566929133859 0.984251968503937 0.5905511811023622 0.984251968503937 0.5885826771653543 0.9862204724409449 0.5826771653543307 0.9862204724409449 0.5787401574803149 0.9901574803149606 0.5767716535433071 0.9881889763779528 0.5728346456692913 0.9881889763779528 0.5708661417322834 0.9901574803149606 0.5688976377952756 0.9901574803149606 0.5669291338582677 0.9921259842519685 0.5610236220472441 0.9921259842519685 0.5590551181102362 0.9940944881889764 0.5570866141732284 0.9940944881889764
2 0.12992125984251968 0.765748031496063 0.12992125984251968 0.7696850393700787 0.13188976377952755 0.7696850393700787 0.13385826771653545 0.7716535433070866 0.13385826771653545 0.7775590551181102 0.1377952755905512 0.7775590551181102 0.13976377952755906 0.7795275590551181 0.13976377952755906 0.7834645669291339 0.1437007874015748 0.7834645669291339 0.1437007874015748 0.7775590551181102 0.13976377952755906 0.7775590551181102 0.1377952755905512 0.7755905511811023 0.1377952755905512 0.7716535433070866 0.13582677165354332 0.7716535433070866 0.13385826771653545 0.7696850393700787 0.13385826771653545 0.765748031496063
2 0.9980314960629921 0.7086614173228346 0.9901574803149606 0.7086614173228346 0.9881889763779528 0.7106299212598425 0.9822834645669292 0.7106299212598425 0.9822834645669292 0.7145669291338582 0.9960629921259843 0.7145669291338582 0.9980314960629921 0.7125984251968503
2 0.1889763779527559 0.8877952755905512 0.1889763779527559 0.8976377952755905 0.19291338582677164 0.8976377952755905 0.19291338582677164 0.8956692913385826 0.19488188976377951 0.8937007874015748 0.19488188976377951 0.8877952755905512