0 0.47950819672131145 0.5901639344262295 0.47950819672131145 0.6229508196721312 0.48360655737704916 0.6188524590163934 0.48770491803278687 0.6229508196721312 0.4918032786885246 0.6229508196721312 0.4959016393442623 0.6270491803278688 0.4959016393442623 0.6311475409836066 0.5 0.6311475409836066 0.5040983606557377 0.6352459016393442 0.5081967213114754 0.6352459016393442 0.5122950819672131 0.639344262295082 0.5122950819672131 0.6598360655737705 0.5081967213114754 0.6639344262295082 0.5 0.6639344262295082 0.4959016393442623 0.6598360655737705 0.4959016393442623 0.6434426229508197 0.4918032786885246 0.6434426229508197 0.48770491803278687 0.639344262295082 0.48360655737704916 0.639344262295082 0.47950819672131145 0.6352459016393442 0.47950819672131145 0.6680327868852459 0.48360655737704916 0.6721311475409836 0.47950819672131145 0.6762295081967213 0.47950819672131145 0.6885245901639344 0.48360655737704916 0.6926229508196722 0.48360655737704916 0.7172131147540983 0.47950819672131145 0.7213114754098361 0.47950819672131145 0.7295081967213115 0.48360655737704916 0.7336065573770492 0.48360655737704916 0.7377049180327869 0.47950819672131145 0.7418032786885246 0.48360655737704916 0.7459016393442623 0.48360655737704916 0.7663934426229508 0.47950819672131145 0.7704918032786885 0.47950819672131145 0.7786885245901639 0.48360655737704916 0.7827868852459017 0.48360655737704916 0.8073770491803278 0.5040983606557377 0.8073770491803278 0.5081967213114754 0.8114754098360656 0.6065573770491803 0.8114754098360656 0.610655737704918 0.8073770491803278 0.6352459016393442 0.8073770491803278 0.639344262295082 0.8114754098360656 0.6475409836065574 0.8114754098360656 0.6516393442622951 0.8073770491803278 0.6557377049180327 0.8073770491803278 0.6598360655737705 0.8114754098360656 0.6885245901639344 0.8114754098360656 0.6926229508196722 0.8073770491803278 0.7254098360655737 0.8073770491803278 0.7295081967213115 0.8114754098360656 0.7336065573770492 0.8073770491803278 0.7459016393442623 0.8073770491803278 0.75 0.8114754098360656 0.7663934426229508 0.8114754098360656 0.7704918032786885 0.8073770491803278 0.9508196721311475 0.8073770491803278 0.9549180327868853 0.8114754098360656 0.9754098360655737 0.8114754098360656 0.9795081967213115 0.8073770491803278 0.9959016393442623 0.8073770491803278 0.9959016393442623 0.5778688524590164 0.6270491803278688 0.5778688524590164 0.6229508196721312 0.5819672131147541 0.48770491803278687 0.5819672131147541
0 0 0.5778688524590164 0 0.8032786885245902 0.02459016393442623 0.8032786885245902 0.028688524590163935 0.7991803278688525 0.1598360655737705 0.7991803278688525 0.16393442622950818 0.8032786885245902 0.19262295081967212 0.8032786885245902 0.19672131147540983 0.7991803278688525 0.22950819672131148 0.7991803278688525 0.2336065573770492 0.7950819672131147 0.3483606557377049 0.7950819672131147 0.3524590163934426 0.7909836065573771 0.36885245901639346 0.7909836065573771 0.3729508196721312 0.7868852459016393 0.3729508196721312 0.7827868852459017 0.3770491803278688 0.7786885245901639 0.3770491803278688 0.7704918032786885 0.38114754098360654 0.7663934426229508 0.38114754098360654 0.7254098360655737 0.38524590163934425 0.7213114754098361 0.38524590163934425 0.6024590163934426 0.38114754098360654 0.5983606557377049 0.3770491803278688 0.5983606557377049 0.3729508196721312 0.5942622950819673 0.3729508196721312 0.5901639344262295 0.36885245901639346 0.5901639344262295 0.36475409836065575 0.5860655737704918 0.3524590163934426 0.5860655737704918 0.3483606557377049 0.5819672131147541 0.32786885245901637 0.5819672131147541 0.3237704918032787 0.5778688524590164 0.29098360655737704 0.5778688524590164 0.28688524590163933 0.5737704918032787 0.2540983606557377 0.5737704918032787 0.25 0.569672131147541 0.0860655737704918 0.569672131147541 0.08196721311475409 0.5737704918032787 0.01639344262295082 0.5737704918032787 0.012295081967213115 0.5778688524590164
0 0.040983606557377046 0.9057377049180327 0.045081967213114756 0.9098360655737705 0.045081967213114756 0.9959016393442623 0.819672131147541 0.9959016393442623 0.819672131147541 0.8934426229508197 0.3319672131147541 0.8934426229508197 0.32786885245901637 0.8975409836065574 0.045081967213114756 0.8975409836065574 0.045081967213114756 0.9016393442622951
0 0 0 0 0.1721311475409836 0.004098360655737705 0.1762295081967213 0.01639344262295082 0.1762295081967213 0.020491803278688523 0.1721311475409836 0.08196721311475409 0.1721311475409836 0.0860655737704918 0.1762295081967213 0.10655737704918032 0.1762295081967213 0.11065573770491803 0.1721311475409836 0.11475409836065574 0.1762295081967213 0.11885245901639344 0.1721311475409836 0.12295081967213115 0.1762295081967213 0.14754098360655737 0.1762295081967213 0.15163934426229508 0.1721311475409836 0.22950819672131148 0.1721311475409836 0.2336065573770492 0.1762295081967213 0.23770491803278687 0.1721311475409836 0.24180327868852458 0.1721311475409836 0.2459016393442623 0.1762295081967213 0.26229508196721313 0.1762295081967213 0.26639344262295084 0.1721311475409836 0.29918032786885246 0.1721311475409836 0.30327868852459017 0.1762295081967213 0.3155737704918033 0.1762295081967213 0.319672131147541 0.1721311475409836 0.32786885245901637 0.1721311475409836 0.3319672131147541 0.1762295081967213 0.3975409836065574 0.1762295081967213 0.4057377049180328 0.1680327868852459 0.4016393442622951 0.1680327868852459 0.3975409836065574 0.16393442622950818 0.3975409836065574 0.1557377049180328 0.39344262295081966 0.15163934426229508 0.38934426229508196 0.15163934426229508 0.38524590163934425 0.14754098360655737 0.38114754098360654 0.14754098360655737 0.3729508196721312 0.13934426229508196 0.3729508196721312 0.13524590163934427 0.36475409836065575 0.13524590163934427 0.36065573770491804 0.13114754098360656 0.3360655737704918 0.13114754098360656 0.3319672131147541 0.12704918032786885 0.32786885245901637 0.12704918032786885 0.319672131147541 0.11885245901639344 0.319672131147541 0.11065573770491803 0.3155737704918033 0.11065573770491803 0.30327868852459017 0.09836065573770492 0.29918032786885246 0.09836065573770492 0.29508196721311475 0.0942622950819672 0.29098360655737704 0.0942622950819672 0.28688524590163933 0.09016393442622951 0.28688524590163933 0.08196721311475409 0.29098360655737704 0.0778688524590164 0.3114754098360656 0.0778688524590164 0.3237704918032787 0.09016393442622951 0.32786885245901637 0.09016393442622951 0.3360655737704918 0.09836065573770492 0.3360655737704918 0.10655737704918032 0.3442622950819672 0.10655737704918032 0.3483606557377049 0.11065573770491803 0.3483606557377049 0.11475409836065574 0.38114754098360654 0.11475409836065574 0.4016393442622951 0.13524590163934427 0.4057377049180328 0.13524590163934427 0.4057377049180328 0.09836065573770492 0.4098360655737705 0.0942622950819672 0.4057377049180328 0.09016393442622951 0.4057377049180328 0.0860655737704918 0.4098360655737705 0.08196721311475409 0.4098360655737705 0.07377049180327869 0.4057377049180328 0.06967213114754098 0.4098360655737705 0.06557377049180328 0.4057377049180328 0.06147540983606557 0.39344262295081966 0.06147540983606557 0.38934426229508196 0.05737704918032787 0.38114754098360654 0.05737704918032787 0.3770491803278688 0.05327868852459016 0.36885245901639346 0.05327868852459016 0.36475409836065575 0.04918032786885246 0.36065573770491804 0.04918032786885246 0.35655737704918034 0.045081967213114756 0.3524590163934426 0.045081967213114756 0.3483606557377049 0.040983606557377046 0.3442622950819672 0.045081967213114756 0.3401639344262295 0.040983606557377046 0.3360655737704918 0.040983606557377046 0.32786885245901637 0.03278688524590164 0.32786885245901637 0.02459016393442623 0.3319672131147541 0.020491803278688523 0.3442622950819672 0.020491803278688523 0.3483606557377049 0.02459016393442623 0.3483606557377049 0.028688524590163935 0.3524590163934426 0.02459016393442623 0.35655737704918034 0.028688524590163935 0.36475409836065575 0.028688524590163935 0.36885245901639346 0.03278688524590164 0.3770491803278688 0.03278688524590164 0.38114754098360654 0.036885245901639344 0.38934426229508196 0.036885245901639344 0.39344262295081966 0.040983606557377046 0.4016393442622951 0.040983606557377046 0.4016393442622951 0.036885245901639344 0.3975409836065574 0.036885245901639344 0.39344262295081966 0.03278688524590164 0.39344262295081966 0.020491803278688523 0.38524590163934425 0.012295081967213115 0.38524590163934425 0
0 0.8975409836065574 0.26229508196721313 0.889344262295082 0.27049180327868855 0.889344262295082 0.27459016393442626 0.8934426229508197 0.2786885245901639 0.8934426229508197 0.3237704918032787 0.889344262295082 0.32786885245901637 0.889344262295082 0.3770491803278688 0.8934426229508197 0.38114754098360654 0.8934426229508197 0.38524590163934425 0.889344262295082 0.38934426229508196 0.889344262295082 0.3975409836065574 0.8934426229508197 0.4016393442622951 0.8934426229508197 0.45081967213114754 0.889344262295082 0.45491803278688525 0.8934426229508197 0.45901639344262296 0.8934426229508197 0.46311475409836067 0.889344262295082 0.4672131147540984 0.8934426229508197 0.4713114754098361 0.8934426229508197 0.48360655737704916 0.889344262295082 0.48770491803278687 0.889344262295082 0.4918032786885246 0.8975409836065574 0.4918032786885246 0.9016393442622951 0.4959016393442623 0.9795081967213115 0.4959016393442623 0.9836065573770492 0.4918032786885246 0.9877049180327869 0.4918032786885246 0.9918032786885246 0.4959016393442623 0.9959016393442623 0.4959016393442623 0.9959016393442623 0.26229508196721313
0 0.9016393442622951 0.8975409836065574 0.8975409836065574 0.9016393442622951 0.8975409836065574 0.9057377049180327 0.8934426229508197 0.9098360655737705 0.8934426229508197 0.9713114754098361 0.8975409836065574 0.9754098360655737 0.8975409836065574 0.9959016393442623 0.9959016393442623 0.9959016393442623 0.9959016393442623 0.9016393442622951 0.9754098360655737 0.9016393442622951 0.9713114754098361 0.8975409836065574 0.9426229508196722 0.8975409836065574 0.9385245901639344 0.9016393442622951 0.930327868852459 0.9016393442622951 0.9262295081967213 0.8975409836065574
1 0.7131147540983607 0.26229508196721313 0.7090163934426229 0.2581967213114754 0.7090163934426229 0.25 0.7049180327868853 0.25 0.7008196721311475 0.2540983606557377 0.6885245901639344 0.2540983606557377 0.6844262295081968 0.2581967213114754 0.6762295081967213 0.2581967213114754 0.6721311475409836 0.26229508196721313 0.6680327868852459 0.26229508196721313 0.6639344262295082 0.26639344262295084 0.6352459016393442 0.26639344262295084 0.6311475409836066 0.27049180327868855 0.5655737704918032 0.27049180327868855 0.5614754098360656 0.26639344262295084 0.5204918032786885 0.26639344262295084 0.5163934426229508 0.26229508196721313 0.5122950819672131 0.26229508196721313 0.5081967213114754 0.2581967213114754 0.5040983606557377 0.2581967213114754 0.4959016393442623 0.25 0.47540983606557374 0.25 0.4713114754098361 0.2540983606557377 0.44672131147540983 0.2540983606557377 0.4426229508196721 0.2581967213114754 0.430327868852459 0.2581967213114754 0.4262295081967213 0.26229508196721313 0.4016393442622951 0.26229508196721313 0.3975409836065574 0.26639344262295084 0.3483606557377049 0.26639344262295084 0.3442622950819672 0.27049180327868855 0.3360655737704918 0.27049180327868855 0.3319672131147541 0.26639344262295084 0.3237704918032787 0.26639344262295084 0.319672131147541 0.27049180327868855 0.26229508196721313 0.27049180327868855 0.2581967213114754 0.26639344262295084 0.20901639344262296 0.26639344262295084 0.20491803278688525 0.26229508196721313 0.14754098360655737 0.26229508196721313 0.14344262295081966 0.26639344262295084 0.0942622950819672 0.26639344262295084 0.09016393442622951 0.26229508196721313 0.06147540983606557 0.26229508196721313 0.05737704918032787 0.2581967213114754 0.045081967213114756 0.2581967213114754 0.040983606557377046 0.26229508196721313 0.040983606557377046 0.3442622950819672 0.036885245901639344 0.3483606557377049 0.036885245901639344 0.36475409836065575 0.040983606557377046 0.36885245901639346 0.040983606557377046 0.38524590163934425 0.045081967213114756 0.38934426229508196 0.045081967213114756 0.4057377049180328 0.04918032786885246 0.4098360655737705 0.04918032786885246 0.4426229508196721 0.05327868852459016 0.44672131147540983 0.05327868852459016 0.4713114754098361 0.06557377049180328 0.48360655737704916 0.06967213114754098 0.48360655737704916 0.07377049180327869 0.48770491803278687 0.0860655737704918 0.48770491803278687 0.09016393442622951 0.4918032786885246 0.11065573770491803 0.4918032786885246 0.11475409836065574 0.4959016393442623 0.20081967213114754 0.4959016393442623 0.20491803278688525 0.5 0.26639344262295084 0.5 0.27049180327868855 0.4959016393442623 0.27459016393442626 0.4959016393442623 0.2786885245901639 0.5 0.29098360655737704 0.5 0.29508196721311475 0.4959016393442623 0.4959016393442623 0.4959016393442623 0.5 0.4918032786885246 0.5081967213114754 0.4918032786885246 0.5122950819672131 0.48770491803278687 0.5245901639344263 0.48770491803278687 0.5286885245901639 0.48360655737704916 0.5655737704918032 0.48360655737704916 0.569672131147541 0.47950819672131145 0.5737704918032787 0.48360655737704916 0.5983606557377049 0.48360655737704916 0.5983606557377049 0.47540983606557374 0.6065573770491803 0.4672131147540984 0.6065573770491803 0.46311475409836067 0.6188524590163934 0.45081967213114754 0.6188524590163934 0.44672131147540983 0.6229508196721312 0.4426229508196721 0.6229508196721312 0.4344262295081967 0.6352459016393442 0.42213114754098363 0.6352459016393442 0.4139344262295082 0.639344262295082 0.4098360655737705 0.639344262295082 0.4057377049180328 0.6475409836065574 0.3975409836065574 0.6475409836065574 0.39344262295081966 0.6557377049180327 0.38524590163934425 0.6557377049180327 0.38114754098360654 0.6598360655737705 0.3770491803278688 0.6598360655737705 0.36885245901639346 0.6639344262295082 0.36475409836065575 0.6639344262295082 0.36065573770491804 0.6721311475409836 0.3524590163934426 0.6721311475409836 0.3483606557377049 0.6762295081967213 0.3442622950819672 0.6762295081967213 0.3401639344262295 0.6844262295081968 0.3319672131147541 0.6844262295081968 0.32786885245901637 0.7131147540983607 0.29918032786885246
1 0.47950819672131145 0.18032786885245902 0.7049180327868853 0.18032786885245902 0.7090163934426229 0.18442622950819673 0.7213114754098361 0.18442622950819673 0.7254098360655737 0.18032786885245902 0.7540983606557377 0.18032786885245902 0.7581967213114754 0.18442622950819673 0.7745901639344263 0.18442622950819673 0.7827868852459017 0.1762295081967213 0.7868852459016393 0.1762295081967213 0.7909836065573771 0.1721311475409836 0.7991803278688525 0.1721311475409836 0.8032786885245902 0.1680327868852459 0.8073770491803278 0.1680327868852459 0.8114754098360656 0.16393442622950818 0.8155737704918032 0.16393442622950818 0.8278688524590164 0.15163934426229508 0.8319672131147541 0.15163934426229508 0.8483606557377049 0.13524590163934427 0.8524590163934426 0.13524590163934427 0.860655737704918 0.12704918032786885 0.8647540983606558 0.12704918032786885 0.8647540983606558 0.12295081967213115 0.8688524590163934 0.11885245901639344 0.8729508196721312 0.11885245901639344 0.8811475409836066 0.11065573770491803 0.8852459016393442 0.11065573770491803 0.8934426229508197 0.10245901639344263 0.8975409836065574 0.10245901639344263 0.9221311475409836 0.0778688524590164 0.9221311475409836 0.07377049180327869 0.9385245901639344 0.05737704918032787 0.9385245901639344 0.040983606557377046 0.9426229508196722 0.036885245901639344 0.9426229508196722 0.03278688524590164 0.9508196721311475 0.02459016393442623 0.9508196721311475 0.020491803278688523 0.9672131147540983 0.004098360655737705 0.9795081967213115 0.004098360655737705 0.9836065573770492 0 0.48360655737704916 0 0.48360655737704916 0.02459016393442623 0.47950819672131145 0.028688524590163935 0.47950819672131145 0.09016393442622951 0.47540983606557374 0.0942622950819672 0.47540983606557374 0.16393442622950818 0.47950819672131145 0.1680327868852459
1 0.8155737704918032 0.26229508196721313 0.7868852459016393 0.26229508196721313 0.7786885245901639 0.27049180327868855 0.7786885245901639 0.29508196721311475 0.7745901639344263 0.29918032786885246 0.7745901639344263 0.32786885245901637 0.7704918032786885 0.3319672131147541 0.7704918032786885 0.3360655737704918 0.7622950819672131 0.3442622950819672 0.7581967213114754 0.3442622950819672 0.7581967213114754 0.3483606557377049 0.7540983606557377 0.3524590163934426 0.7540983606557377 0.35655737704918034 0.7459016393442623 0.36475409836065575 0.7459016393442623 0.36885245901639346 0.7418032786885246 0.3729508196721312 0.7377049180327869 0.3729508196721312 0.7172131147540983 0.39344262295081966 0.7172131147540983 0.4057377049180328 0.7131147540983607 0.4098360655737705 0.7131147540983607 0.4139344262295082 0.7090163934426229 0.4180327868852459 0.7090163934426229 0.42213114754098363 0.6967213114754098 0.4344262295081967 0.6967213114754098 0.4385245901639344 0.6926229508196722 0.4426229508196721 0.6926229508196722 0.44672131147540983 0.6844262295081968 0.45491803278688525 0.6844262295081968 0.45901639344262296 0.6762295081967213 0.4672131147540984 0.6762295081967213 0.47950819672131145 0.6557377049180327 0.5 0.6598360655737705 0.4959016393442623 0.6721311475409836 0.4959016393442623 0.6762295081967213 0.4918032786885246 0.6844262295081968 0.4918032786885246 0.6885245901639344 0.4959016393442623 0.7131147540983607 0.4959016393442623 0.7172131147540983 0.4918032786885246 0.7213114754098361 0.4959016393442623 0.7459016393442623 0.4959016393442623 0.75 0.4918032786885246 0.7622950819672131 0.4918032786885246 0.7663934426229508 0.48770491803278687 0.7786885245901639 0.48770491803278687 0.7827868852459017 0.48360655737704916 0.7868852459016393 0.48360655737704916 0.7909836065573771 0.47950819672131145 0.7950819672131147 0.47950819672131145 0.8114754098360656 0.46311475409836067 0.8114754098360656 0.44672131147540983 0.8155737704918032 0.4426229508196721 0.8155737704918032 0.430327868852459 0.819672131147541 0.4262295081967213 0.819672131147541 0.36065573770491804 0.8237704918032787 0.35655737704918034 0.8237704918032787 0.3319672131147541 0.819672131147541 0.32786885245901637 0.819672131147541 0.27049180327868855 0.8155737704918032 0.26639344262295084
1 0.9959016393442623 0.08196721311475409 0.9918032786885246 0.0860655737704918 0.9918032786885246 0.09016393442622951 0.9836065573770492 0.09836065573770492 0.9836065573770492 0.10245901639344263 0.9672131147540983 0.11885245901639344 0.9672131147540983 0.12295081967213115 0.9590163934426229 0.13114754098360656 0.9590163934426229 0.13524590163934427 0.930327868852459 0.16393442622950818 0.9262295081967213 0.16393442622950818 0.9221311475409836 0.1680327868852459 0.9180327868852459 0.1680327868852459 0.9098360655737705 0.1762295081967213 0.9057377049180327 0.1762295081967213 0.9057377049180327 0.19262295081967212 0.9959016393442623 0.19262295081967212
2 0.9959016393442623 0 0.9877049180327869 0 0.9795081967213115 0.00819672131147541 0.9672131147540983 0.00819672131147541 0.9549180327868853 0.020491803278688523 0.9549180327868853 0.02459016393442623 0.9426229508196722 0.040983606557377046 0.9426229508196722 0.05737704918032787 0.8975409836065574 0.10655737704918032 0.8934426229508197 0.10655737704918032 0.8852459016393442 0.11475409836065574 0.8811475409836066 0.11475409836065574 0.8729508196721312 0.12295081967213115 0.8688524590163934 0.12295081967213115 0.8688524590163934 0.12704918032786885 0.8647540983606558 0.13114754098360656 0.860655737704918 0.13114754098360656 0.8524590163934426 0.13934426229508196 0.8483606557377049 0.13934426229508196 0.8155737704918032 0.1680327868852459 0.8114754098360656 0.1680327868852459 0.7991803278688525 0.1762295081967213 0.7909836065573771 0.1762295081967213 0.7745901639344263 0.1885245901639344 0.7704918032786885 0.1885245901639344 0.7459016393442623 0.21311475409836064 0.7418032786885246 0.21311475409836064 0.7131147540983607 0.2459016393442623 0.7131147540983607 0.2581967213114754 0.7172131147540983 0.26229508196721313 0.7172131147540983 0.29918032786885246 0.6885245901639344 0.32786885245901637 0.6885245901639344 0.3319672131147541 0.680327868852459 0.3401639344262295 0.6762295081967213 0.3524590163934426 0.6680327868852459 0.36065573770491804 0.6598360655737705 0.38524590163934425 0.6516393442622951 0.39344262295081966 0.6516393442622951 0.3975409836065574 0.639344262295082 0.4139344262295082 0.639344262295082 0.42213114754098363 0.6270491803278688 0.4344262295081967 0.6270491803278688 0.4426229508196721 0.6229508196721312 0.44672131147540983 0.6229508196721312 0.45081967213114754 0.6024590163934426 0.47540983606557374 0.6024590163934426 0.48360655737704916 0.5901639344262295 0.5 0.5901639344262295 0.5122950819672131 0.5614754098360656 0.5409836065573771 0.5163934426229508 0.5409836065573771 0.5122950819672131 0.5450819672131147 0.5040983606557377 0.5450819672131147 0.5 0.5491803278688525 0.47950819672131145 0.5491803278688525 0.47540983606557374 0.5532786885245902 0.4672131147540984 0.5532786885245902 0.46311475409836067 0.5573770491803278 0.45081967213114754 0.5614754098360656 0.4344262295081967 0.5778688524590164 0.4344262295081967 0.5819672131147541 0.4262295081967213 0.5901639344262295 0.4262295081967213 0.5942622950819673 0.4016393442622951 0.6188524590163934 0.38934426229508196 0.6229508196721312 0.38934426229508196 0.7213114754098361 0.38524590163934425 0.7254098360655737 0.38524590163934425 0.7663934426229508 0.38114754098360654 0.7704918032786885 0.38114754098360654 0.7786885245901639 0.3770491803278688 0.7827868852459017 0.3770491803278688 0.7868852459016393 0.36885245901639346 0.7950819672131147 0.3524590163934426 0.7950819672131147 0.3483606557377049 0.7991803278688525 0.2336065573770492 0.7991803278688525 0.22131147540983606 0.8114754098360656 0.22131147540983606 0.8155737704918032 0.21311475409836064 0.8237704918032787 0.21311475409836064 0.8319672131147541 0.20081967213114754 0.8442622950819673 0.19262295081967212 0.8442622950819673 0.18032786885245902 0.8524590163934426 0.1680327868852459 0.8524590163934426 0.16393442622950818 0.8565573770491803 0.13114754098360656 0.8565573770491803 0.12704918032786885 0.8524590163934426 0.05737704918032787 0.8524590163934426 0.045081967213114756 0.860655737704918 0.036885245901639344 0.860655737704918 0.03278688524590164 0.8647540983606558 0.028688524590163935 0.8770491803278688 0.020491803278688523 0.8852459016393442 0.020491803278688523 0.9098360655737705 0.01639344262295082 0.9139344262295082 0.01639344262295082 0.9385245901639344 0.012295081967213115 0.9426229508196722 0.012295081967213115 0.9836065573770492 0.00819672131147541 0.9877049180327869 0.00819672131147541 0.9959016393442623 0.040983606557377046 0.9959016393442623 0.040983606557377046 0.9098360655737705 0.036885245901639344 0.9057377049180327 0.045081967213114756 0.8934426229508197 0.25 0.8934426229508197 0.26229508196721313 0.8811475409836066 0.26229508196721313 0.8729508196721312 0.2827868852459016 0.8524590163934426 0.3073770491803279 0.8524590163934426 0.3155737704918033 0.8442622950819673 0.319672131147541 0.8442622950819673 0.3237704918032787 0.8483606557377049 0.3401639344262295 0.8483606557377049 0.3442622950819672 0.8442622950819673 0.3483606557377049 0.8483606557377049 0.3729508196721312 0.8483606557377049 0.3770491803278688 0.8442622950819673 0.4057377049180328 0.8442622950819673 0.4098360655737705 0.8401639344262295 0.4180327868852459 0.8401639344262295 0.4344262295081967 0.8237704918032787 0.4344262295081967 0.7909836065573771 0.430327868852459 0.7868852459016393 0.430327868852459 0.7622950819672131 0.4262295081967213 0.7581967213114754 0.4262295081967213 0.7336065573770492 0.4385245901639344 0.7172131147540983 0.4385245901639344 0.7008196721311475 0.4426229508196721 0.6967213114754098 0.4426229508196721 0.6721311475409836 0.46311475409836067 0.6516393442622951 0.4672131147540984 0.639344262295082 0.47950819672131145 0.6311475409836066 0.48360655737704916 0.6352459016393442 0.4959016393442623 0.639344262295082 0.5 0.6434426229508197 0.5 0.6598360655737705 0.5081967213114754 0.6598360655737705 0.5081967213114754 0.639344262295082 0.4959016393442623 0.6352459016393442 0.4918032786885246 0.6311475409836066 0.4918032786885246 0.6270491803278688 0.48770491803278687 0.6270491803278688 0.48360655737704916 0.6229508196721312 0.47950819672131145 0.6270491803278688 0.47540983606557374 0.6229508196721312 0.47540983606557374 0.5901639344262295 0.48770491803278687 0.5778688524590164 0.6229508196721312 0.5778688524590164 0.6229508196721312 0.5737704918032787 0.6434426229508197 0.5573770491803278 0.6434426229508197 0.5491803278688525 0.6475409836065574 0.5450819672131147 0.6475409836065574 0.5286885245901639 0.6516393442622951 0.5245901639344263 0.6516393442622951 0.5 0.6721311475409836 0.47950819672131145 0.6721311475409836 0.4672131147540984 0.6885245901639344 0.44672131147540983 0.6926229508196722 0.4344262295081967 0.7049180327868853 0.42213114754098363 0.7049180327868853 0.4180327868852459 0.7131147540983607 0.4057377049180328 0.7131147540983607 0.39344262295081966 0.7377049180327869 0.36885245901639346 0.7418032786885246 0.36885245901639346 0.7418032786885246 0.36475409836065575 0.75 0.35655737704918034 0.7540983606557377 0.3442622950819672 0.7581967213114754 0.3401639344262295 0.7622950819672131 0.3401639344262295 0.7704918032786885 0.32786885245901637 0.7704918032786885 0.29918032786885246 0.7745901639344263 0.29508196721311475 0.7745901639344263 0.27049180327868855 0.7909836065573771 0.2540983606557377 0.8032786885245902 0.25 0.8114754098360656 0.24180327868852458 0.819672131147541 0.24180327868852458 0.8278688524590164 0.2336065573770492 0.8360655737704918 0.2336065573770492 0.8401639344262295 0.22950819672131148 0.8442622950819673 0.22950819672131148 0.8524590163934426 0.22131147540983606 0.8565573770491803 0.22131147540983606 0.8647540983606558 0.21311475409836064 0.8688524590163934 0.21311475409836064 0.8688524590163934 0.20901639344262296 0.8852459016393442 0.19262295081967212 0.9016393442622951 0.19262295081967212 0.9016393442622951 0.1762295081967213 0.9180327868852459 0.16393442622950818 0.930327868852459 0.1598360655737705 0.9549180327868853 0.13524590163934427 0.9549180327868853 0.13114754098360656 0.9631147540983607 0.12295081967213115 0.9631147540983607 0.11885245901639344 0.9795081967213115 0.10245901639344263 0.9795081967213115 0.09836065573770492 0.9959016393442623 0.0778688524590164
2 0.29098360655737704 0.08196721311475409 0.29098360655737704 0.09016393442622951 0.29508196721311475 0.09016393442622951 0.29918032786885246 0.0942622950819672 0.30327868852459017 0.0942622950819672 0.3155737704918033 0.10655737704918032 0.319672131147541 0.10655737704918032 0.3237704918032787 0.11065573770491803 0.3237704918032787 0.11885245901639344 0.32786885245901637 0.12295081967213115 0.3319672131147541 0.12295081967213115 0.3360655737704918 0.12704918032786885 0.36065573770491804 0.12704918032786885 0.36475409836065575 0.13114754098360656 0.3729508196721312 0.13114754098360656 0.3770491803278688 0.13524590163934427 0.3770491803278688 0.13934426229508196 0.38114754098360654 0.14344262295081966 0.38524590163934425 0.14344262295081966 0.38934426229508196 0.14754098360655737 0.39344262295081966 0.14754098360655737 0.4016393442622951 0.1557377049180328 0.4016393442622951 0.16393442622950818 0.4098360655737705 0.16393442622950818 0.4098360655737705 0.14344262295081966 0.4057377049180328 0.13934426229508196 0.4016393442622951 0.13934426229508196 0.38114754098360654 0.11885245901639344 0.3483606557377049 0.11885245901639344 0.3442622950819672 0.11475409836065574 0.3442622950819672 0.11065573770491803 0.3360655737704918 0.11065573770491803 0.3319672131147541 0.10655737704918032 0.3319672131147541 0.09836065573770492 0.32786885245901637 0.0942622950819672 0.3237704918032787 0.0942622950819672 0.3114754098360656 0.08196721311475409
2 0.4139344262295082 0.05737704918032787 0.4139344262295082 0.02459016393442623 0.4098360655737705 0.020491803278688523 0.4098360655737705 0.012295081967213115 0.3975409836065574 0 0.38934426229508196 0 0.38934426229508196 0.012295081967213115 0.3975409836065574 0.020491803278688523 0.3975409836065574 0.03278688524590164 0.4016393442622951 0.03278688524590164 0.4057377049180328 0.036885245901639344 0.4057377049180328 0.040983606557377046 0.4016393442622951 0.045081967213114756 0.39344262295081966 0.045081967213114756 0.38934426229508196 0.040983606557377046 0.38114754098360654 0.040983606557377046 0.3770491803278688 0.036885245901639344 0.36885245901639346 0.036885245901639344 0.36475409836065575 0.03278688524590164 0.35655737704918034 0.03278688524590164 0.3524590163934426 0.028688524590163935 0.3483606557377049 0.03278688524590164 0.3442622950819672 0.028688524590163935 0.3442622950819672 0.02459016393442623 0.3319672131147541 0.02459016393442623 0.3319672131147541 0.03278688524590164 0.3360655737704918 0.036885245901639344 0.3401639344262295 0.036885245901639344 0.3442622950819672 0.040983606557377046 0.3483606557377049 0.036885245901639344 0.3524590163934426 0.040983606557377046 0.35655737704918034 0.040983606557377046 0.36065573770491804 0.045081967213114756 0.36475409836065575 0.045081967213114756 0.36885245901639346 0.04918032786885246 0.3770491803278688 0.04918032786885246 0.38114754098360654 0.05327868852459016 0.38934426229508196 0.05327868852459016 0.39344262295081966 0.05737704918032787