0 0.9970845481049563 0.4897959183673469 0.9883381924198251 0.4868804664723032 0.9795918367346939 0.478134110787172 0.9737609329446064 0.478134110787172 0.9708454810495627 0.4752186588921283 0.967930029154519 0.4752186588921283 0.9650145772594753 0.47230320699708456 0.9591836734693877 0.47230320699708456 0.9504373177842566 0.46647230320699706 0.9416909620991254 0.46647230320699706 0.9329446064139941 0.4606413994169096 0.9329446064139941 0.45481049562682213 0.9300291545189504 0.4518950437317784 0.9300291545189504 0.446064139941691 0.9271137026239067 0.44314868804664725 0.9329446064139941 0.43731778425655976 0.9329446064139941 0.42565597667638483 0.9300291545189504 0.4227405247813411 0.9300291545189504 0.4139941690962099 0.9329446064139941 0.4110787172011662 0.9358600583090378 0.4110787172011662 0.9475218658892128 0.39941690962099125 0.9446064139941691 0.40233236151603496 0.9387755102040817 0.40233236151603496 0.9358600583090378 0.39941690962099125 0.9271137026239067 0.3965014577259475 0.924198250728863 0.3935860058309038 0.924198250728863 0.39067055393586003 0.9212827988338192 0.39067055393586003 0.9154518950437318 0.3848396501457726 0.9154518950437318 0.3819241982507289 0.9212827988338192 0.37317784256559766 0.9212827988338192 0.3673469387755102 0.9183673469387755 0.3673469387755102 0.9154518950437318 0.37026239067055394 0.9008746355685131 0.37026239067055394 0.8979591836734694 0.37317784256559766 0.8775510204081632 0.37317784256559766 0.880466472303207 0.3760932944606414 0.880466472303207 0.37900874635568516 0.8775510204081632 0.3819241982507289 0.8688046647230321 0.3819241982507289 0.8688046647230321 0.3848396501457726 0.8658892128279884 0.3877551020408163 0.8571428571428571 0.3877551020408163 0.8513119533527697 0.3819241982507289 0.8542274052478134 0.37900874635568516 0.8513119533527697 0.3819241982507289 0.8483965014577259 0.3819241982507289 0.8513119533527697 0.3848396501457726 0.8542274052478134 0.39941690962099125 0.8629737609329446 0.40816326530612246 0.8629737609329446 0.4198250728862974 0.8658892128279884 0.4227405247813411 0.8658892128279884 0.4518950437317784 0.8629737609329446 0.45481049562682213 0.8658892128279884 0.4577259475218659 0.8658892128279884 0.46647230320699706 0.8629737609329446 0.46938775510204084 0.8629737609329446 0.4752186588921283 0.8600583090379009 0.478134110787172 0.8600583090379009 0.48104956268221577 0.8542274052478134 0.4868804664723032 0.8513119533527697 0.4868804664723032 0.8483965014577259 0.4839650145772595 0.8483965014577259 0.48104956268221577 0.8542274052478134 0.4752186588921283 0.8513119533527697 0.47230320699708456 0.8571428571428571 0.46355685131195334 0.8571428571428571 0.446064139941691 0.8542274052478134 0.44314868804664725 0.8571428571428571 0.4402332361516035 0.8571428571428571 0.4198250728862974 0.8483965014577259 0.4110787172011662 0.8483965014577259 0.40233236151603496 0.8396501457725948 0.3935860058309038 0.8367346938775511 0.3935860058309038 0.8338192419825073 0.39067055393586003 0.8309037900874635 0.3819241982507289 0.8192419825072886 0.3819241982507289 0.8163265306122449 0.3848396501457726 0.7900874635568513 0.3848396501457726 0.7871720116618076 0.3877551020408163 0.7696793002915452 0.3877551020408163 0.7667638483965015 0.39067055393586003 0.749271137026239 0.39067055393586003 0.7463556851311953 0.3935860058309038 0.7230320699708455 0.3935860058309038 0.7201166180758017 0.3965014577259475 0.6997084548104956 0.3965014577259475 0.6967930029154519 0.39941690962099125 0.6763848396501457 0.39941690962099125 0.673469387755102 0.40233236151603496 0.6559766763848397 0.40233236151603496 0.6530612244897959 0.40524781341107874 0.6326530612244898 0.40524781341107874 0.6297376093294461 0.40816326530612246 0.6034985422740525 0.40816326530612246 0.6005830903790087 0.4110787172011662 0.5743440233236151 0.4110787172011662 0.5714285714285714 0.4139941690962099 0.5481049562682215 0.4139941690962099 0.5451895043731778 0.41690962099125367 0.5131195335276968 0.41690962099125367 0.5102040816326531 0.4198250728862974 0.49854227405247814 0.4198250728862974 0.4956268221574344 0.4227405247813411 0.4752186588921283 0.4227405247813411 0.47230320699708456 0.42565597667638483 0.446064139941691 0.42565597667638483 0.44314868804664725 0.42857142857142855 0.42565597667638483 0.42857142857142855 0.4227405247813411 0.4314868804664723 0.40816326530612246 0.4314868804664723 0.40524781341107874 0.43440233236151604 0.3935860058309038 0.43440233236151604 0.39067055393586003 0.43731778425655976 0.3819241982507289 0.43731778425655976 0.37900874635568516 0.4402332361516035 0.37026239067055394 0.4402332361516035 0.3673469387755102 0.44314868804664725 0.358600583090379 0.44314868804664725 0.3556851311953353 0.446064139941691 0.3469387755102041 0.446064139941691 0.34402332361516036 0.4489795918367347 0.33527696793002915 0.4489795918367347 0.3323615160349854 0.4518950437317784 0.3236151603498542 0.4518950437317784 0.3206997084548105 0.45481049562682213 0.3119533527696793 0.45481049562682213 0.30903790087463556 0.4577259475218659 0.29737609329446063 0.4577259475218659 0.2944606413994169 0.4606413994169096 0.27405247813411077 0.4606413994169096 0.27113702623906705 0.46355685131195334 0.2478134110787172 0.46355685131195334 0.24489795918367346 0.46647230320699706 0.2303206997084548 0.46647230320699706 0.22740524781341107 0.46938775510204084 0.20699708454810495 0.47230320699708456 0.20408163265306123 0.4752186588921283 0.18950437317784258 0.478134110787172 0.18658892128279883 0.48104956268221577 0.17201166180758018 0.4868804664723032 0.15160349854227406 0.5102040816326531 0.15160349854227406 0.5160349854227405 0.1457725947521866 0.5247813411078717 0.14868804664723032 0.5276967930029155 0.14868804664723032 0.5335276967930029 0.1457725947521866 0.5364431486880467 0.1457725947521866 0.5481049562682215 0.14868804664723032 0.5510204081632653 0.14868804664723032 0.5743440233236151 0.1457725947521866 0.577259475218659 0.1457725947521866 0.5860058309037901 0.15160349854227406 0.5918367346938775 0.15160349854227406 0.60932944606414 0.1457725947521866 0.6180758017492711 0.14868804664723032 0.6384839650145773 0.1457725947521866 0.641399416909621 0.1457725947521866 0.6472303206997084 0.14285714285714285 0.6501457725947521 0.14285714285714285 0.6530612244897959 0.14868804664723032 0.6618075801749271 0.14868804664723032 0.6676384839650146 0.14285714285714285 0.6763848396501457 0.1457725947521866 0.6793002915451894 0.1457725947521866 0.6938775510204082 0.14868804664723032 0.6967930029154519 0.14868804664723032 0.7055393586005831 0.1457725947521866 0.7084548104956269 0.13994169096209913 0.7230320699708455 0.2099125364431487 0.7230320699708455 0.21282798833819241 0.7201166180758017 0.24198250728862974 0.7201166180758017 0.24489795918367346 0.717201166180758 0.27696793002915454 0.717201166180758 0.27988338192419826 0.7142857142857143 0.3119533527696793 0.7142857142857143 0.31486880466472306 0.7113702623906706 0.3556851311953353 0.7113702623906706 0.358600583090379 0.7084548104956269 0.39067055393586003 0.7084548104956269 0.3935860058309038 0.7055393586005831 0.40524781341107874 0.7055393586005831 0.40816326530612246 0.7026239067055393 0.4314868804664723 0.7026239067055393 0.43440233236151604 0.6997084548104956 0.4518950437317784 0.6997084548104956 0.45481049562682213 0.6967930029154519 0.4897959183673469 0.6967930029154519 0.49271137026239065 0.6938775510204082 0.5102040816326531 0.6938775510204082 0.5131195335276968 0.6909620991253644 0.5393586005830904 0.6909620991253644 0.5422740524781341 0.6880466472303207 0.5685131195335277 0.6880466472303207 0.5714285714285714 0.685131195335277 0.5889212827988338 0.685131195335277 0.5918367346938775 0.6822157434402333 0.5947521865889213 0.685131195335277 0.6034985422740525 0.685131195335277 0.6064139941690962 0.6822157434402333 0.6239067055393586 0.6822157434402333 0.6268221574344023 0.6793002915451894 0.6443148688046647 0.6793002915451894 0.6472303206997084 0.6763848396501457 0.6676384839650146 0.6763848396501457 0.6705539358600583 0.673469387755102 0.6967930029154519 0.673469387755102 0.6997084548104956 0.6705539358600583 0.7259475218658892 0.6705539358600583 0.7288629737609329 0.6676384839650146 0.7521865889212828 0.6676384839650146 0.7551020408163265 0.6647230320699709 0.7667638483965015 0.6647230320699709 0.7696793002915452 0.6618075801749271 0.7988338192419825 0.6618075801749271 0.8017492711370262 0.6588921282798834 0.8163265306122449 0.6588921282798834 0.8192419825072886 0.6559766763848397 0.8396501457725948 0.6559766763848397 0.8425655976676385 0.6530612244897959 0.8746355685131195 0.6530612244897959 0.8775510204081632 0.6501457725947521 0.9037900874635568 0.6501457725947521 0.9067055393586005 0.6472303206997084 0.9183673469387755 0.6472303206997084 0.9212827988338192 0.6443148688046647 0.9271137026239067 0.6443148688046647 0.9300291545189504 0.641399416909621 0.9620991253644315 0.641399416909621 0.9650145772594753 0.6384839650145773 0.9795918367346939 0.6384839650145773 0.9825072886297376 0.6355685131195336 0.9970845481049563 0.6355685131195336
0 0.9970845481049563 0.09329446064139942 0.9883381924198251 0.09329446064139942 0.9854227405247813 0.09037900874635568 0.967930029154519 0.09037900874635568 0.9650145772594753 0.09329446064139942 0.9183673469387755 0.09329446064139942 0.9154518950437318 0.09620991253644315 0.892128279883382 0.09620991253644315 0.8892128279883382 0.09912536443148688 0.8658892128279884 0.09912536443148688 0.8629737609329446 0.10204081632653061 0.8513119533527697 0.10204081632653061 0.8483965014577259 0.10495626822157435 0.8309037900874635 0.10495626822157435 0.8279883381924198 0.10787172011661808 0.8075801749271136 0.10787172011661808 0.8046647230320699 0.11078717201166181 0.7842565597667639 0.11078717201166181 0.7813411078717201 0.11370262390670553 0.7667638483965015 0.11370262390670553 0.7638483965014577 0.11661807580174927 0.7521865889212828 0.11661807580174927 0.749271137026239 0.119533527696793 0.7405247813411079 0.119533527696793 0.7376093294460642 0.12244897959183673 0.7259475218658892 0.12244897959183673 0.7230320699708455 0.12536443148688048 0.7142857142857143 0.12536443148688048 0.7113702623906706 0.1282798833819242 0.6997084548104956 0.1282798833819242 0.6967930029154519 0.13119533527696792 0.6880466472303207 0.13119533527696792 0.685131195335277 0.13411078717201166 0.6763848396501457 0.13411078717201166 0.673469387755102 0.13702623906705538 0.6647230320699709 0.13702623906705538 0.6618075801749271 0.13994169096209913 0.6530612244897959 0.13994169096209913 0.6501457725947521 0.14285714285714285 0.641399416909621 0.14285714285714285 0.6384839650145773 0.1457725947521866 0.6297376093294461 0.1457725947521866 0.6268221574344023 0.14868804664723032 0.6180758017492711 0.14868804664723032 0.6151603498542274 0.15160349854227406 0.6064139941690962 0.15160349854227406 0.6034985422740525 0.15451895043731778 0.597667638483965 0.15451895043731778 0.5947521865889213 0.15743440233236153 0.5918367346938775 0.15743440233236153 0.5889212827988338 0.16034985422740525 0.5860058309037901 0.16034985422740525 0.5830903790087464 0.16326530612244897 0.577259475218659 0.16326530612244897 0.577259475218659 0.1661807580174927 0.5743440233236151 0.16909620991253643 0.5743440233236151 0.17201166180758018 0.5714285714285714 0.1749271137026239 0.5714285714285714 0.17784256559766765 0.5743440233236151 0.18075801749271136 0.5743440233236151 0.1924198250728863 0.5714285714285714 0.19533527696793002 0.5714285714285714 0.20116618075801748 0.5743440233236151 0.20408163265306123 0.5743440233236151 0.20699708454810495 0.577259475218659 0.2099125364431487 0.577259475218659 0.21574344023323616 0.5801749271137027 0.21865889212827988 0.5801749271137027 0.23323615160349853 0.5830903790087464 0.23615160349854228 0.5830903790087464 0.24198250728862974 0.5860058309037901 0.24489795918367346 0.5830903790087464 0.2478134110787172 0.5860058309037901 0.2478134110787172 0.5889212827988338 0.25072886297376096 0.5889212827988338 0.2565597667638484 0.5860058309037901 0.2594752186588921 0.5860058309037901 0.26239067055393583 0.5889212827988338 0.2653061224489796 0.5889212827988338 0.27113702623906705 0.5947521865889213 0.27696793002915454 0.5947521865889213 0.2886297376093295 0.597667638483965 0.2915451895043732 0.6005830903790087 0.2915451895043732 0.6034985422740525 0.2944606413994169 0.6064139941690962 0.2944606413994169 0.60932944606414 0.29737609329446063 0.60932944606414 0.30903790087463556 0.6151603498542274 0.30903790087463556 0.6180758017492711 0.3119533527696793 0.6180758017492711 0.3236151603498542 0.6326530612244898 0.3236151603498542 0.6355685131195336 0.32653061224489793 0.641399416909621 0.32653061224489793 0.6443148688046647 0.3294460641399417 0.6443148688046647 0.3323615160349854 0.6472303206997084 0.3323615160349854 0.6501457725947521 0.3294460641399417 0.6559766763848397 0.33527696793002915 0.6763848396501457 0.33527696793002915 0.6793002915451894 0.3323615160349854 0.685131195335277 0.3323615160349854 0.6880466472303207 0.33527696793002915 0.6997084548104956 0.33527696793002915 0.7026239067055393 0.3323615160349854 0.7084548104956269 0.3323615160349854 0.7113702623906706 0.3294460641399417 0.7142857142857143 0.3294460641399417 0.717201166180758 0.3323615160349854 0.7521865889212828 0.3323615160349854 0.7551020408163265 0.3294460641399417 0.760932944606414 0.3294460641399417 0.7638483965014577 0.32653061224489793 0.7725947521865889 0.32653061224489793 0.7755102040816326 0.3294460641399417 0.7784256559766763 0.32653061224489793 0.8163265306122449 0.32653061224489793 0.8192419825072886 0.3236151603498542 0.8338192419825073 0.3236151603498542 0.8367346938775511 0.3206997084548105 0.8571428571428571 0.3206997084548105 0.8600583090379009 0.3177842565597668 0.8833819241982507 0.3177842565597668 0.8862973760932945 0.31486880466472306 0.9096209912536443 0.31486880466472306 0.9125364431486881 0.3119533527696793 0.9416909620991254 0.3119533527696793 0.9446064139941691 0.30903790087463556 0.9591836734693877 0.30903790087463556 0.9620991253644315 0.30612244897959184 0.9825072886297376 0.30612244897959184 0.9854227405247813 0.3032069970845481 0.9970845481049563 0.3032069970845481
0 0.9970845481049563 0.7230320699708455 0.9883381924198251 0.7230320699708455 0.9854227405247813 0.7259475218658892 0.967930029154519 0.7259475218658892 0.9650145772594753 0.7288629737609329 0.9504373177842566 0.7288629737609329 0.9475218658892128 0.7317784256559767 0.9300291545189504 0.7317784256559767 0.9271137026239067 0.7346938775510204 0.8950437317784257 0.7346938775510204 0.892128279883382 0.7376093294460642 0.8717201166180758 0.7376093294460642 0.8688046647230321 0.7405247813411079 0.8396501457725948 0.7405247813411079 0.8367346938775511 0.7434402332361516 0.8163265306122449 0.7434402332361516 0.8134110787172012 0.7463556851311953 0.7959183673469388 0.7463556851311953 0.793002915451895 0.749271137026239 0.7725947521865889 0.749271137026239 0.7696793002915452 0.7521865889212828 0.7434402332361516 0.7521865889212828 0.7405247813411079 0.7551020408163265 0.7113702623906706 0.7551020408163265 0.7084548104956269 0.7580174927113703 0.6938775510204082 0.7580174927113703 0.6909620991253644 0.760932944606414 0.6909620991253644 0.7755102040816326 0.6938775510204082 0.7784256559766763 0.6938775510204082 0.7871720116618076 0.6967930029154519 0.7900874635568513 0.6967930029154519 0.8017492711370262 0.6997084548104956 0.8046647230320699 0.6997084548104956 0.8163265306122449 0.7026239067055393 0.8192419825072886 0.7026239067055393 0.8279883381924198 0.7055393586005831 0.8309037900874635 0.7055393586005831 0.8396501457725948 0.7084548104956269 0.8425655976676385 0.7084548104956269 0.8483965014577259 0.7113702623906706 0.8513119533527697 0.7113702623906706 0.8542274052478134 0.7142857142857143 0.8571428571428571 0.7142857142857143 0.8658892128279884 0.717201166180758 0.8688046647230321 0.717201166180758 0.8746355685131195 0.7201166180758017 0.8775510204081632 0.7201166180758017 0.8862973760932945 0.7230320699708455 0.8892128279883382 0.7230320699708455 0.8979591836734694 0.7259475218658892 0.9008746355685131 0.7259475218658892 0.9067055393586005 0.7288629737609329 0.9096209912536443 0.7288629737609329 0.9183673469387755 0.7317784256559767 0.9212827988338192 0.7317784256559767 0.9271137026239067 0.7346938775510204 0.9300291545189504 0.7346938775510204 0.9329446064139941 0.7376093294460642 0.9358600583090378 0.7376093294460642 0.9446064139941691 0.7405247813411079 0.9475218658892128 0.7405247813411079 0.9504373177842566 0.7434402332361516 0.9533527696793003 0.7434402332361516 0.956268221574344 0.7463556851311953 0.9591836734693877 0.7463556851311953 0.9620991253644315 0.749271137026239 0.9650145772594753 0.749271137026239 0.9708454810495627 0.7551020408163265 0.9766763848396501 0.7551020408163265 0.9795918367346939 0.7580174927113703 0.9825072886297376 0.7580174927113703 0.9854227405247813 0.760932944606414 0.9883381924198251 0.760932944606414 0.9941690962099126 0.7638483965014577 0.9970845481049563 0.9970845481049563 0.9970845481049563
0 0.10787172011661808 0.13994169096209913 0.11370262390670553 0.1457725947521866 0.12244897959183673 0.1457725947521866 0.13119533527696792 0.13994169096209913 0.15160349854227406 0.13994169096209913 0.15451895043731778 0.13702623906705538 0.1661807580174927 0.13702623906705538 0.16909620991253643 0.13411078717201166 0.1836734693877551 0.13411078717201166 0.18658892128279883 0.13119533527696792 0.19533527696793002 0.13119533527696792 0.19825072886297376 0.1282798833819242 0.20116618075801748 0.1282798833819242 0.20699708454810495 0.12244897959183673 0.2099125364431487 0.12244897959183673 0.21282798833819241 0.12536443148688048 0.22157434402332363 0.12536443148688048 0.22448979591836735 0.12244897959183673 0.24198250728862974 0.12244897959183673 0.24489795918367346 0.119533527696793 0.2594752186588921 0.119533527696793 0.26239067055393583 0.11661807580174927 0.27405247813411077 0.11661807580174927 0.27696793002915454 0.11370262390670553 0.29737609329446063 0.11370262390670553 0.30029154518950435 0.11078717201166181 0.3177842565597668 0.11078717201166181 0.3206997084548105 0.10787172011661808 0.3323615160349854 0.10787172011661808 0.33527696793002915 0.10495626822157435 0.33819241982507287 0.10495626822157435 0.34110787172011664 0.10204081632653061 0.3469387755102041 0.10204081632653061 0.3556851311953353 0.09620991253644315 0.358600583090379 0.09620991253644315 0.36151603498542273 0.09912536443148688 0.36443148688046645 0.09912536443148688 0.3673469387755102 0.09620991253644315 0.3760932944606414 0.09620991253644315 0.37900874635568516 0.09912536443148688 0.3819241982507289 0.09912536443148688 0.3848396501457726 0.09620991253644315 0.40233236151603496 0.09620991253644315 0.40524781341107874 0.09329446064139942 0.4227405247813411 0.09329446064139942 0.42565597667638483 0.09037900874635568 0.42857142857142855 0.09329446064139942 0.43731778425655976 0.09329446064139942 0.4402332361516035 0.09037900874635568 0.44314868804664725 0.09037900874635568 0.446064139941691 0.09329446064139942 0.4489795918367347 0.09037900874635568 0.45481049562682213 0.09037900874635568 0.4577259475218659 0.09329446064139942 0.47230320699708456 0.09329446064139942 0.4752186588921283 0.09037900874635568 0.4897959183673469 0.09037900874635568 0.49271137026239065 0.08746355685131195 0.5364431486880467 0.08746355685131195 0.5393586005830904 0.08454810495626822 0.5568513119533528 0.08454810495626822 0.5597667638483965 0.08163265306122448 0.5626822157434402 0.08454810495626822 0.565597667638484 0.08163265306122448 0.5918367346938775 0.08163265306122448 0.5947521865889213 0.07871720116618076 0.6034985422740525 0.07871720116618076 0.6064139941690962 0.07580174927113703 0.6239067055393586 0.07580174927113703 0.6268221574344023 0.0728862973760933 0.6472303206997084 0.0728862973760933 0.6501457725947521 0.06997084548104957 0.673469387755102 0.06997084548104957 0.6763848396501457 0.06705539358600583 0.6938775510204082 0.06705539358600583 0.6967930029154519 0.0641399416909621 0.6997084548104956 0.06705539358600583 0.7026239067055393 0.06705539358600583 0.7113702623906706 0.061224489795918366 0.7142857142857143 0.061224489795918366 0.717201166180758 0.0641399416909621 0.7201166180758017 0.061224489795918366 0.7376093294460642 0.061224489795918366 0.7405247813411079 0.05830903790087463 0.7521865889212828 0.05830903790087463 0.7551020408163265 0.05539358600583091 0.7725947521865889 0.05539358600583091 0.7755102040816326 0.052478134110787174 0.7988338192419825 0.052478134110787174 0.8017492711370262 0.04956268221574344 0.8134110787172012 0.04956268221574344 0.8163265306122449 0.04664723032069971 0.8309037900874635 0.04664723032069971 0.8338192419825073 0.043731778425655975 0.8600583090379009 0.043731778425655975 0.8629737609329446 0.04081632653061224 0.8746355685131195 0.04081632653061224 0.8775510204081632 0.037900874635568516 0.8979591836734694 0.037900874635568516 0.9008746355685131 0.03498542274052478 0.9067055393586005 0.03498542274052478 0.9096209912536443 0.03206997084548105 0.9125364431486881 0.03206997084548105 0.9154518950437318 0.03498542274052478 0.9183673469387755 0.03206997084548105 0.9212827988338192 0.03206997084548105 0.924198250728863 0.029154518950437316 0.924198250728863 0.026239067055393587 0.9212827988338192 0.023323615160349854 0.9212827988338192 0.01749271137026239 0.9183673469387755 0.014577259475218658 0.9183673469387755 0.008746355685131196 0.9125364431486881 0 0.3848396501457726 0 0.3848396501457726 0.0029154518950437317 0.37900874635568516 0.008746355685131196 0.3760932944606414 0.008746355685131196 0.3760932944606414 0.01749271137026239 0.37317784256559766 0.02040816326530612 0.37317784256559766 0.023323615160349854 0.3556851311953353 0.04081632653061224 0.3556851311953353 0.04664723032069971 0.35276967930029157 0.04956268221574344 0.3498542274052478 0.04664723032069971 0.3498542274052478 0.037900874635568516 0.3673469387755102 0.02040816326530612 0.3673469387755102 0.014577259475218658 0.36443148688046645 0.011661807580174927 0.3673469387755102 0.008746355685131196 0.37026239067055394 0.008746355685131196 0.37026239067055394 0.0058309037900874635 0.37900874635568516 0 0.3119533527696793 0 0.3119533527696793 0.0029154518950437317 0.31486880466472306 0.0029154518950437317 0.3177842565597668 0.0058309037900874635 0.3177842565597668 0.008746355685131196 0.31486880466472306 0.011661807580174927 0.3177842565597668 0.014577259475218658 0.3206997084548105 0.014577259475218658 0.32653061224489793 0.02040816326530612 0.3236151603498542 0.023323615160349854 0.31486880466472306 0.02040816326530612 0.30903790087463556 0.014577259475218658 0.30903790087463556 0.008746355685131196 0.3032069970845481 0.0029154518950437317 0.3032069970845481 0 0.12536443148688048 0 0.12536443148688048 0.0029154518950437317 0.119533527696793 0.008746355685131196 0.119533527696793 0.014577259475218658 0.11370262390670553 0.023323615160349854 0.11370262390670553 0.03206997084548105 0.11078717201166181 0.03498542274052478 0.11078717201166181 0.052478134110787174 0.10787172011661808 0.05539358600583091 0.10787172011661808 0.06997084548104957 0.10495626822157435 0.0728862973760933 0.10495626822157435 0.07871720116618076 0.10787172011661808 0.08163265306122448 0.10495626822157435 0.08454810495626822 0.10495626822157435 0.09620991253644315 0.10787172011661808 0.09912536443148688
0 0.03206997084548105 0.5014577259475219 0.026239067055393587 0.5014577259475219 0.023323615160349854 0.5043731778425656 0.01749271137026239 0.5043731778425656 0.014577259475218658 0.5072886297376094 0.008746355685131196 0.5072886297376094 0.0058309037900874635 0.5102040816326531 0 0.5102040816326531 0 0.7376093294460642 0.0029154518950437317 0.7376093294460642 0.0058309037900874635 0.7346938775510204 0.008746355685131196 0.7346938775510204 0.011661807580174927 0.7317784256559767 0.011661807580174927 0.7288629737609329 0.008746355685131196 0.7259475218658892 0.008746355685131196 0.7201166180758017 0.023323615160349854 0.7055393586005831 0.026239067055393587 0.7055393586005831 0.029154518950437316 0.7026239067055393 0.029154518950437316 0.6997084548104956 0.03206997084548105 0.6967930029154519 0.03206997084548105 0.6938775510204082 0.03498542274052478 0.6909620991253644 0.03498542274052478 0.6647230320699709 0.037900874635568516 0.6618075801749271 0.037900874635568516 0.60932944606414 0.04081632653061224 0.6064139941690962 0.04081632653061224 0.5364431486880467 0.037900874635568516 0.5335276967930029 0.037900874635568516 0.5131195335276968 0.03498542274052478 0.5102040816326531 0.03498542274052478 0.5072886297376094 0.03206997084548105 0.5043731778425656
0 0.026239067055393587 0.0029154518950437317 0.02040816326530612 0.0029154518950437317 0.01749271137026239 0.0058309037900874635 0 0.0058309037900874635 0 0.17784256559766765 0.0058309037900874635 0.17784256559766765 0.008746355685131196 0.1749271137026239 0.02040816326530612 0.1749271137026239 0.023323615160349854 0.17201166180758018 0.029154518950437316 0.17201166180758018 0.03206997084548105 0.1749271137026239 0.03498542274052478 0.17201166180758018 0.037900874635568516 0.17201166180758018 0.037900874635568516 0.16034985422740525 0.03498542274052478 0.15743440233236153 0.03498542274052478 0.05539358600583091 0.03206997084548105 0.052478134110787174 0.03206997084548105 0.037900874635568516 0.029154518950437316 0.03498542274052478 0.03206997084548105 0.03206997084548105 0.03206997084548105 0.014577259475218658 0.029154518950437316 0.011661807580174927 0.029154518950437316 0.0058309037900874635
0 0.9300291545189504 0.3673469387755102 0.9300291545189504 0.37026239067055394 0.9329446064139941 0.37317784256559766 0.9329446064139941 0.3760932944606414 0.9300291545189504 0.37900874635568516 0.9300291545189504 0.3819241982507289 0.9329446064139941 0.3819241982507289 0.9387755102040817 0.3877551020408163 0.9475218658892128 0.3877551020408163 0.9504373177842566 0.39067055393586003 0.9591836734693877 0.39067055393586003 0.9650145772594753 0.3965014577259475 0.9650145772594753 0.39941690962099125 0.956268221574344 0.40816326530612246 0.9533527696793003 0.40816326530612246 0.9504373177842566 0.4110787172011662 0.9475218658892128 0.4110787172011662 0.9416909620991254 0.41690962099125367 0.9416909620991254 0.42857142857142855 0.9446064139941691 0.4314868804664723 0.9446064139941691 0.43731778425655976 0.9416909620991254 0.4402332361516035 0.9416909620991254 0.44314868804664725 0.9387755102040817 0.446064139941691 0.9416909620991254 0.4489795918367347 0.9475218658892128 0.4489795918367347 0.9620991253644315 0.46355685131195334 0.9650145772594753 0.46355685131195334 0.967930029154519 0.46647230320699706 0.9708454810495627 0.46647230320699706 0.9737609329446064 0.46938775510204084 0.9825072886297376 0.46938775510204084 0.9941690962099126 0.48104956268221577 0.9970845481049563 0.48104956268221577 0.9970845481049563 0.36151603498542273 0.956268221574344 0.36151603498542273 0.9533527696793003 0.36443148688046645 0.9358600583090378 0.36443148688046645 0.9329446064139941 0.3673469387755102
1 0.6297376093294461 0.9883381924198251 0.6268221574344023 0.9854227405247813 0.6268221574344023 0.9766763848396501 0.6239067055393586 0.9737609329446064 0.6239067055393586 0.9650145772594753 0.6209912536443148 0.9620991253644315 0.6209912536443148 0.956268221574344 0.6180758017492711 0.9533527696793003 0.6180758017492711 0.9416909620991254 0.6151603498542274 0.9387755102040817 0.6151603498542274 0.9271137026239067 0.6122448979591837 0.924198250728863 0.6122448979591837 0.9154518950437318 0.60932944606414 0.9125364431486881 0.60932944606414 0.9037900874635568 0.6064139941690962 0.9008746355685131 0.6064139941690962 0.8862973760932945 0.60932944606414 0.8833819241982507 0.60932944606414 0.8571428571428571 0.6034985422740525 0.8513119533527697 0.6034985422740525 0.8483965014577259 0.6005830903790087 0.8454810495626822 0.6005830903790087 0.8425655976676385 0.597667638483965 0.8396501457725948 0.597667638483965 0.8367346938775511 0.5947521865889213 0.8338192419825073 0.5947521865889213 0.8309037900874635 0.5889212827988338 0.8250728862973761 0.5889212827988338 0.8221574344023324 0.5860058309037901 0.8192419825072886 0.5860058309037901 0.8163265306122449 0.5830903790087464 0.8134110787172012 0.5830903790087464 0.8104956268221575 0.5597667638483965 0.8104956268221575 0.5568513119533528 0.8134110787172012 0.5306122448979592 0.8134110787172012 0.5276967930029155 0.8163265306122449 0.5102040816326531 0.8163265306122449 0.5072886297376094 0.8192419825072886 0.4897959183673469 0.8192419825072886 0.4868804664723032 0.8221574344023324 0.478134110787172 0.8221574344023324 0.4752186588921283 0.8250728862973761 0.46647230320699706 0.8250728862973761 0.46355685131195334 0.8279883381924198 0.4227405247813411 0.8279883381924198 0.4198250728862974 0.8309037900874635 0.3965014577259475 0.8309037900874635 0.3935860058309038 0.8338192419825073 0.3469387755102041 0.8338192419825073 0.34402332361516036 0.8367346938775511 0.3119533527696793 0.8367346938775511 0.30903790087463556 0.8396501457725948 0.282798833819242 0.8396501457725948 0.27988338192419826 0.8425655976676385 0.23323615160349853 0.8425655976676385 0.2303206997084548 0.8454810495626822 0.22157434402332363 0.8454810495626822 0.21574344023323616 0.8396501457725948 0.21282798833819241 0.8396501457725948 0.20408163265306123 0.8309037900874635 0.19825072886297376 0.8309037900874635 0.19533527696793002 0.8279883381924198 0.17784256559766765 0.8279883381924198 0.1749271137026239 0.8309037900874635 0.16034985422740525 0.8309037900874635 0.15743440233236153 0.8338192419825073 0.13702623906705538 0.8338192419825073 0.13411078717201166 0.8367346938775511 0.11078717201166181 0.8367346938775511 0.10787172011661808 0.8396501457725948 0.09912536443148688 0.8396501457725948 0.09620991253644315 0.8425655976676385 0.09620991253644315 0.8454810495626822 0.08746355685131195 0.8542274052478134 0.08746355685131195 0.8600583090379009 0.09037900874635568 0.8629737609329446 0.09037900874635568 0.8658892128279884 0.09329446064139942 0.8688046647230321 0.09329446064139942 0.8717201166180758 0.09620991253644315 0.8746355685131195 0.09620991253644315 0.880466472303207 0.09912536443148688 0.8833819241982507 0.09912536443148688 0.8862973760932945 0.10204081632653061 0.8892128279883382 0.10204081632653061 0.8979591836734694 0.10495626822157435 0.9008746355685131 0.10495626822157435 0.9300291545189504 0.10204081632653061 0.9329446064139941 0.10204081632653061 0.9416909620991254 0.09912536443148688 0.9446064139941691 0.09912536443148688 0.9475218658892128 0.09037900874635568 0.956268221574344 0.09037900874635568 0.9591836734693877 0.08454810495626822 0.9650145772594753 0.08454810495626822 0.967930029154519 0.08163265306122448 0.9708454810495627 0.08163265306122448 0.9737609329446064 0.08454810495626822 0.9766763848396501 0.08454810495626822 0.9825072886297376 0.08746355685131195 0.9854227405247813 0.08454810495626822 0.9883381924198251 0.08454810495626822 0.9970845481049563 0.6297376093294461 0.9970845481049563
1 0.5043731778425656 0.34402332361516036 0.5043731778425656 0.3236151603498542 0.5014577259475219 0.3206997084548105 0.5014577259475219 0.3119533527696793 0.49854227405247814 0.30903790087463556 0.49854227405247814 0.29737609329446063 0.4956268221574344 0.2944606413994169 0.4956268221574344 0.282798833819242 0.49271137026239065 0.27988338192419826 0.49271137026239065 0.27113702623906705 0.4897959183673469 0.26822157434402333 0.4897959183673469 0.2594752186588921 0.4868804664723032 0.2565597667638484 0.4868804664723032 0.24489795918367346 0.4839650145772595 0.24198250728862974 0.4839650145772595 0.23615160349854228 0.48104956268221577 0.23323615160349853 0.48104956268221577 0.22448979591836735 0.478134110787172 0.22157434402332363 0.478134110787172 0.21282798833819241 0.4752186588921283 0.2099125364431487 0.4752186588921283 0.20116618075801748 0.47230320699708456 0.19825072886297376 0.47230320699708456 0.18950437317784258 0.46938775510204084 0.18658892128279883 0.46938775510204084 0.17784256559766765 0.46647230320699706 0.1749271137026239 0.46647230320699706 0.16326530612244897 0.46355685131195334 0.16034985422740525 0.44314868804664725 0.16034985422740525 0.4402332361516035 0.16326530612244897 0.41690962099125367 0.16326530612244897 0.4139941690962099 0.1661807580174927 0.39941690962099125 0.1661807580174927 0.3965014577259475 0.16909620991253643 0.37900874635568516 0.16909620991253643 0.3760932944606414 0.17201166180758018 0.36151603498542273 0.17201166180758018 0.358600583090379 0.1749271137026239 0.34110787172011664 0.1749271137026239 0.33819241982507287 0.17784256559766765 0.3177842565597668 0.17784256559766765 0.31486880466472306 0.18075801749271136 0.2915451895043732 0.18075801749271136 0.2886297376093295 0.1836734693877551 0.2565597667638484 0.1836734693877551 0.2536443148688047 0.18658892128279883 0.23615160349854228 0.18658892128279883 0.23323615160349853 0.18950437317784258 0.22157434402332363 0.18950437317784258 0.21865889212827988 0.1924198250728863 0.20699708454810495 0.1924198250728863 0.20408163265306123 0.19533527696793002 0.1924198250728863 0.19533527696793002 0.18950437317784258 0.19825072886297376 0.16034985422740525 0.19825072886297376 0.15743440233236153 0.20116618075801748 0.13119533527696792 0.20116618075801748 0.1282798833819242 0.20408163265306123 0.11661807580174927 0.20408163265306123 0.11370262390670553 0.20699708454810495 0.09912536443148688 0.20699708454810495 0.09620991253644315 0.2099125364431487 0.08454810495626822 0.2099125364431487 0.08163265306122448 0.21282798833819241 0.06997084548104957 0.21282798833819241 0.06705539358600583 0.21574344023323616 0.06705539358600583 0.21865889212827988 0.0641399416909621 0.22157434402332363 0.0641399416909621 0.22448979591836735 0.061224489795918366 0.22740524781341107 0.061224489795918366 0.2303206997084548 0.052478134110787174 0.239067055393586 0.052478134110787174 0.24198250728862974 0.04956268221574344 0.24489795918367346 0.04956268221574344 0.2478134110787172 0.04664723032069971 0.25072886297376096 0.04664723032069971 0.2594752186588921 0.052478134110787174 0.2653061224489796 0.052478134110787174 0.26822157434402333 0.05539358600583091 0.27113702623906705 0.05539358600583091 0.27988338192419826 0.052478134110787174 0.282798833819242 0.052478134110787174 0.3032069970845481 0.05830903790087463 0.30903790087463556 0.061224489795918366 0.30903790087463556 0.06997084548104957 0.3177842565597668 0.06997084548104957 0.34110787172011664 0.0728862973760933 0.34402332361516036 0.0728862973760933 0.3469387755102041 0.07580174927113703 0.3498542274052478 0.07580174927113703 0.35276967930029157 0.07871720116618076 0.3556851311953353 0.07871720116618076 0.358600583090379 0.08163265306122448 0.358600583090379 0.09037900874635568 0.3673469387755102 0.09329446064139942 0.3673469387755102 0.10204081632653061 0.3760932944606414 0.10204081632653061 0.3819241982507289 0.10495626822157435 0.3848396501457726 0.10495626822157435 0.39067055393586003 0.10787172011661808 0.3935860058309038 0.10787172011661808 0.39941690962099125 0.11661807580174927 0.39941690962099125 0.119533527696793 0.40233236151603496 0.119533527696793 0.40816326530612246 0.11661807580174927 0.4110787172011662 0.11370262390670553 0.4110787172011662 0.1282798833819242 0.4110787172011662 0.13119533527696792 0.4139941690962099 0.13411078717201166 0.4110787172011662 0.13702623906705538 0.4110787172011662 0.13994169096209913 0.40816326530612246 0.13994169096209913 0.40524781341107874 0.14285714285714285 0.40233236151603496 0.1457725947521866 0.40233236151603496 0.14868804664723032 0.39941690962099125 0.16326530612244897 0.39941690962099125 0.1661807580174927 0.3965014577259475 0.18658892128279883 0.3965014577259475 0.18950437317784258 0.3935860058309038 0.20408163265306123 0.3935860058309038 0.20699708454810495 0.39067055393586003 0.2099125364431487 0.39067055393586003 0.21282798833819241 0.3877551020408163 0.21574344023323616 0.3877551020408163 0.21865889212827988 0.3848396501457726 0.22157434402332363 0.3848396501457726 0.22740524781341107 0.39067055393586003 0.23323615160349853 0.39067055393586003 0.23615160349854228 0.3877551020408163 0.2478134110787172 0.3877551020408163 0.25072886297376096 0.3848396501457726 0.27988338192419826 0.3848396501457726 0.282798833819242 0.3819241982507289 0.2915451895043732 0.3819241982507289 0.2944606413994169 0.37900874635568516 0.30612244897959184 0.37900874635568516 0.30903790087463556 0.3760932944606414 0.34110787172011664 0.3760932944606414 0.34402332361516036 0.37317784256559766 0.3673469387755102 0.37317784256559766 0.37026239067055394 0.37026239067055394 0.39067055393586003 0.37026239067055394 0.3935860058309038 0.3673469387755102 0.40524781341107874 0.3673469387755102 0.40816326530612246 0.36443148688046645 0.42857142857142855 0.36443148688046645 0.4314868804664723 0.36151603498542273 0.43731778425655976 0.36151603498542273 0.4402332361516035 0.358600583090379 0.46647230320699706 0.358600583090379 0.46938775510204084 0.3556851311953353 0.478134110787172 0.3556851311953353 0.48104956268221577 0.358600583090379 0.4839650145772595 0.3556851311953353 0.4897959183673469 0.3556851311953353 0.4956268221574344 0.3498542274052478 0.49854227405247814 0.3498542274052478
1 0 0.27988338192419826 0 0.4489795918367347 0.0029154518950437317 0.4489795918367347 0.0058309037900874635 0.446064139941691 0.026239067055393587 0.446064139941691 0.029154518950437316 0.44314868804664725 0.04664723032069971 0.44314868804664725 0.04956268221574344 0.4402332361516035 0.052478134110787174 0.4402332361516035 0.05539358600583091 0.44314868804664725 0.05830903790087463 0.44314868804664725 0.061224489795918366 0.4402332361516035 0.0728862973760933 0.4402332361516035 0.07580174927113703 0.43731778425655976 0.07580174927113703 0.42857142857142855 0.0728862973760933 0.42565597667638483 0.0728862973760933 0.4227405247813411 0.06997084548104957 0.4198250728862974 0.06997084548104957 0.4139941690962099 0.06705539358600583 0.4110787172011662 0.06705539358600583 0.40816326530612246 0.05830903790087463 0.39941690962099125 0.05539358600583091 0.39941690962099125 0.052478134110787174 0.3965014577259475 0.04956268221574344 0.3965014577259475 0.04081632653061224 0.3877551020408163 0.04081632653061224 0.3848396501457726 0.03206997084548105 0.3760932944606414 0.03206997084548105 0.37317784256559766 0.029154518950437316 0.37026239067055394 0.029154518950437316 0.34402332361516036 0.026239067055393587 0.34110787172011664 0.026239067055393587 0.33819241982507287 0.023323615160349854 0.33527696793002915 0.023323615160349854 0.3032069970845481 0.01749271137026239 0.29737609329446063 0.014577259475218658 0.29737609329446063 0 0.282798833819242
1 0.0029154518950437317 0.8746355685131195 0 0.8775510204081632 0 0.9970845481049563 0.04081632653061224 0.9970845481049563 0.04081632653061224 0.9766763848396501 0.043731778425655975 0.9737609329446064 0.043731778425655975 0.9708454810495627 0.04956268221574344 0.9650145772594753 0.052478134110787174 0.9650145772594753 0.052478134110787174 0.9620991253644315 0.05539358600583091 0.9591836734693877 0.05539358600583091 0.956268221574344 0.05830903790087463 0.9533527696793003 0.05830903790087463 0.9475218658892128 0.061224489795918366 0.9446064139941691 0.05830903790087463 0.9416909620991254 0.05830903790087463 0.9387755102040817 0.05539358600583091 0.9358600583090378 0.05539358600583091 0.9300291545189504 0.052478134110787174 0.9271137026239067 0.052478134110787174 0.9212827988338192 0.04956268221574344 0.9183673469387755 0.04956268221574344 0.9125364431486881 0.04664723032069971 0.9096209912536443 0.04664723032069971 0.9067055393586005 0.043731778425655975 0.9037900874635568 0.043731778425655975 0.892128279883382 0.037900874635568516 0.8862973760932945 0.037900874635568516 0.8833819241982507 0.03498542274052478 0.8833819241982507 0.029154518950437316 0.8775510204081632 0.026239067055393587 0.8775510204081632 0.023323615160349854 0.8746355685131195
1 0.026239067055393587 0.23323615160349853 0.02040816326530612 0.23323615160349853 0.01749271137026239 0.23615160349854228 0.0029154518950437317 0.23615160349854228 0 0.239067055393586 0 0.26822157434402333 0.011661807580174927 0.2565597667638484 0.014577259475218658 0.2565597667638484 0.023323615160349854 0.2478134110787172 0.023323615160349854 0.239067055393586 0.026239067055393587 0.23615160349854228
2 0.023323615160349854 0 0.026239067055393587 0 0.03206997084548105 0.0058309037900874635 0.03206997084548105 0.011661807580174927 0.03498542274052478 0.014577259475218658 0.03498542274052478 0.03206997084548105 0.029154518950437316 0.037900874635568516 0.03206997084548105 0.03498542274052478 0.03498542274052478 0.037900874635568516 0.03498542274052478 0.052478134110787174 0.037900874635568516 0.05539358600583091 0.037900874635568516 0.15743440233236153 0.04081632653061224 0.16034985422740525 0.04081632653061224 0.17201166180758018 0.037900874635568516 0.1749271137026239 0.03498542274052478 0.1749271137026239 0.026239067055393587 0.18658892128279883 0.026239067055393587 0.18950437317784258 0.029154518950437316 0.1924198250728863 0.029154518950437316 0.19825072886297376 0.03498542274052478 0.20699708454810495 0.03498542274052478 0.21574344023323616 0.029154518950437316 0.22157434402332363 0.029154518950437316 0.23615160349854228 0.026239067055393587 0.239067055393586 0.026239067055393587 0.2478134110787172 0 0.27113702623906705 0 0.27696793002915454 0.0029154518950437317 0.27988338192419826 0.0029154518950437317 0.282798833819242 0.026239067055393587 0.3032069970845481 0.026239067055393587 0.33527696793002915 0.03206997084548105 0.34402332361516036 0.03206997084548105 0.37026239067055394 0.03498542274052478 0.37317784256559766 0.03498542274052478 0.3760932944606414 0.04956268221574344 0.3935860058309038 0.05830903790087463 0.3965014577259475 0.06997084548104957 0.40816326530612246 0.06997084548104957 0.4110787172011662 0.0728862973760933 0.4139941690962099 0.0728862973760933 0.4198250728862974 0.07871720116618076 0.42857142857142855 0.07871720116618076 0.43731778425655976 0.07580174927113703 0.4402332361516035 0.0728862973760933 0.4489795918367347 0.05830903790087463 0.46355685131195334 0.05830903790087463 0.46647230320699706 0.04956268221574344 0.47230320699708456 0.04956268221574344 0.478134110787172 0.03498542274052478 0.49271137026239065 0.03498542274052478 0.4956268221574344 0.03206997084548105 0.49854227405247814 0.04081632653061224 0.5131195335276968 0.04081632653061224 0.5335276967930029 0.043731778425655975 0.5364431486880467 0.043731778425655975 0.6064139941690962 0.04081632653061224 0.60932944606414 0.04081632653061224 0.6618075801749271 0.037900874635568516 0.6647230320699709 0.037900874635568516 0.6909620991253644 0.03498542274052478 0.6938775510204082 0.03498542274052478 0.7026239067055393 0.037900874635568516 0.7055393586005831 0.037900874635568516 0.7113702623906706 0.03498542274052478 0.7142857142857143 0.03498542274052478 0.7230320699708455 0.03206997084548105 0.7259475218658892 0.03206997084548105 0.749271137026239 0.029154518950437316 0.7521865889212828 0.029154518950437316 0.7696793002915452 0.03206997084548105 0.7725947521865889 0.03206997084548105 0.7784256559766763 0.029154518950437316 0.7813411078717201 0.029154518950437316 0.7842565597667639 0.03206997084548105 0.7871720116618076 0.03206997084548105 0.793002915451895 0.037900874635568516 0.7988338192419825 0.037900874635568516 0.8367346938775511 0.03206997084548105 0.8425655976676385 0.03206997084548105 0.8454810495626822 0.023323615160349854 0.8600583090379009 0.023323615160349854 0.8717201166180758 0.03498542274052478 0.880466472303207 0.037900874635568516 0.880466472303207 0.04664723032069971 0.892128279883382 0.04664723032069971 0.9037900874635568 0.052478134110787174 0.9125364431486881 0.052478134110787174 0.9183673469387755 0.05539358600583091 0.9212827988338192 0.05830903790087463 0.9358600583090378 0.0641399416909621 0.9446064139941691 0.061224489795918366 0.9475218658892128 0.061224489795918366 0.9533527696793003 0.05830903790087463 0.956268221574344 0.05539358600583091 0.9650145772594753 0.052478134110787174 0.967930029154519 0.04956268221574344 0.967930029154519 0.043731778425655975 0.9766763848396501 0.043731778425655975 0.9970845481049563 0.08163265306122448 0.9970845481049563 0.08163265306122448 0.9883381924198251 0.08454810495626822 0.9854227405247813 0.08163265306122448 0.9825072886297376 0.08163265306122448 0.9766763848396501 0.07871720116618076 0.9737609329446064 0.07871720116618076 0.9708454810495627 0.08746355685131195 0.9591836734693877 0.08746355685131195 0.956268221574344 0.09620991253644315 0.9475218658892128 0.09620991253644315 0.9446064139941691 0.09912536443148688 0.9416909620991254 0.09912536443148688 0.9329446064139941 0.10204081632653061 0.9300291545189504 0.10204081632653061 0.9008746355685131 0.09912536443148688 0.8979591836734694 0.09912536443148688 0.8892128279883382 0.09329446064139942 0.880466472303207 0.09329446064139942 0.8746355685131195 0.08454810495626822 0.8600583090379009 0.08454810495626822 0.8542274052478134 0.09329446064139942 0.8454810495626822 0.09329446064139942 0.8425655976676385 0.09912536443148688 0.8367346938775511 0.10495626822157435 0.8367346938775511 0.10495626822157435 0.8338192419825073 0.09620991253644315 0.8221574344023324 0.09620991253644315 0.8192419825072886 0.09329446064139942 0.8163265306122449 0.09037900874635568 0.8163265306122449 0.08746355685131195 0.8134110787172012 0.08746355685131195 0.8104956268221575 0.07871720116618076 0.8046647230320699 0.07871720116618076 0.7725947521865889 0.07580174927113703 0.7696793002915452 0.07580174927113703 0.7638483965014577 0.0728862973760933 0.760932944606414 0.0728862973760933 0.7580174927113703 0.06997084548104957 0.7551020408163265 0.06997084548104957 0.749271137026239 0.06705539358600583 0.7463556851311953 0.06705539358600583 0.717201166180758 0.07580174927113703 0.7055393586005831 0.07580174927113703 0.6705539358600583 0.0728862973760933 0.6676384839650146 0.0728862973760933 0.6151603498542274 0.06997084548104957 0.6122448979591837 0.06997084548104957 0.6064139941690962 0.0641399416909621 0.6005830903790087 0.0641399416909621 0.577259475218659 0.06997084548104957 0.5714285714285714 0.06997084548104957 0.565597667638484 0.0728862973760933 0.5626822157434402 0.0728862973760933 0.5568513119533528 0.07580174927113703 0.5539358600583091 0.07580174927113703 0.5422740524781341 0.0728862973760933 0.5393586005830904 0.0728862973760933 0.5335276967930029 0.06997084548104957 0.5306122448979592 0.06997084548104957 0.4839650145772595 0.09037900874635568 0.46355685131195334 0.09037900874635568 0.4606413994169096 0.09329446064139942 0.4577259475218659 0.09329446064139942 0.4518950437317784 0.09912536443148688 0.446064139941691 0.09912536443148688 0.4402332361516035 0.10495626822157435 0.4314868804664723 0.10495626822157435 0.41690962099125367 0.11370262390670553 0.40816326530612246 0.11661807580174927 0.40816326530612246 0.11661807580174927 0.40233236151603496 0.10787172011661808 0.40233236151603496 0.10495626822157435 0.39941690962099125 0.10495626822157435 0.3935860058309038 0.10204081632653061 0.39067055393586003 0.09912536443148688 0.3760932944606414 0.07580174927113703 0.358600583090379 0.07580174927113703 0.3556851311953353 0.06705539358600583 0.34110787172011664 0.06705539358600583 0.3177842565597668 0.04956268221574344 0.3032069970845481 0.04956268221574344 0.282798833819242 0.052478134110787174 0.27988338192419826 0.052478134110787174 0.27113702623906705 0.043731778425655975 0.2594752186588921 0.043731778425655975 0.25072886297376096 0.04664723032069971 0.2478134110787172 0.04956268221574344 0.239067055393586 0.05830903790087463 0.2303206997084548 0.05830903790087463 0.22740524781341107 0.0641399416909621 0.21865889212827988 0.0641399416909621 0.2099125364431487 0.05830903790087463 0.20116618075801748 0.0641399416909621 0.19533527696793002 0.0641399416909621 0.1749271137026239 0.05830903790087463 0.1661807580174927 0.05830903790087463 0.16326530612244897 0.0641399416909621 0.15743440233236153 0.0641399416909621 0.13411078717201166 0.061224489795918366 0.13119533527696792 0.061224489795918366 0.119533527696793 0.05539358600583091 0.11078717201166181 0.05539358600583091 0.10204081632653061 0.052478134110787174 0.09912536443148688 0.052478134110787174 0.09620991253644315 0.05539358600583091 0.09329446064139942 0.05539358600583091 0.08163265306122448 0.052478134110787174 0.07871720116618076 0.052478134110787174 0.0641399416909621 0.061224489795918366 0.052478134110787174 0.05830903790087463 0.04956268221574344 0.05830903790087463 0.04081632653061224 0.052478134110787174 0.03498542274052478 0.052478134110787174 0
2 0.8775510204081632 0.3760932944606414 0.8658892128279884 0.3760932944606414 0.8629737609329446 0.37900874635568516 0.8571428571428571 0.37900874635568516 0.8542274052478134 0.3819241982507289 0.8513119533527697 0.37900874635568516 0.8338192419825073 0.37900874635568516 0.8338192419825073 0.3848396501457726 0.8367346938775511 0.3877551020408163 0.8367346938775511 0.39067055393586003 0.8396501457725948 0.39067055393586003 0.8513119533527697 0.40233236151603496 0.8513119533527697 0.4110787172011662 0.8600583090379009 0.4198250728862974 0.8600583090379009 0.4402332361516035 0.8571428571428571 0.44314868804664725 0.8600583090379009 0.446064139941691 0.8600583090379009 0.46355685131195334 0.8571428571428571 0.46647230320699706 0.8571428571428571 0.46938775510204084 0.8542274052478134 0.47230320699708456 0.8571428571428571 0.4752186588921283 0.8513119533527697 0.48104956268221577 0.8513119533527697 0.4839650145772595 0.8454810495626822 0.4897959183673469 0.8454810495626822 0.49271137026239065 0.8396501457725948 0.49854227405247814 0.8367346938775511 0.49854227405247814 0.8338192419825073 0.5014577259475219 0.8279883381924198 0.5014577259475219 0.8192419825072886 0.49271137026239065 0.8163265306122449 0.4956268221574344 0.8163265306122449 0.49854227405247814 0.8134110787172012 0.5014577259475219 0.8134110787172012 0.5072886297376094 0.8163265306122449 0.5102040816326531 0.8163265306122449 0.5131195335276968 0.8134110787172012 0.5160349854227405 0.8075801749271136 0.5160349854227405 0.8075801749271136 0.5189504373177842 0.8104956268221575 0.521865889212828 0.8104956268221575 0.5393586005830904 0.8134110787172012 0.5422740524781341 0.8134110787172012 0.5451895043731778 0.8075801749271136 0.5510204081632653 0.8075801749271136 0.5626822157434402 0.8104956268221575 0.5597667638483965 0.8075801749271136 0.5568513119533528 0.8104956268221575 0.5539358600583091 0.8104956268221575 0.5510204081632653 0.8134110787172012 0.5481049562682215 0.8134110787172012 0.5451895043731778 0.8163265306122449 0.5422740524781341 0.8163265306122449 0.5393586005830904 0.8134110787172012 0.5364431486880467 0.8134110787172012 0.5306122448979592 0.8163265306122449 0.5276967930029155 0.8163265306122449 0.5247813411078717 0.8192419825072886 0.521865889212828 0.8192419825072886 0.5043731778425656 0.8221574344023324 0.5014577259475219 0.8250728862973761 0.5014577259475219 0.8279883381924198 0.5043731778425656 0.8367346938775511 0.5043731778425656 0.8396501457725948 0.5014577259475219 0.8425655976676385 0.5014577259475219 0.8454810495626822 0.49854227405247814 0.8454810495626822 0.4956268221574344 0.8483965014577259 0.49271137026239065 0.8483965014577259 0.4868804664723032 0.8513119533527697 0.4839650145772595 0.8542274052478134 0.4839650145772595 0.8571428571428571 0.48104956268221577 0.8571428571428571 0.478134110787172 0.8600583090379009 0.4752186588921283 0.8600583090379009 0.46938775510204084 0.8629737609329446 0.46647230320699706 0.8629737609329446 0.4577259475218659 0.8600583090379009 0.45481049562682213 0.8629737609329446 0.4518950437317784 0.8629737609329446 0.4227405247813411 0.8600583090379009 0.4198250728862974 0.8600583090379009 0.40816326530612246 0.8513119533527697 0.39941690962099125 0.8513119533527697 0.3935860058309038 0.8483965014577259 0.39067055393586003 0.8483965014577259 0.3848396501457726 0.8454810495626822 0.3819241982507289 0.8483965014577259 0.37900874635568516 0.8513119533527697 0.37900874635568516 0.8571428571428571 0.3848396501457726 0.8658892128279884 0.3848396501457726 0.8658892128279884 0.3819241982507289 0.8688046647230321 0.37900874635568516 0.8775510204081632 0.37900874635568516
2 0.9271137026239067 0.36443148688046645 0.924198250728863 0.3673469387755102 0.924198250728863 0.37317784256559766 0.9212827988338192 0.3760932944606414 0.9212827988338192 0.37900874635568516 0.9183673469387755 0.3819241982507289 0.9183673469387755 0.3848396501457726 0.9212827988338192 0.3877551020408163 0.924198250728863 0.3877551020408163 0.9271137026239067 0.39067055393586003 0.9271137026239067 0.3935860058309038 0.9300291545189504 0.3935860058309038 0.9329446064139941 0.3965014577259475 0.9358600583090378 0.3965014577259475 0.9387755102040817 0.39941690962099125 0.9446064139941691 0.39941690962099125 0.9475218658892128 0.40233236151603496 0.9358600583090378 0.4139941690962099 0.9329446064139941 0.4139941690962099 0.9329446064139941 0.4227405247813411 0.9358600583090378 0.42565597667638483 0.9358600583090378 0.43731778425655976 0.9300291545189504 0.44314868804664725 0.9329446064139941 0.446064139941691 0.9329446064139941 0.4518950437317784 0.9358600583090378 0.45481049562682213 0.9358600583090378 0.4606413994169096 0.9387755102040817 0.4606413994169096 0.9416909620991254 0.46355685131195334 0.9504373177842566 0.46355685131195334 0.9533527696793003 0.46647230320699706 0.956268221574344 0.46647230320699706 0.9591836734693877 0.46938775510204084 0.9650145772594753 0.46938775510204084 0.967930029154519 0.47230320699708456 0.9708454810495627 0.47230320699708456 0.9737609329446064 0.4752186588921283 0.9795918367346939 0.4752186588921283 0.9883381924198251 0.4839650145772595 0.9912536443148688 0.4839650145772595 0.9941690962099126 0.4868804664723032 0.9970845481049563 0.4868804664723032 0.9970845481049563 0.4839650145772595 0.9941690962099126 0.4839650145772595 0.9825072886297376 0.47230320699708456 0.9737609329446064 0.47230320699708456 0.9708454810495627 0.46938775510204084 0.967930029154519 0.46938775510204084 0.9650145772594753 0.46647230320699706 0.9620991253644315 0.46647230320699706 0.9475218658892128 0.4518950437317784 0.9416909620991254 0.4518950437317784 0.9358600583090378 0.446064139941691 0.9387755102040817 0.44314868804664725 0.9387755102040817 0.4402332361516035 0.9416909620991254 0.43731778425655976 0.9416909620991254 0.4314868804664723 0.9387755102040817 0.42857142857142855 0.9387755102040817 0.41690962099125367 0.9475218658892128 0.40816326530612246 0.9504373177842566 0.40816326530612246 0.9533527696793003 0.40524781341107874 0.956268221574344 0.40524781341107874 0.9620991253644315 0.39941690962099125 0.9620991253644315 0.3965014577259475 0.9591836734693877 0.3935860058309038 0.9504373177842566 0.3935860058309038 0.9475218658892128 0.39067055393586003 0.9387755102040817 0.39067055393586003 0.9329446064139941 0.3848396501457726 0.9300291545189504 0.3848396501457726 0.9271137026239067 0.3819241982507289 0.9271137026239067 0.37900874635568516 0.9300291545189504 0.3760932944606414 0.9300291545189504 0.37317784256559766 0.9271137026239067 0.37026239067055394
2 0.30612244897959184 0 0.30612244897959184 0.0029154518950437317 0.3119533527696793 0.008746355685131196 0.3119533527696793 0.014577259475218658 0.31486880466472306 0.01749271137026239 0.3177842565597668 0.01749271137026239 0.3206997084548105 0.02040816326530612 0.3236151603498542 0.02040816326530612 0.32653061224489793 0.023323615160349854 0.32653061224489793 0.03498542274052478 0.3294460641399417 0.037900874635568516 0.3294460641399417 0.052478134110787174 0.33527696793002915 0.05830903790087463 0.33527696793002915 0.0641399416909621 0.3323615160349854 0.06705539358600583 0.3323615160349854 0.08454810495626822 0.34110787172011664 0.08454810495626822 0.34110787172011664 0.08163265306122448 0.3469387755102041 0.07580174927113703 0.3469387755102041 0.0728862973760933 0.3498542274052478 0.06997084548104957 0.3469387755102041 0.06705539358600583 0.3469387755102041 0.052478134110787174 0.34402332361516036 0.052478134110787174 0.34402332361516036 0.05830903790087463 0.34110787172011664 0.061224489795918366 0.33527696793002915 0.05539358600583091 0.33527696793002915 0.052478134110787174 0.3323615160349854 0.04956268221574344 0.3323615160349854 0.029154518950437316 0.3206997084548105 0.01749271137026239 0.3177842565597668 0.01749271137026239 0.3119533527696793 0.011661807580174927 0.31486880466472306 0.008746355685131196 0.31486880466472306 0.0058309037900874635 0.3119533527696793 0.0058309037900874635 0.30903790087463556 0.0029154518950437317 0.30903790087463556 0
2 0.3819241982507289 0 0.3760932944606414 0.0058309037900874635 0.37317784256559766 0.0058309037900874635 0.37317784256559766 0.008746355685131196 0.37026239067055394 0.011661807580174927 0.3673469387755102 0.011661807580174927 0.37026239067055394 0.014577259475218658 0.37026239067055394 0.02040816326530612 0.35276967930029157 0.037900874635568516 0.35276967930029157 0.04664723032069971 0.35276967930029157 0.04081632653061224 0.37026239067055394 0.023323615160349854 0.37026239067055394 0.02040816326530612 0.37317784256559766 0.01749271137026239 0.37317784256559766 0.008746355685131196 0.3760932944606414 0.0058309037900874635 0.37900874635568516 0.0058309037900874635 0.3819241982507289 0.0029154518950437317