0 0.4669421487603306 0.7975206611570248 0.4669421487603306 0.8946280991735537 0.46487603305785125 0.8966942148760331 0.46487603305785125 0.9049586776859504 0.4669421487603306 0.9070247933884298 0.4669421487603306 0.9152892561983471 0.4690082644628099 0.9173553719008265 0.4690082644628099 0.9214876033057852 0.47107438016528924 0.9235537190082644 0.5640495867768595 0.9235537190082644 0.5661157024793388 0.9256198347107438 0.5805785123966942 0.9256198347107438 0.5826446280991735 0.9235537190082644 0.6632231404958677 0.9235537190082644 0.6652892561983471 0.9256198347107438 0.7024793388429752 0.9256198347107438 0.7045454545454546 0.9235537190082644 0.7541322314049587 0.9235537190082644 0.756198347107438 0.9256198347107438 0.7995867768595041 0.9256198347107438 0.8016528925619835 0.9235537190082644 0.8099173553719008 0.9235537190082644 0.8119834710743802 0.9256198347107438 0.8615702479338843 0.9256198347107438 0.8636363636363636 0.9235537190082644 0.8636363636363636 0.8925619834710744 0.8615702479338843 0.890495867768595 0.8615702479338843 0.8057851239669421 0.8553719008264463 0.7995867768595041 0.6363636363636364 0.7995867768595041 0.6342975206611571 0.7975206611570248
0 0.14049586776859505 0.05165289256198347 0.14049586776859505 0.11363636363636363 0.1384297520661157 0.11570247933884298 0.1384297520661157 0.13636363636363635 0.14049586776859505 0.1384297520661157 0.14049586776859505 0.14256198347107438 0.1384297520661157 0.1446280991735537 0.1384297520661157 0.16942148760330578 0.14049586776859505 0.16942148760330578 0.14256198347107438 0.17148760330578514 0.2066115702479339 0.17148760330578514 0.20867768595041322 0.17355371900826447 0.22107438016528927 0.17355371900826447 0.2231404958677686 0.17148760330578514 0.24586776859504134 0.17148760330578514 0.24793388429752067 0.17355371900826447 0.2644628099173554 0.17355371900826447 0.2665289256198347 0.17148760330578514 0.2727272727272727 0.17148760330578514 0.27479338842975204 0.17355371900826447 0.2809917355371901 0.17355371900826447 0.2830578512396694 0.17148760330578514 0.28512396694214875 0.17355371900826447 0.2975206611570248 0.17355371900826447 0.29958677685950413 0.17148760330578514 0.30991735537190085 0.17148760330578514 0.3119834710743802 0.17355371900826447 0.5 0.17355371900826447 0.5020661157024794 0.1756198347107438 0.5206611570247934 0.1756198347107438 0.5227272727272727 0.17355371900826447 0.5289256198347108 0.17355371900826447 0.53099173553719 0.17148760330578514 0.53099173553719 0.128099173553719 0.5330578512396694 0.12603305785123967 0.5330578512396694 0.09917355371900827 0.53099173553719 0.09710743801652892 0.53099173553719 0.07231404958677685 0.5330578512396694 0.07024793388429752 0.5330578512396694 0.05371900826446281 0.36983471074380164 0.05371900826446281 0.3677685950413223 0.05165289256198347 0.34297520661157027 0.05165289256198347 0.3409090909090909 0.05371900826446281 0.3305785123966942 0.05371900826446281 0.3285123966942149 0.05165289256198347
0 0.5268595041322314 0.6528925619834711 0.5103305785123967 0.6528925619834711 0.5082644628099173 0.6508264462809917 0.4772727272727273 0.6508264462809917 0.47520661157024796 0.6487603305785123 0.44834710743801653 0.6487603305785123 0.4462809917355372 0.6508264462809917 0.44421487603305787 0.6508264462809917 0.44214876033057854 0.6487603305785123 0.4152892561983471 0.6487603305785123 0.4132231404958678 0.6508264462809917 0.14669421487603307 0.6508264462809917 0.1446280991735537 0.6528925619834711 0.14256198347107438 0.6528925619834711 0.1384297520661157 0.6570247933884298 0.1384297520661157 0.6673553719008265 0.14049586776859505 0.6694214876033058 0.14049586776859505 0.7747933884297521 0.24793388429752067 0.7747933884297521 0.25 0.7727272727272727 0.27892561983471076 0.7727272727272727 0.2809917355371901 0.7747933884297521 0.3037190082644628 0.7747933884297521 0.30578512396694213 0.7727272727272727 0.3512396694214876 0.7727272727272727 0.35330578512396693 0.7747933884297521 0.3677685950413223 0.7747933884297521 0.36983471074380164 0.7727272727272727 0.41115702479338845 0.7727272727272727 0.4132231404958678 0.7706611570247934 0.44008264462809915 0.7706611570247934 0.44214876033057854 0.768595041322314 0.4607438016528926 0.768595041322314 0.4628099173553719 0.7665289256198347 0.48760330578512395 0.7665289256198347 0.4896694214876033 0.7644628099173554 0.49586776859504134 0.7644628099173554 0.49793388429752067 0.762396694214876 0.5041322314049587 0.762396694214876 0.506198347107438 0.7603305785123967 0.5082644628099173 0.7603305785123967 0.518595041322314 0.75 0.518595041322314 0.7458677685950413 0.5206611570247934 0.743801652892562 0.5206611570247934 0.737603305785124 0.5227272727272727 0.7355371900826446 0.5227272727272727 0.7272727272727273 0.5247933884297521 0.7252066115702479 0.5247933884297521 0.6962809917355371 0.5268595041322314 0.6942148760330579
0 0.4628099173553719 0.5 0.4628099173553719 0.5351239669421488 0.4607438016528926 0.5371900826446281 0.4607438016528926 0.5599173553719008 0.45867768595041325 0.5619834710743802 0.45867768595041325 0.5785123966942148 0.4607438016528926 0.5805785123966942 0.4607438016528926 0.5909090909090909 0.4628099173553719 0.5929752066115702 0.4628099173553719 0.5971074380165289 0.4669421487603306 0.6012396694214877 0.4669421487603306 0.6033057851239669 0.47107438016528924 0.6074380165289256 0.4731404958677686 0.6074380165289256 0.47520661157024796 0.609504132231405 0.4772727272727273 0.609504132231405 0.4793388429752066 0.6115702479338843 0.48760330578512395 0.6115702479338843 0.4896694214876033 0.6136363636363636 0.5082644628099173 0.6136363636363636 0.5103305785123967 0.6157024793388429 0.5495867768595041 0.6157024793388429 0.5516528925619835 0.6136363636363636 0.6053719008264463 0.6136363636363636 0.6074380165289256 0.6157024793388429 0.6260330578512396 0.6157024793388429 0.628099173553719 0.6177685950413223 0.6446280991735537 0.6177685950413223 0.6466942148760331 0.6198347107438017 0.7252066115702479 0.6198347107438017 0.7272727272727273 0.621900826446281 0.7871900826446281 0.621900826446281 0.7892561983471075 0.6198347107438017 0.8037190082644629 0.6198347107438017 0.8057851239669421 0.6177685950413223 0.8181818181818182 0.6177685950413223 0.8202479338842975 0.6157024793388429 0.8305785123966942 0.6157024793388429 0.8326446280991735 0.6136363636363636 0.8409090909090909 0.6136363636363636 0.8429752066115702 0.6115702479338843 0.8429752066115702 0.609504132231405 0.8450413223140496 0.6074380165289256 0.8450413223140496 0.6033057851239669 0.8471074380165289 0.6012396694214877 0.8471074380165289 0.5888429752066116 0.8491735537190083 0.5867768595041323 0.8491735537190083 0.5764462809917356 0.8512396694214877 0.5743801652892562 0.8512396694214877 0.5640495867768595 0.8533057851239669 0.5619834710743802 0.8533057851239669 0.5516528925619835 0.8553719008264463 0.5495867768595041 0.8553719008264463 0.512396694214876 0.8533057851239669 0.5103305785123967 0.8533057851239669 0.506198347107438 0.8512396694214877 0.5041322314049587 0.8491735537190083 0.5041322314049587 0.8471074380165289 0.5020661157024794 0.8037190082644629 0.5020661157024794 0.8016528925619835 0.5 0.7458677685950413 0.5 0.743801652892562 0.5020661157024794 0.71900826446281 0.5020661157024794 0.7169421487603306 0.5041322314049587 0.6962809917355371 0.5041322314049587 0.6942148760330579 0.5020661157024794 0.6652892561983471 0.5020661157024794 0.6632231404958677 0.5 0.5888429752066116 0.5 0.5867768595041323 0.49793388429752067 0.5847107438016529 0.49793388429752067 0.5826446280991735 0.5
0 0.8553719008264463 0.2066115702479339 0.8533057851239669 0.20454545454545456 0.8512396694214877 0.20454545454545456 0.8491735537190083 0.2066115702479339 0.8264462809917356 0.2066115702479339 0.8243801652892562 0.20454545454545456 0.7871900826446281 0.20454545454545456 0.7851239669421488 0.2024793388429752 0.7768595041322314 0.2024793388429752 0.7747933884297521 0.20454545454545456 0.75 0.20454545454545456 0.7479338842975206 0.2066115702479339 0.7293388429752066 0.2066115702479339 0.7272727272727273 0.20867768595041322 0.6859504132231405 0.20867768595041322 0.6838842975206612 0.2066115702479339 0.5847107438016529 0.2066115702479339 0.5826446280991735 0.20454545454545456 0.5516528925619835 0.20454545454545456 0.5495867768595041 0.2066115702479339 0.46487603305785125 0.2066115702479339 0.4628099173553719 0.20867768595041322 0.4628099173553719 0.256198347107438 0.4607438016528926 0.25826446280991733 0.4607438016528926 0.29545454545454547 0.4628099173553719 0.2975206611570248 0.4628099173553719 0.3037190082644628 0.46487603305785125 0.30578512396694213 0.46487603305785125 0.30785123966942146 0.4669421487603306 0.30991735537190085 0.4669421487603306 0.3119834710743802 0.47107438016528924 0.31611570247933884 0.4731404958677686 0.31611570247933884 0.47520661157024796 0.3181818181818182 0.4772727272727273 0.3181818181818182 0.4793388429752066 0.3202479338842975 0.49173553719008267 0.3202479338842975 0.493801652892562 0.32231404958677684 0.512396694214876 0.32231404958677684 0.5144628099173554 0.3243801652892562 0.5599173553719008 0.3243801652892562 0.5619834710743802 0.32231404958677684 0.7768595041322314 0.32231404958677684 0.7789256198347108 0.3202479338842975 0.7954545454545454 0.3202479338842975 0.7975206611570248 0.32231404958677684 0.8078512396694215 0.32231404958677684 0.8099173553719008 0.3202479338842975 0.8243801652892562 0.3202479338842975 0.8264462809917356 0.3181818181818182 0.8347107438016529 0.3181818181818182 0.8367768595041323 0.31611570247933884 0.8429752066115702 0.31611570247933884 0.8450413223140496 0.3140495867768595 0.8450413223140496 0.30785123966942146 0.8471074380165289 0.30578512396694213 0.8471074380165289 0.29545454545454547 0.8491735537190083 0.29338842975206614 0.8491735537190083 0.27892561983471076 0.8512396694214877 0.2768595041322314 0.8512396694214877 0.2706611570247934 0.8533057851239669 0.26859504132231404 0.8533057851239669 0.25413223140495866 0.8553719008264463 0.25206611570247933 0.8553719008264463 0.23553719008264462 0.8574380165289256 0.2334710743801653 0.8574380165289256 0.21694214876033058 0.8553719008264463 0.21487603305785125
0 0.53099173553719 0.3615702479338843 0.5289256198347108 0.3615702479338843 0.5268595041322314 0.359504132231405 0.5165289256198347 0.359504132231405 0.5144628099173554 0.3574380165289256 0.44421487603305787 0.3574380165289256 0.44214876033057854 0.35537190082644626 0.4318181818181818 0.35537190082644626 0.4297520661157025 0.3574380165289256 0.1446280991735537 0.3574380165289256 0.1446280991735537 0.38636363636363635 0.14256198347107438 0.3884297520661157 0.14256198347107438 0.4132231404958678 0.1446280991735537 0.4152892561983471 0.1446280991735537 0.44421487603305787 0.14256198347107438 0.4462809917355372 0.14256198347107438 0.44834710743801653 0.1446280991735537 0.45041322314049587 0.1446280991735537 0.47520661157024796 0.1921487603305785 0.47520661157024796 0.1921487603305785 0.47107438016528924 0.19421487603305784 0.4690082644628099 0.19421487603305784 0.4669421487603306 0.1921487603305785 0.46487603305785125 0.1921487603305785 0.4628099173553719 0.18801652892561985 0.4628099173553719 0.18388429752066116 0.45867768595041325 0.19008264462809918 0.4524793388429752 0.1921487603305785 0.4524793388429752 0.1962809917355372 0.44834710743801653 0.20041322314049587 0.4359504132231405 0.1962809917355372 0.4318181818181818 0.1962809917355372 0.4297520661157025 0.18388429752066116 0.41735537190082644 0.18181818181818182 0.41735537190082644 0.1797520661157025 0.4152892561983471 0.17768595041322313 0.4090909090909091 0.1756198347107438 0.4090909090909091 0.17355371900826447 0.41115702479338845 0.16735537190082644 0.41115702479338845 0.1652892561983471 0.4132231404958678 0.16115702479338842 0.4090909090909091 0.1652892561983471 0.4049586776859504 0.17355371900826447 0.4049586776859504 0.1756198347107438 0.40289256198347106 0.17768595041322313 0.40289256198347106 0.17768595041322313 0.3884297520661157 0.1797520661157025 0.38636363636363635 0.18388429752066116 0.390495867768595 0.18181818181818182 0.3925619834710744 0.18181818181818182 0.40082644628099173 0.18388429752066116 0.40289256198347106 0.18181818181818182 0.4049586776859504 0.18181818181818182 0.40702479338842973 0.18388429752066116 0.4090909090909091 0.18388429752066116 0.41115702479338845 0.1859504132231405 0.4132231404958678 0.18801652892561985 0.4132231404958678 0.1921487603305785 0.41735537190082644 0.1921487603305785 0.4194214876033058 0.19421487603305784 0.4214876033057851 0.1962809917355372 0.4214876033057851 0.2024793388429752 0.42768595041322316 0.20454545454545456 0.42768595041322316 0.2066115702479339 0.4297520661157025 0.2066115702479339 0.44008264462809915 0.2024793388429752 0.44421487603305787 0.2024793388429752 0.45041322314049587 0.19834710743801653 0.45454545454545453 0.1962809917355372 0.45454545454545453 0.1962809917355372 0.45661157024793386 0.20041322314049587 0.4607438016528926 0.20041322314049587 0.4628099173553719 0.2024793388429752 0.46487603305785125 0.2024793388429752 0.4669421487603306 0.20041322314049587 0.4690082644628099 0.19834710743801653 0.47520661157024796 0.21487603305785125 0.47520661157024796 0.2128099173553719 0.4731404958677686 0.21694214876033058 0.4690082644628099 0.2190082644628099 0.47107438016528924 0.2190082644628099 0.4690082644628099 0.22107438016528927 0.4669421487603306 0.2231404958677686 0.4669421487603306 0.22520661157024793 0.4690082644628099 0.22520661157024793 0.47107438016528924 0.22727272727272727 0.4690082644628099 0.22520661157024793 0.4669421487603306 0.22520661157024793 0.45041322314049587 0.22727272727272727 0.44834710743801653 0.22727272727272727 0.44214876033057854 0.23140495867768596 0.4359504132231405 0.23140495867768596 0.4318181818181818 0.2334710743801653 0.4297520661157025 0.2334710743801653 0.42768595041322316 0.23760330578512398 0.42355371900826444 0.2396694214876033 0.4256198347107438 0.2396694214876033 0.4297520661157025 0.23553719008264462 0.43388429752066116 0.23553719008264462 0.4380165289256198 0.2334710743801653 0.44008264462809915 0.2334710743801653 0.4462809917355372 0.23140495867768596 0.44834710743801653 0.23140495867768596 0.46487603305785125 0.23553719008264462 0.47107438016528924 0.23553719008264462 0.47520661157024796 0.41735537190082644 0.47520661157024796 0.4194214876033058 0.4731404958677686 0.4462809917355372 0.4731404958677686 0.44834710743801653 0.47107438016528924 0.45661157024793386 0.47107438016528924 0.45867768595041325 0.4731404958677686 0.4834710743801653 0.4731404958677686 0.4855371900826446 0.47107438016528924 0.5 0.47107438016528924 0.5020661157024794 0.4690082644628099 0.506198347107438 0.4690082644628099 0.5082644628099173 0.4669421487603306 0.512396694214876 0.4669421487603306 0.5227272727272727 0.45661157024793386 0.5227272727272727 0.45454545454545453 0.5247933884297521 0.4524793388429752 0.5247933884297521 0.44834710743801653 0.5268595041322314 0.4462809917355372 0.5268595041322314 0.4214876033057851 0.5289256198347108 0.4194214876033058 0.5289256198347108 0.39669421487603307 0.53099173553719 0.39462809917355374
0 0.21487603305785125 0.7995867768595041 0.20041322314049587 0.7995867768595041 0.19834710743801653 0.7975206611570248 0.15289256198347106 0.7975206611570248 0.15082644628099173 0.7995867768595041 0.13429752066115702 0.7995867768595041 0.1322314049586777 0.7975206611570248 0.11570247933884298 0.7975206611570248 0.11363636363636363 0.7995867768595041 0 0.7995867768595041 0 0.9256198347107438 0.20454545454545456 0.9256198347107438 0.2066115702479339 0.9235537190082644 0.2128099173553719 0.9235537190082644 0.2128099173553719 0.9194214876033058 0.21487603305785125 0.9173553719008265
0 0.7768595041322314 0.6549586776859504 0.7768595041322314 0.7706611570247934 0.7789256198347108 0.7706611570247934 0.7851239669421488 0.7768595041322314 0.8491735537190083 0.7768595041322314 0.8512396694214877 0.7789256198347108 0.8739669421487604 0.7789256198347108 0.8760330578512396 0.7768595041322314 0.8925619834710744 0.7768595041322314 0.8946280991735537 0.7789256198347108 0.9132231404958677 0.7789256198347108 0.9152892561983471 0.7768595041322314 0.9648760330578512 0.7768595041322314 0.9669421487603306 0.7789256198347108 0.9772727272727273 0.7789256198347108 0.9793388429752066 0.7768595041322314 0.9979338842975206 0.7768595041322314 0.9979338842975206 0.6549586776859504 0.8140495867768595 0.6549586776859504 0.8119834710743802 0.6528925619834711 0.8099173553719008 0.6549586776859504
0 0.7747933884297521 0.05785123966942149 0.7747933884297521 0.06611570247933884 0.7727272727272727 0.06818181818181818 0.7727272727272727 0.08471074380165289 0.7747933884297521 0.08677685950413223 0.7747933884297521 0.17148760330578514 0.7768595041322314 0.17355371900826447 0.7851239669421488 0.17355371900826447 0.7871900826446281 0.17148760330578514 0.7892561983471075 0.17355371900826447 0.8285123966942148 0.17355371900826447 0.8305785123966942 0.17148760330578514 0.8471074380165289 0.17148760330578514 0.8491735537190083 0.17355371900826447 0.9256198347107438 0.17355371900826447 0.9276859504132231 0.17148760330578514 0.9586776859504132 0.17148760330578514 0.9607438016528925 0.17355371900826447 0.9979338842975206 0.17355371900826447 0.9979338842975206 0.05165289256198347 0.8471074380165289 0.05165289256198347 0.8450413223140496 0.05371900826446281 0.78099173553719 0.05371900826446281 0.7789256198347108 0.05578512396694215 0.7768595041322314 0.05578512396694215
0 0 0.506198347107438 0 0.6260330578512396 0.049586776859504134 0.6260330578512396 0.05165289256198347 0.6239669421487604 0.0743801652892562 0.6239669421487604 0.07644628099173553 0.6260330578512396 0.14049586776859505 0.6260330578512396 0.14256198347107438 0.6239669421487604 0.21074380165289255 0.6239669421487604 0.2128099173553719 0.621900826446281 0.2128099173553719 0.5041322314049587 0.2066115702479339 0.5041322314049587 0.2128099173553719 0.5103305785123967 0.2128099173553719 0.512396694214876 0.21074380165289255 0.5144628099173554 0.20867768595041322 0.5144628099173554 0.2024793388429752 0.5082644628099173 0.2024793388429752 0.5041322314049587 0.09090909090909091 0.5041322314049587 0.08884297520661157 0.506198347107438 0.06818181818181818 0.506198347107438 0.06611570247933884 0.5041322314049587 0.026859504132231406 0.5041322314049587 0.024793388429752067 0.506198347107438
0 0 0.20454545454545456 0 0.3243801652892562 0.03925619834710744 0.3243801652892562 0.04132231404958678 0.32231404958677684 0.08264462809917356 0.32231404958677684 0.08471074380165289 0.3243801652892562 0.1115702479338843 0.3243801652892562 0.11363636363636363 0.32231404958677684 0.1322314049586777 0.32231404958677684 0.13429752066115702 0.3243801652892562 0.15495867768595042 0.3243801652892562 0.15702479338842976 0.32231404958677684 0.20867768595041322 0.32231404958677684 0.21074380165289255 0.3202479338842975 0.21074380165289255 0.2830578512396694 0.20867768595041322 0.2809917355371901 0.20867768595041322 0.22107438016528927 0.21074380165289255 0.2190082644628099 0.21074380165289255 0.21074380165289255 0.20867768595041322 0.20867768595041322 0.20867768595041322 0.2066115702479339 0.2066115702479339 0.20454545454545456 0.1652892561983471 0.20454545454545456 0.16322314049586778 0.2066115702479339 0.1115702479338843 0.2066115702479339 0.10950413223140495 0.20454545454545456 0.08884297520661157 0.20454545454545456 0.08677685950413223 0.2066115702479339 0.05991735537190083 0.2066115702479339 0.05785123966942149 0.20454545454545456 0.030991735537190084 0.20454545454545456 0.028925619834710745 0.2066115702479339 0.004132231404958678 0.2066115702479339 0.002066115702479339 0.20454545454545456
0 0.9979338842975206 0.359504132231405 0.9896694214876033 0.359504132231405 0.987603305785124 0.3574380165289256 0.9793388429752066 0.3574380165289256 0.9772727272727273 0.359504132231405 0.9318181818181818 0.359504132231405 0.9297520661157025 0.3574380165289256 0.9214876033057852 0.3574380165289256 0.9194214876033058 0.359504132231405 0.7830578512396694 0.359504132231405 0.7830578512396694 0.365702479338843 0.78099173553719 0.3677685950413223 0.78099173553719 0.38016528925619836 0.7830578512396694 0.3822314049586777 0.7830578512396694 0.3987603305785124 0.78099173553719 0.40082644628099173 0.78099173553719 0.4462809917355372 0.7830578512396694 0.44834710743801653 0.7830578512396694 0.4524793388429752 0.7851239669421488 0.45454545454545453 0.7851239669421488 0.45867768595041325 0.7954545454545454 0.4690082644628099 0.7975206611570248 0.4690082644628099 0.7995867768595041 0.47107438016528924 0.8099173553719008 0.47107438016528924 0.8119834710743802 0.4731404958677686 0.8450413223140496 0.4731404958677686 0.8471074380165289 0.47520661157024796 0.859504132231405 0.47520661157024796 0.8615702479338843 0.4731404958677686 0.9090909090909091 0.4731404958677686 0.9111570247933884 0.47107438016528924 0.9318181818181818 0.47107438016528924 0.9338842975206612 0.4731404958677686 0.9710743801652892 0.4731404958677686 0.9731404958677686 0.47520661157024796 0.9979338842975206 0.47520661157024796
0 0.2396694214876033 0.5 0.2396694214876033 0.5867768595041323 0.23760330578512398 0.5888429752066116 0.23760330578512398 0.5909090909090909 0.2396694214876033 0.5929752066115702 0.2396694214876033 0.609504132231405 0.23760330578512398 0.6115702479338843 0.2396694214876033 0.6136363636363636 0.2396694214876033 0.6198347107438017 0.3367768595041322 0.6198347107438017 0.33884297520661155 0.621900826446281 0.35330578512396693 0.621900826446281 0.35537190082644626 0.6198347107438017 0.4090909090909091 0.6198347107438017 0.41115702479338845 0.621900826446281 0.4256198347107438 0.621900826446281 0.42768595041322316 0.6198347107438017 0.43388429752066116 0.6198347107438017 0.43388429752066116 0.5929752066115702 0.4359504132231405 0.5909090909090909 0.4359504132231405 0.5764462809917356 0.43388429752066116 0.5743801652892562 0.43388429752066116 0.5020661157024794 0.4318181818181818 0.5
0 0.5578512396694215 0.05785123966942149 0.5578512396694215 0.05991735537190083 0.5557851239669421 0.06198347107438017 0.5557851239669421 0.0640495867768595 0.5537190082644629 0.06611570247933884 0.5537190082644629 0.09090909090909091 0.5516528925619835 0.09297520661157024 0.5516528925619835 0.09917355371900827 0.5537190082644629 0.1012396694214876 0.5537190082644629 0.11570247933884298 0.5557851239669421 0.11776859504132231 0.5557851239669421 0.128099173553719 0.5537190082644629 0.13016528925619836 0.5537190082644629 0.15289256198347106 0.5557851239669421 0.15495867768595042 0.5557851239669421 0.16942148760330578 0.6239669421487604 0.16942148760330578 0.6260330578512396 0.17148760330578514 0.6446280991735537 0.17148760330578514 0.6466942148760331 0.16942148760330578 0.7045454545454546 0.16942148760330578 0.7066115702479339 0.17148760330578514 0.731404958677686 0.17148760330578514 0.7334710743801653 0.16942148760330578 0.743801652892562 0.16942148760330578 0.7458677685950413 0.16735537190082644 0.7458677685950413 0.16322314049586778 0.7479338842975206 0.16115702479338842 0.7479338842975206 0.15495867768595042 0.75 0.15289256198347106 0.75 0.09917355371900827 0.7520661157024794 0.09710743801652892 0.7520661157024794 0.08677685950413223 0.7541322314049587 0.08471074380165289 0.7541322314049587 0.049586776859504134 0.6384297520661157 0.049586776859504134 0.6363636363636364 0.05165289256198347 0.6053719008264463 0.05165289256198347 0.6033057851239669 0.05371900826446281 0.5888429752066116 0.05371900826446281 0.5867768595041323 0.05578512396694215 0.5661157024793388 0.05578512396694215 0.5640495867768595 0.05785123966942149
0 0.25 0.8119834710743802 0.25 0.8140495867768595 0.24793388429752067 0.8161157024793388 0.24793388429752067 0.8285123966942148 0.24586776859504134 0.8305785123966942 0.24586776859504134 0.8512396694214877 0.24793388429752067 0.8533057851239669 0.24793388429752067 0.9008264462809917 0.25 0.9028925619834711 0.25 0.9090909090909091 0.25206611570247933 0.9111570247933884 0.25206611570247933 0.9132231404958677 0.256198347107438 0.9173553719008265 0.2603305785123967 0.9173553719008265 0.26239669421487605 0.9194214876033058 0.2706611570247934 0.9194214876033058 0.2727272727272727 0.9214876033057852 0.2809917355371901 0.9214876033057852 0.2830578512396694 0.9235537190082644 0.29338842975206614 0.9235537190082644 0.29545454545454547 0.9256198347107438 0.30578512396694213 0.9256198347107438 0.30785123966942146 0.9276859504132231 0.3243801652892562 0.9276859504132231 0.32644628099173556 0.9297520661157025 0.3925619834710744 0.9297520661157025 0.39462809917355374 0.9276859504132231 0.4380165289256198 0.9276859504132231 0.44008264462809915 0.9256198347107438 0.44008264462809915 0.9152892561983471 0.4380165289256198 0.9132231404958677 0.4380165289256198 0.8822314049586777 0.4359504132231405 0.8801652892561983 0.4359504132231405 0.8326446280991735 0.43388429752066116 0.8305785123966942 0.43388429752066116 0.8181818181818182 0.4318181818181818 0.8161157024793388 0.4318181818181818 0.8140495867768595 0.4297520661157025 0.8119834710743802 0.4297520661157025 0.8099173553719008 0.42768595041322316 0.8078512396694215 0.4049586776859504 0.8078512396694215 0.40289256198347106 0.8057851239669421 0.40082644628099173 0.8057851239669421 0.3987603305785124 0.8078512396694215 0.3409090909090909 0.8078512396694215 0.33884297520661155 0.8057851239669421 0.26239669421487605 0.8057851239669421 0.2603305785123967 0.8078512396694215 0.25413223140495866 0.8078512396694215
0 0.5702479338842975 0.36363636363636365 0.5702479338842975 0.365702479338843 0.5681818181818182 0.3677685950413223 0.5681818181818182 0.371900826446281 0.5661157024793388 0.3739669421487603 0.5661157024793388 0.3884297520661157 0.5640495867768595 0.390495867768595 0.5640495867768595 0.3925619834710744 0.5661157024793388 0.39462809917355374 0.5661157024793388 0.4256198347107438 0.5681818181818182 0.42768595041322316 0.5681818181818182 0.4524793388429752 0.5702479338842975 0.45454545454545453 0.5702479338842975 0.4628099173553719 0.5723140495867769 0.46487603305785125 0.5723140495867769 0.4669421487603306 0.5743801652892562 0.4669421487603306 0.5764462809917356 0.4690082644628099 0.5826446280991735 0.4690082644628099 0.5847107438016529 0.47107438016528924 0.6012396694214877 0.47107438016528924 0.6033057851239669 0.4731404958677686 0.6342975206611571 0.4731404958677686 0.6363636363636364 0.47520661157024796 0.6590909090909091 0.47520661157024796 0.6611570247933884 0.4731404958677686 0.6735537190082644 0.4731404958677686 0.6756198347107438 0.47520661157024796 0.7004132231404959 0.47520661157024796 0.7024793388429752 0.4731404958677686 0.762396694214876 0.4731404958677686 0.7644628099173554 0.47107438016528924 0.7644628099173554 0.44214876033057854 0.762396694214876 0.44008264462809915 0.762396694214876 0.4297520661157025 0.7603305785123967 0.42768595041322316 0.7603305785123967 0.40702479338842973 0.7582644628099173 0.4049586776859504 0.7582644628099173 0.39669421487603307 0.756198347107438 0.39462809917355374 0.756198347107438 0.384297520661157 0.7541322314049587 0.3822314049586777 0.7541322314049587 0.3739669421487603 0.7520661157024794 0.371900826446281 0.7520661157024794 0.3677685950413223 0.7479338842975206 0.36363636363636365 0.7479338842975206 0.3615702479338843 0.737603305785124 0.3615702479338843 0.7355371900826446 0.359504132231405 0.6983471074380165 0.359504132231405 0.6962809917355371 0.3615702479338843 0.6363636363636364 0.3615702479338843 0.6342975206611571 0.359504132231405 0.5929752066115702 0.359504132231405 0.5909090909090909 0.3615702479338843 0.5785123966942148 0.3615702479338843 0.5764462809917356 0.36363636363636365
0 0.5578512396694215 0.6508264462809917 0.5578512396694215 0.6838842975206612 0.5599173553719008 0.6859504132231405 0.5599173553719008 0.7252066115702479 0.5619834710743802 0.7272727272727273 0.5619834710743802 0.7479338842975206 0.5640495867768595 0.75 0.5640495867768595 0.7541322314049587 0.5702479338842975 0.7603305785123967 0.5805785123966942 0.7603305785123967 0.5826446280991735 0.762396694214876 0.6157024793388429 0.762396694214876 0.6177685950413223 0.7603305785123967 0.6425619834710744 0.7603305785123967 0.6446280991735537 0.762396694214876 0.6694214876033058 0.762396694214876 0.6714876033057852 0.7603305785123967 0.6735537190082644 0.762396694214876 0.7024793388429752 0.762396694214876 0.7045454545454546 0.7644628099173554 0.7128099173553719 0.7644628099173554 0.7148760330578512 0.762396694214876 0.7272727272727273 0.762396694214876 0.7293388429752066 0.7603305785123967 0.737603305785124 0.7603305785123967 0.7396694214876033 0.7582644628099173 0.7417355371900827 0.7582644628099173 0.7479338842975206 0.7520661157024794 0.7479338842975206 0.75 0.75 0.7479338842975206 0.75 0.7066115702479339 0.7479338842975206 0.7045454545454546 0.7479338842975206 0.6714876033057852 0.7458677685950413 0.6694214876033058 0.7458677685950413 0.6611570247933884 0.743801652892562 0.6590909090909091 0.743801652892562 0.6570247933884298 0.7417355371900827 0.6549586776859504 0.7396694214876033 0.6549586776859504 0.737603305785124 0.6528925619834711 0.731404958677686 0.6528925619834711 0.7293388429752066 0.6508264462809917 0.7107438016528925 0.6508264462809917 0.7086776859504132 0.6487603305785123 0.5599173553719008 0.6487603305785123
0 0.24380165289256198 0.21694214876033058 0.24380165289256198 0.2190082644628099 0.24173553719008264 0.22107438016528927 0.24173553719008264 0.22933884297520662 0.2396694214876033 0.23140495867768596 0.2396694214876033 0.256198347107438 0.24173553719008264 0.25826446280991733 0.24173553719008264 0.26859504132231404 0.24380165289256198 0.2706611570247934 0.24380165289256198 0.30991735537190085 0.24586776859504134 0.3119834710743802 0.24586776859504134 0.3181818181818182 0.24793388429752067 0.3202479338842975 0.25206611570247933 0.3202479338842975 0.25413223140495866 0.32231404958677684 0.2665289256198347 0.32231404958677684 0.26859504132231404 0.3243801652892562 0.4318181818181818 0.3243801652892562 0.43388429752066116 0.32231404958677684 0.43388429752066116 0.28512396694214875 0.4318181818181818 0.2830578512396694 0.4318181818181818 0.256198347107438 0.4297520661157025 0.25413223140495866 0.4297520661157025 0.23553719008264462 0.42768595041322316 0.2334710743801653 0.42768595041322316 0.2231404958677686 0.4256198347107438 0.22107438016528927 0.4256198347107438 0.2190082644628099 0.42355371900826444 0.21694214876033058 0.42355371900826444 0.21487603305785125 0.4214876033057851 0.21487603305785125 0.4194214876033058 0.2128099173553719 0.25413223140495866 0.2128099173553719 0.25206611570247933 0.21487603305785125 0.24586776859504134 0.21487603305785125
0 0.14669421487603307 0.993801652892562 0.14669421487603307 0.9979338842975206 0.5330578512396694 0.9979338842975206 0.5330578512396694 0.987603305785124 0.53099173553719 0.9855371900826446 0.53099173553719 0.9669421487603306 0.5289256198347108 0.9648760330578512 0.5289256198347108 0.9586776859504132 0.5268595041322314 0.9566115702479339 0.5268595041322314 0.9545454545454546 0.518595041322314 0.9545454545454546 0.5165289256198347 0.9524793388429752 0.48760330578512395 0.9524793388429752 0.4855371900826446 0.9504132231404959 0.39669421487603307 0.9504132231404959 0.39462809917355374 0.9483471074380165 0.3760330578512397 0.9483471074380165 0.3739669421487603 0.9504132231404959 0.371900826446281 0.9483471074380165 0.23140495867768596 0.9483471074380165 0.22933884297520662 0.9504132231404959 0.18181818181818182 0.9504132231404959 0.1797520661157025 0.9524793388429752 0.1652892561983471 0.9524793388429752 0.16322314049586778 0.9545454545454546 0.15702479338842976 0.9545454545454546 0.15289256198347106 0.9586776859504132 0.15289256198347106 0.9607438016528925 0.15082644628099173 0.9628099173553719 0.15082644628099173 0.9669421487603306 0.1487603305785124 0.96900826446281 0.1487603305785124 0.9917355371900827
0 0.9979338842975206 0.7975206611570248 0.9958677685950413 0.7975206611570248 0.993801652892562 0.7954545454545454 0.9793388429752066 0.7954545454545454 0.9772727272727273 0.7975206611570248 0.8884297520661157 0.7975206611570248 0.8863636363636364 0.7995867768595041 0.8842975206611571 0.7995867768595041 0.8842975206611571 0.8512396694214877 0.8863636363636364 0.8533057851239669 0.8863636363636364 0.8739669421487604 0.8842975206611571 0.8760330578512396 0.8842975206611571 0.9049586776859504 0.8863636363636364 0.9070247933884298 0.8863636363636364 0.9132231404958677 0.8925619834710744 0.9194214876033058 0.8925619834710744 0.9214876033057852 0.8946280991735537 0.9214876033057852 0.8966942148760331 0.9235537190082644 0.9979338842975206 0.9235537190082644
0 0 0.05165289256198347 0 0.11570247933884298 0.002066115702479339 0.11776859504132231 0.008264462809917356 0.11776859504132231 0.010330578512396695 0.11983471074380166 0.012396694214876033 0.11983471074380166 0.024793388429752067 0.1322314049586777 0.026859504132231406 0.1322314049586777 0.03305785123966942 0.1384297520661157 0.030991735537190084 0.14049586776859505 0.028925619834710745 0.14049586776859505 0.026859504132231406 0.1384297520661157 0.024793388429752067 0.1384297520661157 0.022727272727272728 0.13636363636363635 0.02066115702479339 0.13636363636363635 0.01652892561983471 0.1322314049586777 0.01652892561983471 0.13016528925619836 0.014462809917355372 0.128099173553719 0.012396694214876033 0.128099173553719 0.008264462809917356 0.12396694214876033 0.004132231404958678 0.12396694214876033 0.002066115702479339 0.12190082644628099 0 0.12190082644628099 0 0.15082644628099173 0.002066115702479339 0.1487603305785124 0.006198347107438017 0.1487603305785124 0.012396694214876033 0.15495867768595042 0.012396694214876033 0.15702479338842976 0.010330578512396695 0.1590909090909091 0.008264462809917356 0.1590909090909091 0.004132231404958678 0.15495867768595042 0.002066115702479339 0.15495867768595042 0 0.15702479338842976 0 0.17148760330578514 0.11363636363636363 0.17148760330578514 0.11570247933884298 0.16942148760330578 0.11570247933884298 0.07231404958677685 0.11363636363636363 0.07024793388429752 0.11363636363636363 0.05578512396694215 0.1115702479338843 0.05371900826446281 0.1115702479338843 0.05165289256198347
0 0.878099173553719 0.2024793388429752 0.878099173553719 0.2830578512396694 0.8801652892561983 0.28512396694214875 0.8801652892561983 0.29958677685950413 0.8822314049586777 0.30165289256198347 0.8822314049586777 0.30785123966942146 0.8842975206611571 0.30991735537190085 0.8842975206611571 0.3119834710743802 0.8863636363636364 0.3140495867768595 0.9917355371900827 0.3140495867768595 0.993801652892562 0.31611570247933884 0.9979338842975206 0.31611570247933884 0.9979338842975206 0.2024793388429752 0.9855371900826446 0.2024793388429752 0.9834710743801653 0.20041322314049587 0.8842975206611571 0.20041322314049587 0.8822314049586777 0.2024793388429752
0 0.871900826446281 0.5020661157024794 0.871900826446281 0.5330578512396694 0.8739669421487604 0.5351239669421488 0.8739669421487604 0.5392561983471075 0.871900826446281 0.5413223140495868 0.871900826446281 0.5475206611570248 0.8739669421487604 0.5495867768595041 0.8739669421487604 0.5847107438016529 0.8760330578512396 0.5867768595041323 0.8760330578512396 0.5971074380165289 0.878099173553719 0.5991735537190083 0.878099173553719 0.6053719008264463 0.8801652892561983 0.6074380165289256 0.8801652892561983 0.609504132231405 0.8822314049586777 0.609504132231405 0.8842975206611571 0.6115702479338843 0.9008264462809917 0.6115702479338843 0.9028925619834711 0.6136363636363636 0.9256198347107438 0.6136363636363636 0.9276859504132231 0.6115702479338843 0.9958677685950413 0.6115702479338843 0.9979338842975206 0.6136363636363636 0.9979338842975206 0.6012396694214877 0.9979338842975206 0.6033057851239669 0.9958677685950413 0.6053719008264463 0.993801652892562 0.6053719008264463 0.9917355371900827 0.6033057851239669 0.9917355371900827 0.5971074380165289 0.993801652892562 0.5950413223140496 0.9958677685950413 0.5950413223140496 0.9979338842975206 0.5929752066115702 0.9979338842975206 0.5909090909090909 0.993801652892562 0.5909090909090909 0.9917355371900827 0.5888429752066116 0.9855371900826446 0.5888429752066116 0.9834710743801653 0.5867768595041323 0.96900826446281 0.5867768595041323 0.9669421487603306 0.5847107438016529 0.9524793388429752 0.5847107438016529 0.9462809917355371 0.5785123966942148 0.9442148760330579 0.5785123966942148 0.9421487603305785 0.5764462809917356 0.9421487603305785 0.5743801652892562 0.9442148760330579 0.5723140495867769 0.9462809917355371 0.5723140495867769 0.9483471074380165 0.5743801652892562 0.9504132231404959 0.5743801652892562 0.9566115702479339 0.5805785123966942 0.9628099173553719 0.5805785123966942 0.9648760330578512 0.5785123966942148 0.9669421487603306 0.5785123966942148 0.96900826446281 0.5805785123966942 0.9710743801652892 0.5805785123966942 0.9731404958677686 0.5826446280991735 0.9752066115702479 0.5805785123966942 0.96900826446281 0.5805785123966942 0.9669421487603306 0.5785123966942148 0.9648760330578512 0.5785123966942148 0.9628099173553719 0.5764462809917356 0.9607438016528925 0.5764462809917356 0.9586776859504132 0.5743801652892562 0.9566115702479339 0.5743801652892562 0.9545454545454546 0.5723140495867769 0.9504132231404959 0.5723140495867769 0.9483471074380165 0.5702479338842975 0.9462809917355371 0.5702479338842975 0.9442148760330579 0.5681818181818182 0.9483471074380165 0.5640495867768595 0.9504132231404959 0.5661157024793388 0.9524793388429752 0.5661157024793388 0.9545454545454546 0.5681818181818182 0.9566115702479339 0.5681818181818182 0.9586776859504132 0.5702479338842975 0.9607438016528925 0.5702479338842975 0.9628099173553719 0.5723140495867769 0.9669421487603306 0.5723140495867769 0.96900826446281 0.5743801652892562 0.9710743801652892 0.5743801652892562 0.9731404958677686 0.5764462809917356 0.9752066115702479 0.5764462809917356 0.9772727272727273 0.5743801652892562 0.9855371900826446 0.5826446280991735 0.9896694214876033 0.5826446280991735 0.9917355371900827 0.5847107438016529 0.9958677685950413 0.5847107438016529 0.9979338842975206 0.5867768595041323 0.9979338842975206 0.5 0.8760330578512396 0.5 0.8739669421487604 0.5020661157024794
0 0 0.3512396694214876 0 0.4690082644628099 0.06611570247933884 0.4690082644628099 0.06818181818181818 0.47107438016528924 0.10950413223140495 0.47107438016528924 0.1115702479338843 0.4690082644628099 0.11363636363636363 0.4690082644628099 0.11570247933884298 0.4669421487603306 0.11570247933884298 0.35330578512396693 0.11363636363636363 0.35330578512396693 0.11363636363636363 0.359504132231405 0.10950413223140495 0.36363636363636365 0.1115702479338843 0.365702479338843 0.1115702479338843 0.3677685950413223 0.10950413223140495 0.36983471074380164 0.10743801652892562 0.36983471074380164 0.10330578512396695 0.3739669421487603 0.1012396694214876 0.371900826446281 0.1012396694214876 0.36983471074380164 0.10330578512396695 0.3677685950413223 0.10330578512396695 0.365702479338843 0.10537190082644628 0.36363636363636365 0.10330578512396695 0.3615702479338843 0.10743801652892562 0.3574380165289256 0.10950413223140495 0.3574380165289256 0.10950413223140495 0.35330578512396693 0.10743801652892562 0.35537190082644626 0.10537190082644628 0.35330578512396693 0.09090909090909091 0.35330578512396693 0.08884297520661157 0.3512396694214876 0.0743801652892562 0.3512396694214876 0.07231404958677685 0.35330578512396693 0.02066115702479339 0.35330578512396693 0.01859504132231405 0.3512396694214876
0 0 0.6590909090909091 0 0.7789256198347108 0.006198347107438017 0.7789256198347108 0.008264462809917356 0.7768595041322314 0.05578512396694215 0.7768595041322314 0.05785123966942149 0.7789256198347108 0.06818181818181818 0.7789256198347108 0.07024793388429752 0.7768595041322314 0.1115702479338843 0.7768595041322314 0.11363636363636363 0.7747933884297521 0.11363636363636363 0.7727272727272727 0.11570247933884298 0.7706611570247934 0.11570247933884298 0.71900826446281 0.11363636363636363 0.7169421487603306 0.11363636363636363 0.6818181818181818 0.1115702479338843 0.6797520661157025 0.1115702479338843 0.6714876033057852 0.10950413223140495 0.6694214876033058 0.10950413223140495 0.6652892561983471 0.10743801652892562 0.6632231404958677 0.10743801652892562 0.6611570247933884 0.10537190082644628 0.6590909090909091
0 0.45661157024793386 0.010330578512396695 0.45867768595041325 0.012396694214876033 0.45867768595041325 0.01859504132231405 0.4628099173553719 0.022727272727272728 0.46487603305785125 0.022727272727272728 0.4669421487603306 0.024793388429752067 0.4793388429752066 0.024793388429752067 0.48140495867768596 0.026859504132231406 0.5227272727272727 0.026859504132231406 0.5247933884297521 0.024793388429752067 0.5268595041322314 0.026859504132231406 0.6776859504132231 0.026859504132231406 0.6797520661157025 0.028925619834710745 0.6838842975206612 0.028925619834710745 0.6859504132231405 0.026859504132231406 0.7231404958677686 0.026859504132231406 0.7252066115702479 0.028925619834710745 0.7975206611570248 0.028925619834710745 0.7995867768595041 0.026859504132231406 0.8099173553719008 0.026859504132231406 0.8119834710743802 0.028925619834710745 0.8202479338842975 0.028925619834710745 0.8223140495867769 0.026859504132231406 0.8409090909090909 0.026859504132231406 0.8429752066115702 0.024793388429752067 0.8450413223140496 0.024793388429752067 0.8491735537190083 0.02066115702479339 0.8491735537190083 0.004132231404958678 0.8512396694214877 0.002066115702479339 0.8512396694214877 0 0.5785123966942148 0 0.5743801652892562 0.004132231404958678 0.5743801652892562 0.008264462809917356 0.5681818181818182 0.014462809917355372 0.5681818181818182 0.01652892561983471 0.5661157024793388 0.01859504132231405 0.5661157024793388 0.02066115702479339 0.5640495867768595 0.022727272727272728 0.5619834710743802 0.022727272727272728 0.5599173553719008 0.02066115702479339 0.5619834710743802 0.01859504132231405 0.5619834710743802 0.014462809917355372 0.5661157024793388 0.010330578512396695 0.5661157024793388 0.002066115702479339 0.5681818181818182 0 0.45661157024793386 0
0 0.7582644628099173 0.9545454545454546 0.7541322314049587 0.9504132231404959 0.7541322314049587 0.9483471074380165 0.7520661157024794 0.9462809917355371 0.743801652892562 0.9462809917355371 0.7417355371900827 0.9442148760330579 0.6942148760330579 0.9442148760330579 0.6921487603305785 0.9462809917355371 0.5619834710743802 0.9462809917355371 0.5599173553719008 0.9483471074380165 0.5599173553719008 0.9979338842975206 0.6714876033057852 0.9979338842975206 0.6694214876033058 0.9979338842975206 0.6673553719008265 0.9958677685950413 0.6652892561983471 0.9958677685950413 0.6632231404958677 0.993801652892562 0.6611570247933884 0.993801652892562 0.6590909090909091 0.9917355371900827 0.6528925619834711 0.9917355371900827 0.6508264462809917 0.9896694214876033 0.6466942148760331 0.9896694214876033 0.6446280991735537 0.987603305785124 0.6384297520661157 0.987603305785124 0.6363636363636364 0.9855371900826446 0.6342975206611571 0.9855371900826446 0.6322314049586777 0.9834710743801653 0.6301652892561983 0.9834710743801653 0.6260330578512396 0.9793388429752066 0.6260330578512396 0.9772727272727273 0.628099173553719 0.9752066115702479 0.6301652892561983 0.9772727272727273 0.6322314049586777 0.9772727272727273 0.6342975206611571 0.9793388429752066 0.6363636363636364 0.9793388429752066 0.6384297520661157 0.981404958677686 0.6425619834710744 0.981404958677686 0.6446280991735537 0.9834710743801653 0.6487603305785123 0.9834710743801653 0.6508264462809917 0.9855371900826446 0.6570247933884298 0.9855371900826446 0.6590909090909091 0.987603305785124 0.6632231404958677 0.987603305785124 0.6652892561983471 0.9896694214876033 0.6673553719008265 0.9896694214876033 0.6694214876033058 0.9917355371900827 0.6735537190082644 0.9917355371900827 0.6756198347107438 0.993801652892562 0.6776859504132231 0.993801652892562 0.6797520661157025 0.9958677685950413 0.6797520661157025 0.9979338842975206 0.7603305785123967 0.9979338842975206 0.7603305785123967 0.9669421487603306 0.7582644628099173 0.9648760330578512
0 0.7789256198347108 0.9669421487603306 0.7789256198347108 0.9979338842975206 0.9979338842975206 0.9979338842975206 0.9979338842975206 0.9545454545454546 0.9855371900826446 0.9545454545454546 0.9834710743801653 0.9524793388429752 0.9462809917355371 0.9524793388429752 0.9442148760330579 0.9504132231404959 0.8801652892561983 0.9504132231404959 0.878099173553719 0.9524793388429752 0.8760330578512396 0.9524793388429752 0.8739669421487604 0.9504132231404959 0.8099173553719008 0.9504132231404959 0.8078512396694215 0.9524793388429752 0.7954545454545454 0.9524793388429752 0.7933884297520661 0.9545454545454546 0.7851239669421488 0.9545454545454546 0.7830578512396694 0.9566115702479339 0.7830578512396694 0.9586776859504132 0.78099173553719 0.9607438016528925 0.78099173553719 0.9648760330578512
0 0 0 0 0.026859504132231406 0.0371900826446281 0.026859504132231406 0.03925619834710744 0.024793388429752067 0.05165289256198347 0.024793388429752067 0.05371900826446281 0.026859504132231406 0.05578512396694215 0.026859504132231406 0.05785123966942149 0.024793388429752067 0.07024793388429752 0.024793388429752067 0.07231404958677685 0.026859504132231406 0.08057851239669421 0.026859504132231406 0.08264462809917356 0.024793388429752067 0.1384297520661157 0.024793388429752067 0.14049586776859505 0.026859504132231406 0.18181818181818182 0.026859504132231406 0.18388429752066116 0.024793388429752067 0.2024793388429752 0.024793388429752067 0.20454545454545456 0.026859504132231406 0.20867768595041322 0.026859504132231406 0.21074380165289255 0.024793388429752067 0.21074380165289255 0
0 0.23553719008264462 0.024793388429752067 0.23760330578512398 0.026859504132231406 0.41735537190082644 0.026859504132231406 0.4194214876033058 0.024793388429752067 0.42355371900826444 0.024793388429752067 0.4256198347107438 0.022727272727272728 0.4256198347107438 0.02066115702479339 0.42768595041322316 0.01859504132231405 0.42768595041322316 0.012396694214876033 0.4297520661157025 0.010330578512396695 0.4297520661157025 0 0.23553719008264462 0
0 0.11776859504132231 0.9524793388429752 0.11570247933884298 0.9504132231404959 0.11363636363636363 0.9524793388429752 0 0.9524793388429752 0 0.9979338842975206 0.012396694214876033 0.9979338842975206 0.012396694214876033 0.987603305785124 0.014462809917355372 0.9855371900826446 0.014462809917355372 0.9834710743801653 0.01652892561983471 0.981404958677686 0.01652892561983471 0.9793388429752066 0.014462809917355372 0.9772727272727273 0.012396694214876033 0.9772727272727273 0 0.9648760330578512 0 0.9628099173553719 0.004132231404958678 0.9586776859504132 0.006198347107438017 0.9607438016528925 0.006198347107438017 0.9628099173553719 0.01652892561983471 0.9731404958677686 0.01859504132231405 0.9731404958677686 0.02066115702479339 0.9752066115702479 0.022727272727272728 0.9752066115702479 0.02066115702479339 0.9731404958677686 0.02066115702479339 0.9710743801652892 0.01859504132231405 0.96900826446281 0.01652892561983471 0.96900826446281 0.012396694214876033 0.9648760330578512 0.012396694214876033 0.9628099173553719 0.014462809917355372 0.9607438016528925 0.01652892561983471 0.9607438016528925 0.01859504132231405 0.9586776859504132 0.028925619834710745 0.9586776859504132 0.030991735537190084 0.9607438016528925 0.024793388429752067 0.9669421487603306 0.026859504132231406 0.96900826446281 0.026859504132231406 0.9731404958677686 0.030991735537190084 0.9772727272727273 0.03305785123966942 0.9772727272727273 0.03512396694214876 0.9793388429752066 0.0371900826446281 0.9793388429752066 0.03925619834710744 0.981404958677686 0.04132231404958678 0.981404958677686 0.04338842975206612 0.9834710743801653 0.047520661157024795 0.9834710743801653 0.049586776859504134 0.9855371900826446 0.05165289256198347 0.9855371900826446 0.05371900826446281 0.987603305785124 0.05785123966942149 0.987603305785124 0.05991735537190083 0.9896694214876033 0.0640495867768595 0.9896694214876033 0.06611570247933884 0.9917355371900827 0.06818181818181818 0.9917355371900827 0.07024793388429752 0.993801652892562 0.07231404958677685 0.993801652892562 0.07644628099173553 0.9979338842975206 0.11776859504132231 0.9979338842975206
0 0.8657024793388429 0 0.8657024793388429 0.02066115702479339 0.878099173553719 0.02066115702479339 0.8801652892561983 0.022727272727272728 0.9421487603305785 0.022727272727272728 0.9442148760330579 0.02066115702479339 0.9979338842975206 0.02066115702479339 0.9979338842975206 0
0 0.01859504132231405 0.987603305785124 0.01859504132231405 0.9979338842975206 0.06611570247933884 0.9979338842975206 0.0640495867768595 0.9958677685950413 0.05991735537190083 0.9958677685950413 0.05785123966942149 0.993801652892562 0.05578512396694215 0.993801652892562 0.05371900826446281 0.9917355371900827 0.049586776859504134 0.9917355371900827 0.047520661157024795 0.9896694214876033 0.045454545454545456 0.9896694214876033 0.04338842975206612 0.987603305785124 0.03925619834710744 0.987603305785124 0.0371900826446281 0.9855371900826446 0.03512396694214876 0.9855371900826446 0.03305785123966942 0.9834710743801653 0.030991735537190084 0.9834710743801653 0.028925619834710745 0.981404958677686 0.022727272727272728 0.981404958677686 0.02066115702479339 0.9834710743801653 0.02066115702479339 0.9855371900826446
2 0.25206611570247933 0.06611570247933884 0.24793388429752067 0.07024793388429752 0.24793388429752067 0.07231404958677685 0.24380165289256198 0.07644628099173553 0.24380165289256198 0.07851239669421488 0.24173553719008264 0.08057851239669421 0.24173553719008264 0.08264462809917356 0.2396694214876033 0.08471074380165289 0.2396694214876033 0.08677685950413223 0.23140495867768596 0.09504132231404959 0.23140495867768596 0.1012396694214876 0.22727272727272727 0.10537190082644628 0.23140495867768596 0.10537190082644628 0.2334710743801653 0.10330578512396695 0.23760330578512398 0.10330578512396695 0.24380165289256198 0.10950413223140495 0.24380165289256198 0.1115702479338843 0.25206611570247933 0.11983471074380166 0.25206611570247933 0.12190082644628099 0.25413223140495866 0.12396694214876033 0.25413223140495866 0.12603305785123967 0.25826446280991733 0.13016528925619836 0.2603305785123967 0.13016528925619836 0.2644628099173554 0.13429752066115702 0.2665289256198347 0.13429752066115702 0.26859504132231404 0.13636363636363635 0.2706611570247934 0.13636363636363635 0.2727272727272727 0.1384297520661157 0.2830578512396694 0.1384297520661157 0.28512396694214875 0.14049586776859505 0.2871900826446281 0.14049586776859505 0.2975206611570248 0.15082644628099173 0.3037190082644628 0.15082644628099173 0.30578512396694213 0.15289256198347106 0.32231404958677684 0.15289256198347106 0.3243801652892562 0.15082644628099173 0.33264462809917356 0.15082644628099173 0.3367768595041322 0.15495867768595042 0.3367768595041322 0.15702479338842976 0.3409090909090909 0.16115702479338842 0.3409090909090909 0.15702479338842976 0.3367768595041322 0.15289256198347106 0.3367768595041322 0.15082644628099173 0.33264462809917356 0.15082644628099173 0.3285123966942149 0.14669421487603307 0.32644628099173556 0.14669421487603307 0.32231404958677684 0.15082644628099173 0.3181818181818182 0.15082644628099173 0.31611570247933884 0.15289256198347106 0.3119834710743802 0.15289256198347106 0.30991735537190085 0.15082644628099173 0.30785123966942146 0.15082644628099173 0.30578512396694213 0.1487603305785124 0.29958677685950413 0.1487603305785124 0.29132231404958675 0.14049586776859505 0.2892561983471074 0.14049586776859505 0.2871900826446281 0.1384297520661157 0.28512396694214875 0.1384297520661157 0.2830578512396694 0.13636363636363635 0.2809917355371901 0.13636363636363635 0.27892561983471076 0.1384297520661157 0.2768595041322314 0.13636363636363635 0.2727272727272727 0.13636363636363635 0.2706611570247934 0.13429752066115702 0.26859504132231404 0.13429752066115702 0.2644628099173554 0.13016528925619836 0.26239669421487605 0.13016528925619836 0.2603305785123967 0.128099173553719 0.256198347107438 0.128099173553719 0.25413223140495866 0.12603305785123967 0.25413223140495866 0.11983471074380166 0.24793388429752067 0.11363636363636363 0.25 0.1115702479338843 0.25206611570247933 0.1115702479338843 0.25413223140495866 0.11363636363636363 0.256198347107438 0.11363636363636363 0.25826446280991733 0.11570247933884298 0.26239669421487605 0.11570247933884298 0.2644628099173554 0.11776859504132231 0.2727272727272727 0.11776859504132231 0.27479338842975204 0.11570247933884298 0.2809917355371901 0.11570247933884298 0.2830578512396694 0.11776859504132231 0.29338842975206614 0.11776859504132231 0.29545454545454547 0.11570247933884298 0.30165289256198347 0.11570247933884298 0.3037190082644628 0.11363636363636363 0.30578512396694213 0.11363636363636363 0.30785123966942146 0.11570247933884298 0.3202479338842975 0.11570247933884298 0.32231404958677684 0.11776859504132231 0.32644628099173556 0.11776859504132231 0.3285123966942149 0.11983471074380166 0.33264462809917356 0.11983471074380166 0.33884297520661155 0.12603305785123967 0.3409090909090909 0.12603305785123967 0.34710743801652894 0.1322314049586777 0.34710743801652894 0.13016528925619836 0.3450413223140496 0.13016528925619836 0.34297520661157027 0.128099173553719 0.34297520661157027 0.12603305785123967 0.33884297520661155 0.12190082644628099 0.3367768595041322 0.12190082644628099 0.3347107438016529 0.11983471074380166 0.33264462809917356 0.11983471074380166 0.3305785123966942 0.11776859504132231 0.3285123966942149 0.11776859504132231 0.32644628099173556 0.11570247933884298 0.3202479338842975 0.11570247933884298 0.3181818181818182 0.11363636363636363 0.2975206611570248 0.11363636363636363 0.29545454545454547 0.11570247933884298 0.2644628099173554 0.11570247933884298 0.26239669421487605 0.11363636363636363 0.256198347107438 0.11363636363636363 0.25206611570247933 0.10950413223140495 0.25 0.10950413223140495 0.24586776859504134 0.10537190082644628 0.24380165289256198 0.10537190082644628 0.24173553719008264 0.10330578512396695 0.23760330578512398 0.10330578512396695 0.2334710743801653 0.09917355371900827 0.2334710743801653 0.09710743801652892 0.2396694214876033 0.09090909090909091 0.2396694214876033 0.08884297520661157 0.24380165289256198 0.08471074380165289 0.24380165289256198 0.08057851239669421 0.25 0.0743801652892562 0.25 0.07231404958677685 0.25413223140495866 0.06818181818181818 0.25413223140495866 0.06611570247933884
2 0.6466942148760331 0.22520661157024793 0.6425619834710744 0.22520661157024793 0.640495867768595 0.22727272727272727 0.6301652892561983 0.22727272727272727 0.628099173553719 0.22933884297520662 0.6177685950413223 0.22933884297520662 0.6157024793388429 0.22727272727272727 0.6136363636363636 0.22727272727272727 0.6115702479338843 0.22520661157024793 0.609504132231405 0.22520661157024793 0.6053719008264463 0.22933884297520662 0.5971074380165289 0.22933884297520662 0.5950413223140496 0.23140495867768596 0.5929752066115702 0.23140495867768596 0.5909090909090909 0.2334710743801653 0.5909090909090909 0.24173553719008264 0.5888429752066116 0.24380165289256198 0.5888429752066116 0.24793388429752067 0.5805785123966942 0.256198347107438 0.5805785123966942 0.2603305785123967 0.5785123966942148 0.26239669421487605 0.5785123966942148 0.27479338842975204 0.5723140495867769 0.2809917355371901 0.5661157024793388 0.2809917355371901 0.5640495867768595 0.27892561983471076 0.5640495867768595 0.2768595041322314 0.5619834710743802 0.27479338842975204 0.5599173553719008 0.27479338842975204 0.5578512396694215 0.2727272727272727 0.5537190082644629 0.2727272727272727 0.5495867768595041 0.26859504132231404 0.5475206611570248 0.26859504132231404 0.5454545454545454 0.2665289256198347 0.5413223140495868 0.2665289256198347 0.5413223140495868 0.26859504132231404 0.5454545454545454 0.2727272727272727 0.5475206611570248 0.2727272727272727 0.5495867768595041 0.27479338842975204 0.5578512396694215 0.27479338842975204 0.5640495867768595 0.2809917355371901 0.5640495867768595 0.2830578512396694 0.5702479338842975 0.2892561983471074 0.5702479338842975 0.29132231404958675 0.5681818181818182 0.29338842975206614 0.5681818181818182 0.29545454545454547 0.5702479338842975 0.2975206611570248 0.5702479338842975 0.29958677685950413 0.5723140495867769 0.30165289256198347 0.5723140495867769 0.3037190082644628 0.5743801652892562 0.30578512396694213 0.5743801652892562 0.30165289256198347 0.5723140495867769 0.29958677685950413 0.5723140495867769 0.29545454545454547 0.5702479338842975 0.29338842975206614 0.5723140495867769 0.29132231404958675 0.5723140495867769 0.2892561983471074 0.5743801652892562 0.2871900826446281 0.5764462809917356 0.2871900826446281 0.5764462809917356 0.2830578512396694 0.5785123966942148 0.2809917355371901 0.5785123966942148 0.27892561983471076 0.5805785123966942 0.2768595041322314 0.5805785123966942 0.27479338842975204 0.5826446280991735 0.2727272727272727 0.5826446280991735 0.26859504132231404 0.5805785123966942 0.2665289256198347 0.5805785123966942 0.2644628099173554 0.5867768595041323 0.25826446280991733 0.5888429752066116 0.25826446280991733 0.5888429752066116 0.25413223140495866 0.5909090909090909 0.25206611570247933 0.5909090909090909 0.25 0.5950413223140496 0.24586776859504134 0.5950413223140496 0.2396694214876033 0.5971074380165289 0.23760330578512398 0.6012396694214877 0.23760330578512398 0.609504132231405 0.22933884297520662 0.6115702479338843 0.22933884297520662 0.6136363636363636 0.23140495867768596 0.6157024793388429 0.23140495867768596 0.6177685950413223 0.2334710743801653 0.628099173553719 0.2334710743801653 0.6322314049586777 0.22933884297520662 0.6384297520661157 0.22933884297520662 0.640495867768595 0.22727272727272727 0.6446280991735537 0.22727272727272727
2 0.002066115702479339 0.9628099173553719 0.002066115702479339 0.9648760330578512 0.012396694214876033 0.9752066115702479 0.014462809917355372 0.9752066115702479 0.01859504132231405 0.9793388429752066 0.01859504132231405 0.981404958677686 0.01652892561983471 0.9834710743801653 0.01652892561983471 0.9855371900826446 0.014462809917355372 0.987603305785124 0.014462809917355372 0.9979338842975206 0.01652892561983471 0.9979338842975206 0.01652892561983471 0.987603305785124 0.01859504132231405 0.9855371900826446 0.01859504132231405 0.9834710743801653 0.022727272727272728 0.9793388429752066 0.028925619834710745 0.9793388429752066 0.030991735537190084 0.981404958677686 0.03305785123966942 0.981404958677686 0.03512396694214876 0.9834710743801653 0.0371900826446281 0.9834710743801653 0.03925619834710744 0.9855371900826446 0.04338842975206612 0.9855371900826446 0.045454545454545456 0.987603305785124 0.047520661157024795 0.987603305785124 0.049586776859504134 0.9896694214876033 0.05371900826446281 0.9896694214876033 0.05578512396694215 0.9917355371900827 0.05785123966942149 0.9917355371900827 0.05991735537190083 0.993801652892562 0.0640495867768595 0.993801652892562 0.06818181818181818 0.9979338842975206 0.0743801652892562 0.9979338842975206 0.07231404958677685 0.9958677685950413 0.07024793388429752 0.9958677685950413 0.06818181818181818 0.993801652892562 0.06611570247933884 0.993801652892562 0.0640495867768595 0.9917355371900827 0.05991735537190083 0.9917355371900827 0.05785123966942149 0.9896694214876033 0.05371900826446281 0.9896694214876033 0.05165289256198347 0.987603305785124 0.049586776859504134 0.987603305785124 0.047520661157024795 0.9855371900826446 0.04338842975206612 0.9855371900826446 0.04132231404958678 0.9834710743801653 0.03925619834710744 0.9834710743801653 0.0371900826446281 0.981404958677686 0.03512396694214876 0.981404958677686 0.03305785123966942 0.9793388429752066 0.030991735537190084 0.9793388429752066 0.024793388429752067 0.9731404958677686 0.024793388429752067 0.96900826446281 0.022727272727272728 0.9669421487603306 0.028925619834710745 0.9607438016528925 0.01859504132231405 0.9607438016528925 0.01652892561983471 0.9628099173553719 0.014462809917355372 0.9628099173553719 0.014462809917355372 0.9648760330578512 0.01652892561983471 0.9669421487603306 0.01859504132231405 0.9669421487603306 0.022727272727272728 0.9710743801652892 0.022727272727272728 0.9731404958677686 0.024793388429752067 0.9752066115702479 0.022727272727272728 0.9772727272727273 0.02066115702479339 0.9772727272727273 0.01859504132231405 0.9752066115702479 0.01652892561983471 0.9752066115702479 0.004132231404958678 0.9628099173553719 0.004132231404958678 0.9607438016528925
2 0.1797520661157025 0.3884297520661157 0.1797520661157025 0.40289256198347106 0.17768595041322313 0.4049586776859504 0.1756198347107438 0.4049586776859504 0.17355371900826447 0.40702479338842973 0.1652892561983471 0.40702479338842973 0.16322314049586778 0.4090909090909091 0.1652892561983471 0.41115702479338845 0.16735537190082644 0.4090909090909091 0.17355371900826447 0.4090909090909091 0.1756198347107438 0.40702479338842973 0.17768595041322313 0.40702479338842973 0.1797520661157025 0.4090909090909091 0.1797520661157025 0.41115702479338845 0.18181818181818182 0.4132231404958678 0.18181818181818182 0.4152892561983471 0.18388429752066116 0.4152892561983471 0.19834710743801653 0.4297520661157025 0.19834710743801653 0.4318181818181818 0.2024793388429752 0.4359504132231405 0.2024793388429752 0.4380165289256198 0.20041322314049587 0.44008264462809915 0.20041322314049587 0.44421487603305787 0.19834710743801653 0.4462809917355372 0.19834710743801653 0.44834710743801653 0.1921487603305785 0.45454545454545453 0.19008264462809918 0.45454545454545453 0.1859504132231405 0.45867768595041325 0.18801652892561985 0.4607438016528926 0.1921487603305785 0.4607438016528926 0.19421487603305784 0.4628099173553719 0.19421487603305784 0.46487603305785125 0.1962809917355372 0.4669421487603306 0.1962809917355372 0.4690082644628099 0.19421487603305784 0.47107438016528924 0.19421487603305784 0.47520661157024796 0.1962809917355372 0.47520661157024796 0.1962809917355372 0.4731404958677686 0.19834710743801653 0.47107438016528924 0.19834710743801653 0.4690082644628099 0.20041322314049587 0.4669421487603306 0.20041322314049587 0.46487603305785125 0.19834710743801653 0.4628099173553719 0.19834710743801653 0.4607438016528926 0.19421487603305784 0.45661157024793386 0.19421487603305784 0.45454545454545453 0.1962809917355372 0.4524793388429752 0.19834710743801653 0.4524793388429752 0.20041322314049587 0.45041322314049587 0.20041322314049587 0.44421487603305787 0.20454545454545456 0.44008264462809915 0.20454545454545456 0.4297520661157025 0.2024793388429752 0.4297520661157025 0.1962809917355372 0.42355371900826444 0.19421487603305784 0.42355371900826444 0.19008264462809918 0.4194214876033058 0.19008264462809918 0.41735537190082644 0.18801652892561985 0.4152892561983471 0.1859504132231405 0.4152892561983471 0.18181818181818182 0.41115702479338845 0.18181818181818182 0.4090909090909091 0.1797520661157025 0.40702479338842973 0.1797520661157025 0.4049586776859504 0.18181818181818182 0.40289256198347106 0.1797520661157025 0.40082644628099173 0.1797520661157025 0.3925619834710744 0.18181818181818182 0.390495867768595
2 0.4524793388429752 0.6818181818181818 0.45661157024793386 0.6818181818181818 0.45867768595041325 0.6838842975206612 0.45867768595041325 0.6859504132231405 0.4607438016528926 0.6880165289256198 0.4607438016528926 0.6900826446280992 0.4628099173553719 0.6921487603305785 0.4628099173553719 0.6983471074380165 0.46487603305785125 0.6983471074380165 0.4669421487603306 0.7004132231404959 0.4690082644628099 0.6983471074380165 0.4731404958677686 0.6983471074380165 0.47520661157024796 0.6962809917355371 0.4772727272727273 0.6962809917355371 0.4772727272727273 0.6942148760330579 0.4793388429752066 0.6921487603305785 0.4896694214876033 0.6921487603305785 0.49173553719008267 0.6942148760330579 0.49586776859504134 0.6942148760330579 0.49793388429752067 0.6962809917355371 0.49793388429752067 0.7066115702479339 0.5 0.7086776859504132 0.49173553719008267 0.7169421487603306 0.49173553719008267 0.7210743801652892 0.48760330578512395 0.7252066115702479 0.4855371900826446 0.7252066115702479 0.4834710743801653 0.7272727272727273 0.4793388429752066 0.7272727272727273 0.4793388429752066 0.7293388429752066 0.4834710743801653 0.7293388429752066 0.4855371900826446 0.7272727272727273 0.48760330578512395 0.7272727272727273 0.49173553719008267 0.7231404958677686 0.49173553719008267 0.7210743801652892 0.493801652892562 0.71900826446281 0.493801652892562 0.7169421487603306 0.49793388429752067 0.7128099173553719 0.5 0.7128099173553719 0.5020661157024794 0.7148760330578512 0.506198347107438 0.7148760330578512 0.5082644628099173 0.7169421487603306 0.5103305785123967 0.7148760330578512 0.5103305785123967 0.7128099173553719 0.512396694214876 0.7107438016528925 0.512396694214876 0.7045454545454546 0.512396694214876 0.7066115702479339 0.5103305785123967 0.7086776859504132 0.5103305785123967 0.7107438016528925 0.5082644628099173 0.7128099173553719 0.506198347107438 0.7107438016528925 0.5041322314049587 0.7107438016528925 0.5 0.7066115702479339 0.5 0.6983471074380165 0.493801652892562 0.6921487603305785 0.49173553719008267 0.6942148760330579 0.4896694214876033 0.6921487603305785 0.48760330578512395 0.6921487603305785 0.4855371900826446 0.6900826446280992 0.4793388429752066 0.6900826446280992 0.4772727272727273 0.6921487603305785 0.4772727272727273 0.6942148760330579 0.47520661157024796 0.6962809917355371 0.4690082644628099 0.6962809917355371 0.4669421487603306 0.6983471074380165 0.4628099173553719 0.6942148760330579 0.4628099173553719 0.6859504132231405 0.4607438016528926 0.6838842975206612 0.4607438016528926 0.6818181818181818 0.45867768595041325 0.6797520661157025 0.45661157024793386 0.6797520661157025 0.45454545454545453 0.6818181818181818
2 0.9049586776859504 0.4090909090909091 0.9049586776859504 0.4132231404958678 0.9070247933884298 0.4152892561983471 0.9070247933884298 0.41735537190082644 0.9090909090909091 0.4194214876033058 0.9090909090909091 0.42768595041322316 0.9070247933884298 0.4297520661157025 0.9070247933884298 0.4462809917355372 0.9090909090909091 0.44834710743801653 0.9090909090909091 0.45041322314049587 0.9132231404958677 0.45041322314049587 0.9152892561983471 0.4524793388429752 0.9173553719008265 0.4524793388429752 0.9214876033057852 0.45661157024793386 0.9276859504132231 0.45661157024793386 0.9318181818181818 0.4607438016528926 0.9359504132231405 0.4607438016528926 0.9359504132231405 0.45867768595041325 0.9338842975206612 0.45661157024793386 0.9380165289256198 0.4524793388429752 0.9380165289256198 0.45041322314049587 0.9359504132231405 0.44834710743801653 0.9359504132231405 0.4462809917355372 0.9318181818181818 0.4462809917355372 0.9297520661157025 0.44421487603305787 0.9297520661157025 0.44214876033057854 0.9276859504132231 0.44008264462809915 0.9256198347107438 0.44214876033057854 0.9256198347107438 0.45041322314049587 0.9235537190082644 0.4524793388429752 0.9214876033057852 0.4524793388429752 0.9173553719008265 0.44834710743801653 0.9173553719008265 0.4462809917355372 0.9152892561983471 0.44834710743801653 0.9132231404958677 0.44834710743801653 0.9111570247933884 0.4462809917355372 0.9111570247933884 0.44421487603305787 0.9090909090909091 0.44214876033057854 0.9090909090909091 0.44008264462809915 0.9070247933884298 0.4380165289256198 0.9070247933884298 0.4359504132231405 0.9090909090909091 0.43388429752066116 0.9090909090909091 0.42768595041322316 0.9111570247933884 0.4256198347107438 0.9111570247933884 0.41735537190082644 0.9049586776859504 0.41115702479338845
2 0.9442148760330579 0.5640495867768595 0.9442148760330579 0.5661157024793388 0.9462809917355371 0.5681818181818182 0.9483471074380165 0.5681818181818182 0.9504132231404959 0.5702479338842975 0.9545454545454546 0.5702479338842975 0.9566115702479339 0.5723140495867769 0.9586776859504132 0.5723140495867769 0.9607438016528925 0.5743801652892562 0.9628099173553719 0.5743801652892562 0.9648760330578512 0.5764462809917356 0.9669421487603306 0.5764462809917356 0.96900826446281 0.5785123966942148 0.9669421487603306 0.5805785123966942 0.9648760330578512 0.5805785123966942 0.9628099173553719 0.5826446280991735 0.9566115702479339 0.5826446280991735 0.9504132231404959 0.5764462809917356 0.9483471074380165 0.5764462809917356 0.9462809917355371 0.5743801652892562 0.9442148760330579 0.5743801652892562 0.9442148760330579 0.5764462809917356 0.9462809917355371 0.5764462809917356 0.9524793388429752 0.5826446280991735 0.9669421487603306 0.5826446280991735 0.96900826446281 0.5847107438016529 0.9834710743801653 0.5847107438016529 0.9855371900826446 0.5867768595041323 0.9917355371900827 0.5867768595041323 0.993801652892562 0.5888429752066116 0.9979338842975206 0.5888429752066116 0.9958677685950413 0.5867768595041323 0.9917355371900827 0.5867768595041323 0.9896694214876033 0.5847107438016529 0.9855371900826446 0.5847107438016529 0.9772727272727273 0.5764462809917356 0.9752066115702479 0.5785123966942148 0.9731404958677686 0.5785123966942148 0.9710743801652892 0.5764462809917356 0.96900826446281 0.5764462809917356 0.9669421487603306 0.5743801652892562 0.9628099173553719 0.5743801652892562 0.9607438016528925 0.5723140495867769 0.9586776859504132 0.5723140495867769 0.9566115702479339 0.5702479338842975 0.9545454545454546 0.5702479338842975 0.9524793388429752 0.5681818181818182 0.9504132231404959 0.5681818181818182 0.9483471074380165 0.5661157024793388 0.9462809917355371 0.5681818181818182 0.9442148760330579 0.5661157024793388
2 0.8450413223140496 0.40702479338842973 0.8450413223140496 0.4090909090909091 0.8471074380165289 0.40702479338842973 0.8491735537190083 0.40702479338842973 0.8512396694214877 0.4049586776859504 0.8533057851239669 0.4049586776859504 0.8574380165289256 0.4090909090909091 0.859504132231405 0.4090909090909091 0.8615702479338843 0.40702479338842973 0.8657024793388429 0.40702479338842973 0.8677685950413223 0.4049586776859504 0.8677685950413223 0.40289256198347106 0.871900826446281 0.3987603305785124 0.8739669421487604 0.40082644628099173 0.8863636363636364 0.40082644628099173 0.8884297520661157 0.40289256198347106 0.890495867768595 0.40289256198347106 0.8925619834710744 0.4049586776859504 0.8966942148760331 0.4049586776859504 0.9008264462809917 0.4090909090909091 0.8946280991735537 0.40289256198347106 0.890495867768595 0.40289256198347106 0.8863636363636364 0.3987603305785124 0.8822314049586777 0.3987603305785124 0.8801652892561983 0.40082644628099173 0.8760330578512396 0.40082644628099173 0.8739669421487604 0.3987603305785124 0.8698347107438017 0.3987603305785124 0.8677685950413223 0.40082644628099173 0.8677685950413223 0.40289256198347106 0.8636363636363636 0.40702479338842973 0.8553719008264463 0.40702479338842973 0.8533057851239669 0.4049586776859504 0.8533057851239669 0.3987603305785124 0.8553719008264463 0.39669421487603307 0.859504132231405 0.39669421487603307 0.859504132231405 0.3884297520661157 0.8636363636363636 0.384297520661157 0.8636363636363636 0.38016528925619836 0.8677685950413223 0.3760330578512397 0.8657024793388429 0.3760330578512397 0.8636363636363636 0.378099173553719 0.8636363636363636 0.3822314049586777 0.859504132231405 0.38636363636363635 0.859504132231405 0.3884297520661157 0.8574380165289256 0.390495867768595 0.8574380165289256 0.39462809917355374 0.8553719008264463 0.39669421487603307 0.8533057851239669 0.39669421487603307 0.8533057851239669 0.40289256198347106 0.8512396694214877 0.4049586776859504 0.8471074380165289 0.4049586776859504
2 0.23760330578512398 0.4256198347107438 0.23553719008264462 0.42768595041322316 0.23553719008264462 0.4297520661157025 0.2334710743801653 0.4318181818181818 0.2334710743801653 0.4359504132231405 0.23140495867768596 0.4380165289256198 0.23140495867768596 0.44008264462809915 0.22933884297520662 0.44214876033057854 0.22933884297520662 0.44834710743801653 0.22727272727272727 0.45041322314049587 0.22727272727272727 0.4669421487603306 0.22933884297520662 0.4690082644628099 0.22520661157024793 0.4731404958677686 0.2231404958677686 0.47107438016528924 0.2231404958677686 0.4690082644628099 0.22107438016528927 0.4690082644628099 0.22107438016528927 0.47107438016528924 0.2190082644628099 0.4731404958677686 0.21694214876033058 0.47107438016528924 0.21487603305785125 0.4731404958677686 0.21694214876033058 0.47520661157024796 0.2190082644628099 0.47520661157024796 0.22107438016528927 0.4731404958677686 0.22520661157024793 0.4731404958677686 0.22727272727272727 0.47520661157024796 0.2334710743801653 0.47520661157024796 0.2334710743801653 0.47107438016528924 0.23140495867768596 0.4690082644628099 0.23140495867768596 0.4669421487603306 0.22933884297520662 0.46487603305785125 0.22933884297520662 0.44834710743801653 0.23140495867768596 0.4462809917355372 0.23140495867768596 0.44008264462809915 0.2334710743801653 0.4380165289256198 0.2334710743801653 0.43388429752066116 0.23760330578512398 0.4297520661157025
2 0.628099173553719 0.9772727272727273 0.628099173553719 0.9793388429752066 0.6301652892561983 0.981404958677686 0.6322314049586777 0.981404958677686 0.6342975206611571 0.9834710743801653 0.6363636363636364 0.9834710743801653 0.6384297520661157 0.9855371900826446 0.6446280991735537 0.9855371900826446 0.6466942148760331 0.987603305785124 0.6508264462809917 0.987603305785124 0.6528925619834711 0.9896694214876033 0.6590909090909091 0.9896694214876033 0.6611570247933884 0.9917355371900827 0.6632231404958677 0.9917355371900827 0.6652892561983471 0.993801652892562 0.6673553719008265 0.993801652892562 0.6694214876033058 0.9958677685950413 0.6714876033057852 0.9958677685950413 0.6735537190082644 0.9979338842975206 0.6776859504132231 0.9979338842975206 0.6776859504132231 0.9958677685950413 0.6756198347107438 0.9958677685950413 0.6735537190082644 0.993801652892562 0.6694214876033058 0.993801652892562 0.6673553719008265 0.9917355371900827 0.6652892561983471 0.9917355371900827 0.6632231404958677 0.9896694214876033 0.6590909090909091 0.9896694214876033 0.6570247933884298 0.987603305785124 0.6508264462809917 0.987603305785124 0.6487603305785123 0.9855371900826446 0.6446280991735537 0.9855371900826446 0.6425619834710744 0.9834710743801653 0.6384297520661157 0.9834710743801653 0.6363636363636364 0.981404958677686 0.6342975206611571 0.981404958677686 0.6322314049586777 0.9793388429752066 0.6301652892561983 0.9793388429752066
2 0.26239669421487605 0.3987603305785124 0.2603305785123967 0.40082644628099173 0.2603305785123967 0.4049586776859504 0.25826446280991733 0.40702479338842973 0.25826446280991733 0.4090909090909091 0.256198347107438 0.41115702479338845 0.256198347107438 0.4132231404958678 0.25206611570247933 0.41735537190082644 0.24586776859504134 0.41735537190082644 0.24380165289256198 0.4194214876033058 0.24380165289256198 0.4214876033057851 0.24793388429752067 0.41735537190082644 0.25206611570247933 0.4214876033057851 0.25413223140495866 0.4214876033057851 0.256198347107438 0.4194214876033058 0.256198347107438 0.4152892561983471 0.25826446280991733 0.4132231404958678 0.2603305785123967 0.4132231404958678 0.2603305785123967 0.40702479338842973 0.26239669421487605 0.4049586776859504
2 0 0.11776859504132231 0 0.11983471074380166 0.002066115702479339 0.11983471074380166 0.004132231404958678 0.12190082644628099 0.008264462809917356 0.12190082644628099 0.012396694214876033 0.12603305785123967 0.014462809917355372 0.12603305785123967 0.01859504132231405 0.13016528925619836 0.01859504132231405 0.1322314049586777 0.02066115702479339 0.13429752066115702 0.022727272727272728 0.13429752066115702 0.024793388429752067 0.13636363636363635 0.026859504132231406 0.13636363636363635 0.028925619834710745 0.1384297520661157 0.030991735537190084 0.1384297520661157 0.026859504132231406 0.13429752066115702 0.024793388429752067 0.13429752066115702 0.012396694214876033 0.12190082644628099 0.010330578512396695 0.12190082644628099 0.008264462809917356 0.11983471074380166 0.002066115702479339 0.11983471074380166
2 0.5764462809917356 0 0.5743801652892562 0 0.5723140495867769 0.002066115702479339 0.5702479338842975 0 0.5681818181818182 0.002066115702479339 0.5681818181818182 0.010330578512396695 0.5640495867768595 0.014462809917355372 0.5640495867768595 0.01859504132231405 0.5619834710743802 0.02066115702479339 0.5640495867768595 0.02066115702479339 0.5640495867768595 0.01859504132231405 0.5661157024793388 0.01652892561983471 0.5661157024793388 0.014462809917355372 0.5723140495867769 0.008264462809917356 0.5723140495867769 0.004132231404958678
2 0.9070247933884298 0.40289256198347106 0.9070247933884298 0.4049586776859504 0.9090909090909091 0.4049586776859504 0.9111570247933884 0.40289256198347106 0.9152892561983471 0.40289256198347106 0.9173553719008265 0.4049586776859504 0.9214876033057852 0.4049586776859504 0.9235537190082644 0.40702479338842973 0.9256198347107438 0.40702479338842973 0.9276859504132231 0.4049586776859504 0.9276859504132231 0.40289256198347106 0.9256198347107438 0.40082644628099173 0.9235537190082644 0.40289256198347106 0.9173553719008265 0.40289256198347106 0.9152892561983471 0.40082644628099173 0.9111570247933884 0.40082644628099173 0.9090909090909091 0.40289256198347106
2 0.4256198347107438 0.6714876033057852 0.4256198347107438 0.6776859504132231 0.42768595041322316 0.6776859504132231 0.4297520661157025 0.6797520661157025 0.4359504132231405 0.6797520661157025 0.4380165289256198 0.6776859504132231 0.44008264462809915 0.6776859504132231 0.44214876033057854 0.6797520661157025 0.4462809917355372 0.6797520661157025 0.44834710743801653 0.6818181818181818 0.44834710743801653 0.6797520661157025 0.4462809917355372 0.6776859504132231 0.4359504132231405 0.6776859504132231 0.43388429752066116 0.6797520661157025 0.4318181818181818 0.6776859504132231 0.4297520661157025 0.6776859504132231 0.42768595041322316 0.6756198347107438 0.42768595041322316 0.6735537190082644