0 0 0.5510752688172043 0 0.8924731182795699 0.03494623655913978 0.8924731182795699 0.03763440860215054 0.8951612903225806 0.056451612903225805 0.8951612903225806 0.05913978494623656 0.8978494623655914 0.07795698924731183 0.8978494623655914 0.08064516129032258 0.8951612903225806 0.09946236559139784 0.8951612903225806 0.10215053763440861 0.8924731182795699 0.1693548387096774 0.8924731182795699 0.17204301075268819 0.8951612903225806 0.2768817204301075 0.8951612903225806 0.27956989247311825 0.8924731182795699 0.3172043010752688 0.8924731182795699 0.31989247311827956 0.8897849462365591 0.3333333333333333 0.8897849462365591 0.33602150537634407 0.8924731182795699 0.3817204301075269 0.8924731182795699 0.3844086021505376 0.8897849462365591 0.41935483870967744 0.8897849462365591 0.4220430107526882 0.8924731182795699 0.48118279569892475 0.8924731182795699 0.4838709677419355 0.8897849462365591 0.5026881720430108 0.8897849462365591 0.5053763440860215 0.8870967741935484 0.5053763440860215 0.8817204301075269 0.5080645161290323 0.8790322580645161 0.5080645161290323 0.8682795698924731 0.510752688172043 0.8655913978494624 0.510752688172043 0.8494623655913979 0.5134408602150538 0.8467741935483871 0.5134408602150538 0.8252688172043011 0.510752688172043 0.8225806451612904 0.510752688172043 0.7903225806451613 0.5080645161290323 0.7876344086021505 0.5080645161290323 0.7688172043010753 0.5053763440860215 0.7661290322580645 0.5053763440860215 0.6989247311827957 0.5026881720430108 0.696236559139785 0.5026881720430108 0.6935483870967742 0.5 0.6908602150537635 0.5 0.6881720430107527 0.4946236559139785 0.6801075268817204 0.4946236559139785 0.6693548387096774 0.49731182795698925 0.6666666666666666 0.49731182795698925 0.6559139784946236 0.4946236559139785 0.6532258064516129 0.4946236559139785 0.6505376344086021 0.48655913978494625 0.6424731182795699 0.48655913978494625 0.6397849462365591 0.4731182795698925 0.6263440860215054 0.4731182795698925 0.6236559139784946 0.4543010752688172 0.6048387096774194 0.45161290322580644 0.6048387096774194 0.44623655913978494 0.5994623655913979 0.4435483870967742 0.5994623655913979 0.43548387096774194 0.5940860215053764 0.43010752688172044 0.5940860215053764 0.4274193548387097 0.5913978494623656 0.4220430107526882 0.5913978494623656 0.41935483870967744 0.5887096774193549 0.41397849462365593 0.5887096774193549 0.4112903225806452 0.5860215053763441 0.40591397849462363 0.5860215053763441 0.4032258064516129 0.5833333333333334 0.3897849462365591 0.5833333333333334 0.3817204301075269 0.5779569892473119 0.3763440860215054 0.5779569892473119 0.3736559139784946 0.5752688172043011 0.3655913978494624 0.5752688172043011 0.3629032258064516 0.5725806451612904 0.3602150537634409 0.5725806451612904 0.3575268817204301 0.5752688172043011 0.3548387096774194 0.5752688172043011 0.3521505376344086 0.5779569892473119 0.34946236559139787 0.5779569892473119 0.34139784946236557 0.5860215053763441 0.3387096774193548 0.5860215053763441 0.33602150537634407 0.5833333333333334 0.27956989247311825 0.5833333333333334 0.2768817204301075 0.5806451612903226 0.26344086021505375 0.5806451612903226 0.260752688172043 0.5779569892473119 0.24731182795698925 0.5779569892473119 0.2446236559139785 0.5752688172043011 0.239247311827957 0.5752688172043011 0.23655913978494625 0.5725806451612904 0.20161290322580644 0.5725806451612904 0.1989247311827957 0.5752688172043011 0.16666666666666666 0.5752688172043011 0.1639784946236559 0.5779569892473119 0.08333333333333333 0.5779569892473119 0.08064516129032258 0.5752688172043011 0.06720430107526881 0.5752688172043011 0.06451612903225806 0.5725806451612904 0.06182795698924731 0.5725806451612904 0.056451612903225805 0.5672043010752689 0.053763440860215055 0.5672043010752689 0.04838709677419355 0.5618279569892473 0.0456989247311828 0.5618279569892473 0.03763440860215054 0.5564516129032258 0.026881720430107527 0.5564516129032258 0.024193548387096774 0.553763440860215 0.010752688172043012 0.553763440860215 0.008064516129032258 0.5510752688172043
0 0 0.1586021505376344 0 0.48655913978494625 0.08064516129032258 0.48655913978494625 0.08333333333333333 0.4838709677419355 0.11559139784946236 0.4838709677419355 0.11827956989247312 0.48655913978494625 0.15053763440860216 0.48655913978494625 0.1532258064516129 0.489247311827957 0.17204301075268819 0.489247311827957 0.17473118279569894 0.48655913978494625 0.20161290322580644 0.48655913978494625 0.20430107526881722 0.4838709677419355 0.20430107526881722 0.44086021505376344 0.20698924731182797 0.4381720430107527 0.20698924731182797 0.4274193548387097 0.20967741935483872 0.42473118279569894 0.20967741935483872 0.41397849462365593 0.21236559139784947 0.4112903225806452 0.21236559139784947 0.4032258064516129 0.21505376344086022 0.40053763440860213 0.21505376344086022 0.3844086021505376 0.21236559139784947 0.3817204301075269 0.21236559139784947 0.3575268817204301 0.20967741935483872 0.3548387096774194 0.20967741935483872 0.3467741935483871 0.20698924731182797 0.34408602150537637 0.20698924731182797 0.33602150537634407 0.20430107526881722 0.3333333333333333 0.20430107526881722 0.32526881720430106 0.20161290322580644 0.3225806451612903 0.20161290322580644 0.3172043010752688 0.1989247311827957 0.31451612903225806 0.1989247311827957 0.3064516129032258 0.19623655913978494 0.30376344086021506 0.19623655913978494 0.29301075268817206 0.1935483870967742 0.2903225806451613 0.1935483870967742 0.2768817204301075 0.19086021505376344 0.27419354838709675 0.19086021505376344 0.271505376344086 0.1881720430107527 0.26881720430107525 0.1881720430107527 0.2661290322580645 0.1827956989247312 0.260752688172043 0.1827956989247312 0.25806451612903225 0.18010752688172044 0.2553763440860215 0.18010752688172044 0.25268817204301075 0.17204301075268819 0.2446236559139785 0.17204301075268819 0.20430107526881722 0.1693548387096774 0.20161290322580644 0.1693548387096774 0.19623655913978494 0.1639784946236559 0.19086021505376344 0.1639784946236559 0.1881720430107527 0.1532258064516129 0.1774193548387097 0.15053763440860216 0.1774193548387097 0.1478494623655914 0.17473118279569894 0.1424731182795699 0.17473118279569894 0.13978494623655913 0.17204301075268819 0.13440860215053763 0.17204301075268819 0.13172043010752688 0.1693548387096774 0.12634408602150538 0.1693548387096774 0.12365591397849462 0.16666666666666666 0.12096774193548387 0.16666666666666666 0.11827956989247312 0.1639784946236559 0.11559139784946236 0.1639784946236559 0.11290322580645161 0.16129032258064516 0.11021505376344086 0.16129032258064516 0.10752688172043011 0.1586021505376344 0.10483870967741936 0.1586021505376344 0.10215053763440861 0.15591397849462366 0.09946236559139784 0.15591397849462366 0.0967741935483871 0.1532258064516129 0.06720430107526881 0.1532258064516129 0.06451612903225806 0.15591397849462366 0.04032258064516129 0.15591397849462366 0.03763440860215054 0.1586021505376344
0 0 0.056451612903225805 0.016129032258064516 0.056451612903225805 0.01881720430107527 0.053763440860215055 0.03763440860215054 0.053763440860215055 0.04032258064516129 0.051075268817204304 0.13709677419354838 0.051075268817204304 0.13978494623655913 0.053763440860215055 0.1639784946236559 0.053763440860215055 0.16666666666666666 0.056451612903225805 0.18548387096774194 0.056451612903225805 0.1881720430107527 0.05913978494623656 0.19086021505376344 0.05913978494623656 0.1935483870967742 0.056451612903225805 0.22580645161290322 0.056451612903225805 0.22849462365591397 0.053763440860215055 0.26344086021505375 0.053763440860215055 0.2661290322580645 0.051075268817204304 0.27956989247311825 0.051075268817204304 0.28225806451612906 0.04838709677419355 0.2956989247311828 0.04838709677419355 0.29838709677419356 0.0456989247311828 0.3279569892473118 0.0456989247311828 0.33064516129032256 0.043010752688172046 0.41397849462365593 0.043010752688172046 0.4166666666666667 0.04032258064516129 0.41935483870967744 0.04032258064516129 0.42473118279569894 0.03494623655913978 0.4274193548387097 0.03494623655913978 0.43010752688172044 0.03225806451612903 0.4327956989247312 0.03225806451612903 0.43548387096774194 0.02956989247311828 0.4381720430107527 0.02956989247311828 0.44086021505376344 0.026881720430107527 0.44086021505376344 0.024193548387096774 0.4543010752688172 0.010752688172043012 0.45698924731182794 0.010752688172043012 0.45698924731182794 0 0 0
0 0 0.9650537634408602 0 0.9973118279569892 0.239247311827957 0.9973118279569892 0.239247311827957 0.967741935483871 0.22849462365591397 0.967741935483871 0.22580645161290322 0.9650537634408602 0.20430107526881722 0.9650537634408602 0.20161290322580644 0.9623655913978495 0.043010752688172046 0.9623655913978495 0.04032258064516129 0.9650537634408602
1 0.8440860215053764 0.11290322580645161 0.8387096774193549 0.10752688172043011 0.7795698924731183 0.10752688172043011 0.7768817204301075 0.11021505376344086 0.739247311827957 0.11021505376344086 0.7258064516129032 0.12365591397849462 0.7231182795698925 0.12365591397849462 0.7150537634408602 0.13172043010752688 0.6854838709677419 0.13172043010752688 0.6612903225806451 0.15591397849462366 0.6586021505376344 0.15591397849462366 0.6370967741935484 0.1774193548387097 0.6236559139784946 0.1639784946236559 0.6236559139784946 0.16129032258064516 0.6021505376344086 0.13978494623655913 0.6021505376344086 0.13709677419354838 0.5940860215053764 0.12903225806451613 0.553763440860215 0.12903225806451613 0.5510752688172043 0.13172043010752688 0.49731182795698925 0.13172043010752688 0.4946236559139785 0.13440860215053763 0.44623655913978494 0.13440860215053763 0.4435483870967742 0.13709677419354838 0.2903225806451613 0.13709677419354838 0.28763440860215056 0.13440860215053763 0.28225806451612906 0.13440860215053763 0.27956989247311825 0.13709677419354838 0.27419354838709675 0.13709677419354838 0.271505376344086 0.13978494623655913 0.2661290322580645 0.13978494623655913 0.26344086021505375 0.1424731182795699 0.25806451612903225 0.1424731182795699 0.2553763440860215 0.14516129032258066 0.24731182795698925 0.1478494623655914 0.24731182795698925 0.31989247311827956 0.25 0.3225806451612903 0.25 0.3682795698924731 0.25268817204301075 0.3709677419354839 0.25268817204301075 0.4166666666666667 0.2553763440860215 0.41935483870967744 0.2553763440860215 0.4543010752688172 0.25806451612903225 0.45698924731182794 0.46774193548387094 0.45698924731182794 0.47043010752688175 0.4543010752688172 0.532258064516129 0.4543010752688172 0.5349462365591398 0.45161290322580644 0.6720430107526881 0.45161290322580644 0.6747311827956989 0.4489247311827957 0.803763440860215 0.4489247311827957 0.8064516129032258 0.45161290322580644 0.8467741935483871 0.45161290322580644 0.8521505376344086 0.44623655913978494 0.8548387096774194 0.44623655913978494 0.8602150537634409 0.4381720430107527 0.8602150537634409 0.42473118279569894 0.8575268817204301 0.4220430107526882 0.8575268817204301 0.41935483870967744 0.8521505376344086 0.41397849462365593 0.8521505376344086 0.4112903225806452 0.8467741935483871 0.4032258064516129 0.8467741935483871 0.3924731182795699 0.8440860215053764 0.3897849462365591 0.8440860215053764 0.3817204301075269 0.8467741935483871 0.3790322580645161 0.8467741935483871 0.3736559139784946 0.8494623655913979 0.3709677419354839 0.8494623655913979 0.3629032258064516 0.8521505376344086 0.3602150537634409 0.8521505376344086 0.3467741935483871 0.8548387096774194 0.34408602150537637 0.8548387096774194 0.3387096774193548 0.8602150537634409 0.33064516129032256 0.8602150537634409 0.27419354838709675 0.8629032258064516 0.271505376344086 0.8629032258064516 0.25806451612903225 0.8655913978494624 0.2553763440860215 0.8655913978494624 0.22043010752688172 0.8629032258064516 0.21774193548387097 0.8629032258064516 0.21236559139784947 0.8602150537634409 0.20967741935483872 0.8602150537634409 0.19086021505376344 0.8575268817204301 0.1881720430107527 0.8575268817204301 0.1774193548387097 0.8548387096774194 0.17473118279569894 0.8548387096774194 0.1693548387096774 0.8521505376344086 0.16666666666666666 0.8521505376344086 0.1639784946236559 0.8440860215053764 0.15053763440860216
1 0.5591397849462365 0.5510752688172043 0.553763440860215 0.5564516129032258 0.553763440860215 0.5591397849462365 0.5510752688172043 0.5618279569892473 0.5510752688172043 0.5725806451612904 0.5483870967741935 0.5752688172043011 0.5483870967741935 0.5994623655913979 0.5456989247311828 0.6021505376344086 0.5456989247311828 0.6209677419354839 0.5483870967741935 0.6236559139784946 0.5483870967741935 0.6397849462365591 0.5510752688172043 0.6424731182795699 0.5510752688172043 0.6505376344086021 0.5564516129032258 0.6559139784946236 0.5591397849462365 0.6559139784946236 0.5618279569892473 0.6586021505376344 0.5618279569892473 0.6639784946236559 0.5564516129032258 0.6693548387096774 0.5564516129032258 0.7016129032258065 0.5591397849462365 0.7043010752688172 0.5591397849462365 0.7258064516129032 0.5618279569892473 0.728494623655914 0.5618279569892473 0.7446236559139785 0.5645161290322581 0.7473118279569892 0.5645161290322581 0.771505376344086 0.5672043010752689 0.7741935483870968 0.5672043010752689 0.782258064516129 0.5618279569892473 0.7876344086021505 0.5618279569892473 0.8064516129032258 0.5645161290322581 0.8091397849462365 0.5645161290322581 0.8118279569892473 0.5672043010752689 0.8145161290322581 0.5672043010752689 0.8172043010752689 0.5698924731182796 0.8198924731182796 0.5698924731182796 0.8279569892473119 0.5779569892473119 0.8360215053763441 0.5779569892473119 0.8387096774193549 0.5806451612903226 0.8413978494623656 0.5806451612903226 0.8440860215053764 0.5887096774193549 0.8521505376344086 0.5913978494623656 0.8521505376344086 0.5940860215053764 0.8548387096774194 0.5994623655913979 0.8548387096774194 0.6021505376344086 0.8575268817204301 0.6048387096774194 0.8575268817204301 0.6075268817204301 0.8548387096774194 0.6344086021505376 0.8548387096774194 0.6370967741935484 0.8575268817204301 0.6586021505376344 0.8575268817204301 0.6612903225806451 0.8602150537634409 0.6801075268817204 0.8602150537634409 0.6827956989247311 0.8629032258064516 0.696236559139785 0.8629032258064516 0.6989247311827957 0.8655913978494624 0.7150537634408602 0.8655913978494624 0.717741935483871 0.8682795698924731 0.7231182795698925 0.8682795698924731 0.7258064516129032 0.8709677419354839 0.7311827956989247 0.8709677419354839 0.7338709677419355 0.8736559139784946 0.7365591397849462 0.8736559139784946 0.739247311827957 0.8763440860215054 0.7526881720430108 0.8763440860215054 0.7553763440860215 0.8790322580645161 0.7983870967741935 0.8790322580645161 0.8010752688172043 0.8817204301075269 0.803763440860215 0.8817204301075269 0.8064516129032258 0.8790322580645161 0.8118279569892473 0.8790322580645161 0.8145161290322581 0.8763440860215054 0.8172043010752689 0.8763440860215054 0.8198924731182796 0.8736559139784946 0.8387096774193549 0.8736559139784946 0.8413978494623656 0.8709677419354839 0.8548387096774194 0.8709677419354839 0.8575268817204301 0.8736559139784946 0.8575268817204301 0.8602150537634409 0.8602150537634409 0.8575268817204301 0.8602150537634409 0.8494623655913979 0.8629032258064516 0.8467741935483871 0.8629032258064516 0.8440860215053764 0.8655913978494624 0.8413978494623656 0.8655913978494624 0.8387096774193549 0.8709677419354839 0.8333333333333334 0.8709677419354839 0.8306451612903226 0.8736559139784946 0.8279569892473119 0.8736559139784946 0.8225806451612904 0.8709677419354839 0.8198924731182796 0.8709677419354839 0.8118279569892473 0.8682795698924731 0.8091397849462365 0.8682795698924731 0.8010752688172043 0.8575268817204301 0.7903225806451613 0.8575268817204301 0.7876344086021505 0.8548387096774194 0.7849462365591398 0.8548387096774194 0.782258064516129 0.8521505376344086 0.7795698924731183 0.8521505376344086 0.7634408602150538 0.8602150537634409 0.7553763440860215 0.8602150537634409 0.75 0.8629032258064516 0.7473118279569892 0.8629032258064516 0.739247311827957 0.8655913978494624 0.7365591397849462 0.8655913978494624 0.7311827956989247 0.8682795698924731 0.728494623655914 0.8682795698924731 0.7123655913978495 0.8655913978494624 0.7096774193548387 0.8655913978494624 0.7043010752688172 0.8629032258064516 0.7016129032258065 0.8629032258064516 0.6989247311827957 0.8602150537634409 0.696236559139785 0.8602150537634409 0.6935483870967742 0.8575268817204301 0.6908602150537635 0.8575268817204301 0.6881720430107527 0.8548387096774194 0.6854838709677419 0.8548387096774194 0.6693548387096774 0.8575268817204301 0.6666666666666666 0.8575268817204301 0.6559139784946236 0.8602150537634409 0.6532258064516129 0.8602150537634409 0.6451612903225806 0.8629032258064516 0.6424731182795699 0.8629032258064516 0.6370967741935484 0.8655913978494624 0.6344086021505376 0.8655913978494624 0.6290322580645161 0.8682795698924731 0.6263440860215054 0.8682795698924731 0.5860215053763441 0.8655913978494624 0.5833333333333334 0.8655913978494624 0.5806451612903226 0.8629032258064516 0.5779569892473119 0.8629032258064516 0.5752688172043011 0.8575268817204301 0.5698924731182796 0.8575268817204301 0.5672043010752689 0.8467741935483871 0.5564516129032258 0.8413978494623656 0.5564516129032258 0.8387096774193549 0.553763440860215 0.8333333333333334 0.553763440860215 0.8306451612903226 0.5510752688172043 0.8279569892473119 0.5510752688172043 0.8252688172043011 0.5483870967741935 0.8225806451612904 0.5483870967741935 0.8172043010752689 0.543010752688172 0.8172043010752689 0.5403225806451613 0.8091397849462365 0.532258064516129 0.7983870967741935 0.532258064516129 0.7956989247311828 0.5295698924731183 0.7741935483870968 0.5295698924731183 0.771505376344086 0.5268817204301075 0.760752688172043 0.5268817204301075 0.7580645161290323 0.5241935483870968 0.717741935483871 0.5241935483870968 0.7150537634408602 0.5268817204301075 0.7016129032258065 0.5268817204301075 0.6989247311827957 0.5295698924731183 0.6263440860215054 0.5295698924731183 0.6236559139784946 0.532258064516129 0.5887096774193549 0.532258064516129 0.5860215053763441 0.5349462365591398 0.5833333333333334 0.5349462365591398 0.5779569892473119 0.5403225806451613 0.5752688172043011 0.5403225806451613 0.5698924731182796 0.5456989247311828 0.5672043010752689 0.5456989247311828 0.5618279569892473 0.5510752688172043
1 0.9758064516129032 0.16129032258064516 0.9731182795698925 0.1639784946236559 0.956989247311828 0.1639784946236559 0.9543010752688172 0.16666666666666666 0.9543010752688172 0.1693548387096774 0.9516129032258065 0.17204301075268819 0.9516129032258065 0.1774193548387097 0.9489247311827957 0.18010752688172044 0.9489247311827957 0.1827956989247312 0.9435483870967742 0.1881720430107527 0.9435483870967742 0.19086021505376344 0.9408602150537635 0.1935483870967742 0.9408602150537635 0.19623655913978494 0.9381720430107527 0.1989247311827957 0.9381720430107527 0.20698924731182797 0.9408602150537635 0.20967741935483872 0.9408602150537635 0.21236559139784947 0.9435483870967742 0.21505376344086022 0.9435483870967742 0.21774193548387097 0.946236559139785 0.22043010752688172 0.946236559139785 0.22311827956989247 0.9489247311827957 0.22580645161290322 0.9489247311827957 0.22849462365591397 0.9516129032258065 0.23118279569892472 0.9516129032258065 0.23655913978494625 0.9543010752688172 0.239247311827957 0.9543010752688172 0.3064516129032258 0.9516129032258065 0.30913978494623656 0.9516129032258065 0.3279569892473118 0.9489247311827957 0.33064516129032256 0.9489247311827957 0.3736559139784946 0.9516129032258065 0.3763440860215054 0.9516129032258065 0.3978494623655914 0.9489247311827957 0.40053763440860213 0.9489247311827957 0.40591397849462363 0.946236559139785 0.40860215053763443 0.946236559139785 0.4166666666666667 0.9435483870967742 0.41935483870967744 0.9435483870967742 0.4274193548387097 0.9408602150537635 0.43010752688172044 0.9408602150537635 0.43548387096774194 0.9381720430107527 0.4381720430107527 0.9381720430107527 0.45698924731182794 0.9408602150537635 0.4596774193548387 0.9408602150537635 0.46236559139784944 0.9435483870967742 0.4650537634408602 0.9435483870967742 0.46774193548387094 0.946236559139785 0.47043010752688175 0.946236559139785 0.4731182795698925 0.9516129032258065 0.478494623655914 0.9516129032258065 0.4838709677419355 0.9543010752688172 0.48655913978494625 0.9543010752688172 0.49193548387096775 0.956989247311828 0.4946236559139785 0.956989247311828 0.5053763440860215 0.9596774193548387 0.5080645161290323 0.9811827956989247 0.5080645161290323 0.9838709677419355 0.510752688172043 0.9973118279569892 0.510752688172043 0.9973118279569892 0.16129032258064516
1 0.8736559139784946 0.9919354838709677 0.8709677419354839 0.989247311827957 0.8709677419354839 0.9865591397849462 0.8682795698924731 0.9838709677419355 0.8682795698924731 0.978494623655914 0.8655913978494624 0.9758064516129032 0.8655913978494624 0.9731182795698925 0.8575268817204301 0.9650537634408602 0.8548387096774194 0.9650537634408602 0.8521505376344086 0.9623655913978495 0.8494623655913979 0.9623655913978495 0.8467741935483871 0.9596774193548387 0.8413978494623656 0.9596774193548387 0.8387096774193549 0.9623655913978495 0.8360215053763441 0.9623655913978495 0.8333333333333334 0.9596774193548387 0.8198924731182796 0.9596774193548387 0.8172043010752689 0.956989247311828 0.739247311827957 0.956989247311828 0.7365591397849462 0.9543010752688172 0.728494623655914 0.9543010752688172 0.7258064516129032 0.956989247311828 0.7123655913978495 0.956989247311828 0.7096774193548387 0.9596774193548387 0.7043010752688172 0.9596774193548387 0.7016129032258065 0.9623655913978495 0.696236559139785 0.9623655913978495 0.6935483870967742 0.9650537634408602 0.6881720430107527 0.9650537634408602 0.6854838709677419 0.9623655913978495 0.6827956989247311 0.9650537634408602 0.6155913978494624 0.9650537634408602 0.6129032258064516 0.9623655913978495 0.6102150537634409 0.9623655913978495 0.6075268817204301 0.9650537634408602 0.5672043010752689 0.9650537634408602 0.5645161290322581 0.967741935483871 0.5564516129032258 0.967741935483871 0.553763440860215 0.9704301075268817 0.5456989247311828 0.9704301075268817 0.543010752688172 0.9731182795698925 0.5268817204301075 0.9731182795698925 0.5241935483870968 0.9758064516129032 0.5161290322580645 0.9758064516129032 0.5134408602150538 0.978494623655914 0.478494623655914 0.978494623655914 0.47580645161290325 0.9811827956989247 0.4381720430107527 0.9811827956989247 0.43548387096774194 0.978494623655914 0.40860215053763443 0.978494623655914 0.40591397849462363 0.9811827956989247 0.3951612903225806 0.9811827956989247 0.3924731182795699 0.9838709677419355 0.3844086021505376 0.9838709677419355 0.3817204301075269 0.9865591397849462 0.3763440860215054 0.9865591397849462 0.3736559139784946 0.989247311827957 0.3655913978494624 0.989247311827957 0.3629032258064516 0.9919354838709677 0.3602150537634409 0.9919354838709677 0.3548387096774194 0.9973118279569892 0.3521505376344086 0.9973118279569892 0.8736559139784946 0.9973118279569892
1 0.9973118279569892 0.5806451612903226 0.978494623655914 0.5806451612903226 0.9758064516129032 0.5833333333333334 0.9731182795698925 0.5833333333333334 0.967741935483871 0.5887096774193549 0.9650537634408602 0.5887096774193549 0.9623655913978495 0.5913978494623656 0.9596774193548387 0.5913978494623656 0.9489247311827957 0.6021505376344086 0.9489247311827957 0.6155913978494624 0.9516129032258065 0.6182795698924731 0.9516129032258065 0.6370967741935484 0.9543010752688172 0.6397849462365591 0.9543010752688172 0.6559139784946236 0.9516129032258065 0.6586021505376344 0.9516129032258065 0.6666666666666666 0.9489247311827957 0.6693548387096774 0.9489247311827957 0.6774193548387096 0.946236559139785 0.6801075268817204 0.946236559139785 0.696236559139785 0.9435483870967742 0.6989247311827957 0.9435483870967742 0.7043010752688172 0.946236559139785 0.706989247311828 0.946236559139785 0.7258064516129032 0.9489247311827957 0.728494623655914 0.9489247311827957 0.7311827956989247 0.9516129032258065 0.7338709677419355 0.9516129032258065 0.7365591397849462 0.9543010752688172 0.739247311827957 0.9543010752688172 0.7419354838709677 0.9596774193548387 0.7473118279569892 0.9596774193548387 0.7553763440860215 0.9623655913978495 0.7580645161290323 0.9623655913978495 0.7688172043010753 0.9650537634408602 0.771505376344086 0.9650537634408602 0.7983870967741935 0.9623655913978495 0.8010752688172043 0.9623655913978495 0.8064516129032258 0.9596774193548387 0.8091397849462365 0.9596774193548387 0.8118279569892473 0.956989247311828 0.8145161290322581 0.956989247311828 0.8198924731182796 0.9543010752688172 0.8225806451612904 0.9543010752688172 0.8413978494623656 0.956989247311828 0.8440860215053764 0.956989247311828 0.8494623655913979 0.9596774193548387 0.8521505376344086 0.9596774193548387 0.8575268817204301 0.9623655913978495 0.8602150537634409 0.9623655913978495 0.8709677419354839 0.9650537634408602 0.8736559139784946 0.9650537634408602 0.8870967741935484 0.9623655913978495 0.8897849462365591 0.9623655913978495 0.8978494623655914 0.9596774193548387 0.9005376344086021 0.9596774193548387 0.9032258064516129 0.956989247311828 0.9059139784946236 0.956989247311828 0.9086021505376344 0.9543010752688172 0.9112903225806451 0.9543010752688172 0.9139784946236559 0.956989247311828 0.9166666666666666 0.956989247311828 0.9193548387096774 0.9596774193548387 0.9220430107526881 0.9596774193548387 0.9274193548387096 0.9650537634408602 0.9327956989247311 0.967741935483871 0.9301075268817204 0.9973118279569892 0.9301075268817204
1 0.6102150537634409 0 0.6129032258064516 0.002688172043010753 0.6129032258064516 0.005376344086021506 0.6236559139784946 0.016129032258064516 0.6290322580645161 0.016129032258064516 0.6317204301075269 0.01881720430107527 0.7419354838709677 0.01881720430107527 0.7446236559139785 0.016129032258064516 0.75 0.016129032258064516 0.7526881720430108 0.013440860215053764 0.803763440860215 0.013440860215053764 0.8064516129032258 0.016129032258064516 0.8387096774193549 0.016129032258064516 0.8413978494623656 0.01881720430107527 0.8467741935483871 0.013440860215053764 0.8467741935483871 0.008064516129032258 0.8494623655913979 0.005376344086021506 0.8494623655913979 0
1 0.946236559139785 0 0.9489247311827957 0.002688172043010753 0.9489247311827957 0.03763440860215054 0.946236559139785 0.04032258064516129 0.946236559139785 0.053763440860215055 0.9435483870967742 0.056451612903225805 0.9435483870967742 0.06989247311827956 0.9408602150537635 0.07258064516129033 0.946236559139785 0.07258064516129033 0.9489247311827957 0.06989247311827956 0.9731182795698925 0.06989247311827956 0.9758064516129032 0.07258064516129033 0.9973118279569892 0.07258064516129033 0.9973118279569892 0
2 0.8521505376344086 0 0.8494623655913979 0.013440860215053764 0.8413978494623656 0.024193548387096774 0.8413978494623656 0.043010752688172046 0.8360215053763441 0.04838709677419355 0.8360215053763441 0.06451612903225806 0.8440860215053764 0.07526881720430108 0.8440860215053764 0.09946236559139784 0.8413978494623656 0.10215053763440861 0.8413978494623656 0.10752688172043011 0.8467741935483871 0.11290322580645161 0.8467741935483871 0.15053763440860216 0.8602150537634409 0.1774193548387097 0.8602150537634409 0.1881720430107527 0.8629032258064516 0.19086021505376344 0.8629032258064516 0.20967741935483872 0.8682795698924731 0.22043010752688172 0.8682795698924731 0.2553763440860215 0.8655913978494624 0.25806451612903225 0.8655913978494624 0.271505376344086 0.8629032258064516 0.27419354838709675 0.8629032258064516 0.33064516129032256 0.8548387096774194 0.3467741935483871 0.8548387096774194 0.3602150537634409 0.8521505376344086 0.3629032258064516 0.8521505376344086 0.3709677419354839 0.8467741935483871 0.3817204301075269 0.8467741935483871 0.3897849462365591 0.8494623655913979 0.3924731182795699 0.8494623655913979 0.4032258064516129 0.8629032258064516 0.42473118279569894 0.8629032258064516 0.4381720430107527 0.8602150537634409 0.4435483870967742 0.8494623655913979 0.45161290322580644 0.8494623655913979 0.46774193548387094 0.8521505376344086 0.47043010752688175 0.8521505376344086 0.48118279569892475 0.8494623655913979 0.4838709677419355 0.8494623655913979 0.49193548387096775 0.8413978494623656 0.5 0.8333333333333334 0.5026881720430108 0.8252688172043011 0.510752688172043 0.8172043010752689 0.5134408602150538 0.8091397849462365 0.521505376344086 0.8091397849462365 0.5295698924731183 0.8198924731182796 0.5403225806451613 0.8198924731182796 0.543010752688172 0.8333333333333334 0.5510752688172043 0.8467741935483871 0.553763440860215 0.8602150537634409 0.5672043010752689 0.8602150537634409 0.5698924731182796 0.8655913978494624 0.5752688172043011 0.8709677419354839 0.5860215053763441 0.8709677419354839 0.6263440860215054 0.8682795698924731 0.6290322580645161 0.8682795698924731 0.6344086021505376 0.8629032258064516 0.6451612903225806 0.8629032258064516 0.6532258064516129 0.8602150537634409 0.6559139784946236 0.8602150537634409 0.6666666666666666 0.8575268817204301 0.6693548387096774 0.8575268817204301 0.6854838709677419 0.8709677419354839 0.7123655913978495 0.8709677419354839 0.728494623655914 0.8655913978494624 0.739247311827957 0.8655913978494624 0.7473118279569892 0.8629032258064516 0.75 0.8629032258064516 0.7553763440860215 0.8548387096774194 0.7634408602150538 0.8548387096774194 0.7795698924731183 0.8602150537634409 0.7903225806451613 0.8709677419354839 0.8010752688172043 0.8709677419354839 0.8091397849462365 0.8736559139784946 0.8118279569892473 0.8736559139784946 0.8198924731182796 0.8763440860215054 0.8225806451612904 0.8763440860215054 0.8279569892473119 0.8629032258064516 0.8494623655913979 0.8629032258064516 0.8575268817204301 0.8602150537634409 0.8602150537634409 0.8602150537634409 0.8736559139784946 0.8575268817204301 0.8763440860215054 0.8602150537634409 0.8790322580645161 0.8602150537634409 0.8870967741935484 0.8655913978494624 0.8924731182795699 0.8655913978494624 0.9032258064516129 0.8602150537634409 0.9086021505376344 0.8575268817204301 0.9166666666666666 0.8494623655913979 0.9247311827956989 0.8494623655913979 0.9301075268817204 0.8467741935483871 0.9327956989247311 0.8467741935483871 0.9408602150537635 0.8494623655913979 0.9435483870967742 0.8494623655913979 0.9489247311827957 0.8521505376344086 0.9543010752688172 0.8575268817204301 0.956989247311828 0.8575268817204301 0.9623655913978495 0.8682795698924731 0.9731182795698925 0.8709677419354839 0.978494623655914 0.8709677419354839 0.9838709677419355 0.8763440860215054 0.9919354838709677 0.8763440860215054 0.9973118279569892 0.9946236559139785 0.9973118279569892 0.9919354838709677 0.9919354838709677 0.9919354838709677 0.9865591397849462 0.9838709677419355 0.978494623655914 0.9838709677419355 0.9758064516129032 0.978494623655914 0.9731182795698925 0.9650537634408602 0.956989247311828 0.9650537634408602 0.9435483870967742 0.9623655913978495 0.9408602150537635 0.9623655913978495 0.9327956989247311 0.956989247311828 0.9274193548387096 0.956989247311828 0.9220430107526881 0.9516129032258065 0.9139784946236559 0.9596774193548387 0.8978494623655914 0.9596774193548387 0.8897849462365591 0.9623655913978495 0.8870967741935484 0.9623655913978495 0.8736559139784946 0.9596774193548387 0.8709677419354839 0.9596774193548387 0.8602150537634409 0.956989247311828 0.8575268817204301 0.956989247311828 0.8521505376344086 0.9516129032258065 0.8413978494623656 0.9516129032258065 0.8225806451612904 0.9543010752688172 0.8198924731182796 0.9543010752688172 0.8145161290322581 0.9623655913978495 0.7983870967741935 0.9623655913978495 0.771505376344086 0.9596774193548387 0.7688172043010753 0.9596774193548387 0.7580645161290323 0.956989247311828 0.7553763440860215 0.956989247311828 0.7473118279569892 0.9516129032258065 0.7419354838709677 0.9435483870967742 0.7258064516129032 0.9435483870967742 0.706989247311828 0.9408602150537635 0.7043010752688172 0.9408602150537635 0.6989247311827957 0.9435483870967742 0.696236559139785 0.9435483870967742 0.6801075268817204 0.946236559139785 0.6774193548387096 0.946236559139785 0.6693548387096774 0.9489247311827957 0.6666666666666666 0.9489247311827957 0.6586021505376344 0.9516129032258065 0.6559139784946236 0.9516129032258065 0.6397849462365591 0.9489247311827957 0.6370967741935484 0.9489247311827957 0.6182795698924731 0.946236559139785 0.6155913978494624 0.946236559139785 0.6021505376344086 0.9596774193548387 0.5887096774193549 0.967741935483871 0.5860215053763441 0.9731182795698925 0.5806451612903226 0.9838709677419355 0.5752688172043011 0.9811827956989247 0.5698924731182796 0.9811827956989247 0.5618279569892473 0.9758064516129032 0.5510752688172043 0.9731182795698925 0.5510752688172043 0.967741935483871 0.5456989247311828 0.967741935483871 0.543010752688172 0.9623655913978495 0.5403225806451613 0.9516129032258065 0.5268817204301075 0.9516129032258065 0.510752688172043 0.9543010752688172 0.5080645161290323 0.9543010752688172 0.4946236559139785 0.9516129032258065 0.49193548387096775 0.9489247311827957 0.478494623655914 0.9435483870967742 0.4731182795698925 0.9354838709677419 0.45698924731182794 0.9354838709677419 0.4381720430107527 0.9381720430107527 0.43548387096774194 0.9381720430107527 0.43010752688172044 0.9408602150537635 0.4274193548387097 0.9408602150537635 0.41935483870967744 0.9435483870967742 0.4166666666666667 0.9435483870967742 0.40860215053763443 0.9489247311827957 0.3978494623655914 0.9489247311827957 0.3763440860215054 0.946236559139785 0.3736559139784946 0.946236559139785 0.33064516129032256 0.9489247311827957 0.3279569892473118 0.9489247311827957 0.30913978494623656 0.9516129032258065 0.3064516129032258 0.9516129032258065 0.239247311827957 0.9354838709677419 0.20698924731182797 0.9354838709677419 0.1989247311827957 0.9489247311827957 0.1774193548387097 0.9489247311827957 0.17204301075268819 0.9543010752688172 0.1639784946236559 0.9543010752688172 0.1532258064516129 0.9516129032258065 0.15053763440860216 0.9516129032258065 0.13978494623655913 0.9489247311827957 0.13709677419354838 0.9489247311827957 0.13172043010752688 0.9435483870967742 0.12634408602150538 0.9435483870967742 0.12096774193548387 0.9408602150537635 0.11827956989247312 0.9408602150537635 0.11021505376344086 0.9327956989247311 0.09408602150537634 0.9408602150537635 0.08333333333333333 0.9408602150537635 0.07526881720430108 0.9381720430107527 0.07258064516129033 0.9408602150537635 0.06989247311827956 0.9408602150537635 0.056451612903225805 0.9435483870967742 0.053763440860215055 0.9435483870967742 0.04032258064516129 0.946236559139785 0.03763440860215054 0.946236559139785 0.002688172043010753 0.9435483870967742 0