0 0.9979508196721312 0.430327868852459 0.9631147540983607 0.430327868852459 0.9610655737704918 0.42827868852459017 0.8668032786885246 0.42827868852459017 0.8647540983606558 0.430327868852459 0.8586065573770492 0.430327868852459 0.8565573770491803 0.4323770491803279 0.8545081967213115 0.4323770491803279 0.8545081967213115 0.4610655737704918 0.8524590163934426 0.46311475409836067 0.8524590163934426 0.4774590163934426 0.8545081967213115 0.47950819672131145 0.8545081967213115 0.5266393442622951 0.8504098360655737 0.5307377049180327 0.8483606557377049 0.5286885245901639 0.8483606557377049 0.5225409836065574 0.8463114754098361 0.5204918032786885 0.8463114754098361 0.5163934426229508 0.8483606557377049 0.514344262295082 0.8483606557377049 0.5061475409836066 0.8463114754098361 0.5040983606557377 0.8463114754098361 0.430327868852459 0.7930327868852459 0.430327868852459 0.7909836065573771 0.42827868852459017 0.7889344262295082 0.430327868852459 0.4569672131147541 0.430327868852459 0.4569672131147541 0.4323770491803279 0.45491803278688525 0.4344262295081967 0.45491803278688525 0.5471311475409836 0.7028688524590164 0.5471311475409836 0.7049180327868853 0.5450819672131147 0.7192622950819673 0.5450819672131147 0.7213114754098361 0.5471311475409836 0.7766393442622951 0.5471311475409836 0.7786885245901639 0.5450819672131147 0.7971311475409836 0.5450819672131147 0.7991803278688525 0.5471311475409836 0.8422131147540983 0.5471311475409836 0.8442622950819673 0.5450819672131147 0.8483606557377049 0.5450819672131147 0.8483606557377049 0.5327868852459017 0.8524590163934426 0.5286885245901639 0.8545081967213115 0.5307377049180327 0.8545081967213115 0.5430327868852459 0.8709016393442623 0.5430327868852459 0.8729508196721312 0.5450819672131147 0.9979508196721312 0.5450819672131147
0 0.14344262295081966 0.8647540983606558 0.14344262295081966 0.9139344262295082 0.14549180327868852 0.9139344262295082 0.14754098360655737 0.9118852459016393 0.14959016393442623 0.9118852459016393 0.15163934426229508 0.9139344262295082 0.15163934426229508 0.9159836065573771 0.14959016393442623 0.9180327868852459 0.14344262295081966 0.9180327868852459 0.14344262295081966 0.9815573770491803 0.3975409836065574 0.9815573770491803 0.39959016393442626 0.9836065573770492 0.4139344262295082 0.9836065573770492 0.41598360655737704 0.9815573770491803 0.4344262295081967 0.9815573770491803 0.4364754098360656 0.9836065573770492 0.4385245901639344 0.9815573770491803 0.4959016393442623 0.9815573770491803 0.4979508196721312 0.9836065573770492 0.5286885245901639 0.9836065573770492 0.5327868852459017 0.9795081967213115 0.5327868852459017 0.8647540983606558 0.5307377049180327 0.8627049180327869 0.5307377049180327 0.860655737704918 0.5286885245901639 0.8586065573770492 0.35040983606557374 0.8586065573770492 0.3483606557377049 0.8565573770491803 0.3422131147540984 0.8565573770491803 0.3401639344262295 0.8586065573770492 0.2889344262295082 0.8586065573770492 0.28688524590163933 0.8565573770491803 0.2520491803278688 0.8565573770491803 0.25 0.8586065573770492 0.22745901639344263 0.8586065573770492 0.22540983606557377 0.8565573770491803 0.14959016393442623 0.8565573770491803 0.14549180327868852 0.860655737704918 0.14549180327868852 0.8627049180327869
0 0.14344262295081966 0.28688524590163933 0.14344262295081966 0.4036885245901639 0.14754098360655737 0.4077868852459016 0.19057377049180327 0.4077868852459016 0.19262295081967212 0.4098360655737705 0.21721311475409835 0.4098360655737705 0.2192622950819672 0.4077868852459016 0.2540983606557377 0.4077868852459016 0.25614754098360654 0.4098360655737705 0.2581967213114754 0.4098360655737705 0.26024590163934425 0.4077868852459016 0.26844262295081966 0.4077868852459016 0.27049180327868855 0.4098360655737705 0.2889344262295082 0.4098360655737705 0.29098360655737704 0.4077868852459016 0.29713114754098363 0.4077868852459016 0.29918032786885246 0.4098360655737705 0.3012295081967213 0.4077868852459016 0.319672131147541 0.4077868852459016 0.32172131147540983 0.4098360655737705 0.35655737704918034 0.4098360655737705 0.35860655737704916 0.4077868852459016 0.36065573770491804 0.4077868852459016 0.36270491803278687 0.4098360655737705 0.36475409836065575 0.4077868852459016 0.3668032786885246 0.4077868852459016 0.36885245901639346 0.4098360655737705 0.5266393442622951 0.4098360655737705 0.5286885245901639 0.4077868852459016 0.5307377049180327 0.4077868852459016 0.5327868852459017 0.4057377049180328 0.5327868852459017 0.3155737704918033 0.5307377049180327 0.3135245901639344 0.5307377049180327 0.305327868852459 0.5327868852459017 0.30327868852459017 0.5327868852459017 0.29098360655737704 0.5184426229508197 0.29098360655737704 0.5163934426229508 0.2889344262295082 0.514344262295082 0.29098360655737704 0.48975409836065575 0.29098360655737704 0.48770491803278687 0.2889344262295082 0.35860655737704916 0.2889344262295082 0.35655737704918034 0.28688524590163933 0.3483606557377049 0.28688524590163933 0.3463114754098361 0.2889344262295082 0.25614754098360654 0.2889344262295082 0.2540983606557377 0.28688524590163933 0.25 0.28688524590163933 0.24795081967213115 0.2889344262295082 0.21721311475409835 0.2889344262295082 0.2151639344262295 0.28688524590163933
0 0.8442622950819673 0.7172131147540983 0.8422131147540983 0.7172131147540983 0.8401639344262295 0.7151639344262295 0.8360655737704918 0.7151639344262295 0.8340163934426229 0.7131147540983607 0.7520491803278688 0.7131147540983607 0.75 0.7151639344262295 0.7479508196721312 0.7131147540983607 0.7295081967213115 0.7131147540983607 0.7274590163934426 0.7151639344262295 0.5184426229508197 0.7151639344262295 0.5163934426229508 0.7172131147540983 0.4672131147540984 0.7172131147540983 0.4651639344262295 0.7192622950819673 0.4569672131147541 0.7192622950819673 0.45286885245901637 0.7233606557377049 0.45286885245901637 0.7336065573770492 0.45081967213114754 0.735655737704918 0.45081967213114754 0.7459016393442623 0.45286885245901637 0.7479508196721312 0.45286885245901637 0.819672131147541 0.45491803278688525 0.8217213114754098 0.45491803278688525 0.8237704918032787 0.4569672131147541 0.8258196721311475 0.4569672131147541 0.8278688524590164 0.45901639344262296 0.8299180327868853 0.4651639344262295 0.8299180327868853 0.4672131147540984 0.8319672131147541 0.48770491803278687 0.8319672131147541 0.48975409836065575 0.8340163934426229 0.5204918032786885 0.8340163934426229 0.5225409836065574 0.8360655737704918 0.5286885245901639 0.8360655737704918 0.5307377049180327 0.8340163934426229 0.5327868852459017 0.8360655737704918 0.5327868852459017 0.8340163934426229 0.5368852459016393 0.8299180327868853 0.5389344262295082 0.8299180327868853 0.5389344262295082 0.8258196721311475 0.5409836065573771 0.8237704918032787 0.5450819672131147 0.8237704918032787 0.5491803278688525 0.819672131147541 0.5512295081967213 0.819672131147541 0.5532786885245902 0.8217213114754098 0.555327868852459 0.8217213114754098 0.5594262295081968 0.8258196721311475 0.5573770491803278 0.8278688524590164 0.5512295081967213 0.8278688524590164 0.5491803278688525 0.8299180327868853 0.5450819672131147 0.8299180327868853 0.5450819672131147 0.8319672131147541 0.5430327868852459 0.8340163934426229 0.5389344262295082 0.8340163934426229 0.5368852459016393 0.8360655737704918 0.6721311475409836 0.8360655737704918 0.6741803278688525 0.8340163934426229 0.7397540983606558 0.8340163934426229 0.7418032786885246 0.8319672131147541 0.7602459016393442 0.8319672131147541 0.7622950819672131 0.8299180327868853 0.7930327868852459 0.8299180327868853 0.7950819672131147 0.8278688524590164 0.8114754098360656 0.8278688524590164 0.8135245901639344 0.8258196721311475 0.8217213114754098 0.8258196721311475 0.8237704918032787 0.8237704918032787 0.8278688524590164 0.8237704918032787 0.8319672131147541 0.819672131147541 0.8319672131147541 0.8176229508196722 0.8340163934426229 0.8155737704918032 0.8340163934426229 0.8073770491803278 0.8360655737704918 0.805327868852459 0.8360655737704918 0.7745901639344263 0.8381147540983607 0.7725409836065574 0.8381147540983607 0.7581967213114754 0.8401639344262295 0.7561475409836066 0.8401639344262295 0.7479508196721312 0.8422131147540983 0.7459016393442623 0.8422131147540983 0.7377049180327869 0.8442622950819673 0.735655737704918
0 0.14754098360655737 0.028688524590163935 0.14754098360655737 0.07991803278688525 0.14959016393442623 0.08196721311475409 0.14959016393442623 0.09016393442622951 0.14754098360655737 0.09221311475409837 0.14754098360655737 0.10040983606557377 0.14959016393442623 0.10245901639344263 0.14959016393442623 0.12090163934426229 0.15163934426229508 0.12295081967213115 0.15163934426229508 0.125 0.15368852459016394 0.12704918032786885 0.15368852459016394 0.1290983606557377 0.1557377049180328 0.1290983606557377 0.15778688524590165 0.13114754098360656 0.16598360655737704 0.13114754098360656 0.1680327868852459 0.13319672131147542 0.33401639344262296 0.13319672131147542 0.3360655737704918 0.13114754098360656 0.33811475409836067 0.13319672131147542 0.36065573770491804 0.13319672131147542 0.36270491803278687 0.13114754098360656 0.38114754098360654 0.13114754098360656 0.3831967213114754 0.13319672131147542 0.38524590163934425 0.13114754098360656 0.38729508196721313 0.13114754098360656 0.38934426229508196 0.13319672131147542 0.39139344262295084 0.13319672131147542 0.39344262295081966 0.13114754098360656 0.39549180327868855 0.13114754098360656 0.3975409836065574 0.13319672131147542 0.39959016393442626 0.13319672131147542 0.4016393442622951 0.13114754098360656 0.5266393442622951 0.13114754098360656 0.5286885245901639 0.1290983606557377 0.5286885245901639 0.12704918032786885 0.5307377049180327 0.125 0.5307377049180327 0.12090163934426229 0.5327868852459017 0.11885245901639344 0.5327868852459017 0.06762295081967214 0.5307377049180327 0.06557377049180328 0.5307377049180327 0.04918032786885246 0.5286885245901639 0.0471311475409836 0.5286885245901639 0.045081967213114756 0.5266393442622951 0.0430327868852459 0.5266393442622951 0.0389344262295082 0.5245901639344263 0.036885245901639344 0.5245901639344263 0.03278688524590164 0.5225409836065574 0.030737704918032786 0.5225409836065574 0.02663934426229508 0.5204918032786885 0.02459016393442623 0.5204918032786885 0.020491803278688523 0.5184426229508197 0.018442622950819672 0.5081967213114754 0.018442622950819672 0.5061475409836066 0.020491803278688523 0.4979508196721312 0.020491803278688523 0.4959016393442623 0.022540983606557378 0.47950819672131145 0.022540983606557378 0.4774590163934426 0.02459016393442623 0.46311475409836067 0.02459016393442623 0.4610655737704918 0.022540983606557378 0.45286885245901637 0.022540983606557378 0.45081967213114754 0.020491803278688523 0.444672131147541 0.020491803278688523 0.4426229508196721 0.018442622950819672 0.4323770491803279 0.018442622950819672 0.430327868852459 0.01639344262295082 0.41598360655737704 0.01639344262295082 0.4139344262295082 0.014344262295081968 0.4098360655737705 0.014344262295081968 0.4077868852459016 0.012295081967213115 0.4036885245901639 0.012295081967213115 0.4016393442622951 0.010245901639344262 0.39549180327868855 0.010245901639344262 0.39344262295081966 0.012295081967213115 0.3831967213114754 0.012295081967213115 0.38114754098360654 0.014344262295081968 0.35655737704918034 0.014344262295081968 0.35450819672131145 0.012295081967213115 0.3463114754098361 0.012295081967213115 0.3442622950819672 0.010245901639344262 0.33811475409836067 0.010245901639344262 0.3360655737704918 0.00819672131147541 0.32172131147540983 0.00819672131147541 0.319672131147541 0.006147540983606557 0.25 0.006147540983606557 0.24795081967213115 0.004098360655737705 0.23770491803278687 0.004098360655737705 0.23565573770491804 0.006147540983606557 0.22540983606557377 0.006147540983606557 0.22336065573770492 0.00819672131147541 0.21311475409836064 0.00819672131147541 0.21106557377049182 0.010245901639344262 0.2028688524590164 0.010245901639344262 0.20081967213114754 0.012295081967213115 0.1885245901639344 0.012295081967213115 0.1864754098360656 0.014344262295081968 0.1721311475409836 0.014344262295081968 0.17008196721311475 0.01639344262295082 0.16393442622950818 0.01639344262295082 0.16188524590163936 0.018442622950819672 0.1557377049180328 0.018442622950819672 0.15368852459016394 0.020491803278688523 0.15163934426229508 0.020491803278688523 0.14959016393442623 0.022540983606557378 0.14959016393442623 0.02663934426229508
0 0.15163934426229508 0.5881147540983607 0.15163934426229508 0.5963114754098361 0.14959016393442623 0.5983606557377049 0.14959016393442623 0.6536885245901639 0.15163934426229508 0.6557377049180327 0.15163934426229508 0.6721311475409836 0.15368852459016394 0.6741803278688525 0.15368852459016394 0.680327868852459 0.1557377049180328 0.6823770491803278 0.1557377049180328 0.6864754098360656 0.15778688524590165 0.6885245901639344 0.16393442622950818 0.6885245901639344 0.16598360655737704 0.6905737704918032 0.19467213114754098 0.6905737704918032 0.19672131147540983 0.6926229508196722 0.23975409836065573 0.6926229508196722 0.24180327868852458 0.694672131147541 0.2848360655737705 0.694672131147541 0.28688524590163933 0.6926229508196722 0.3237704918032787 0.6926229508196722 0.32581967213114754 0.694672131147541 0.3524590163934426 0.694672131147541 0.35450819672131145 0.6926229508196722 0.3729508196721312 0.6926229508196722 0.375 0.694672131147541 0.3831967213114754 0.694672131147541 0.38524590163934425 0.6926229508196722 0.5327868852459017 0.6926229508196722 0.5348360655737705 0.6905737704918032 0.5348360655737705 0.625 0.5327868852459017 0.6229508196721312 0.5307377049180327 0.6229508196721312 0.5286885245901639 0.6209016393442623 0.5266393442622951 0.6209016393442623 0.5266393442622951 0.6229508196721312 0.5245901639344263 0.625 0.5225409836065574 0.6229508196721312 0.5225409836065574 0.6188524590163934 0.5163934426229508 0.6188524590163934 0.514344262295082 0.6168032786885246 0.514344262295082 0.6127049180327869 0.5163934426229508 0.610655737704918 0.5204918032786885 0.6147540983606558 0.5286885245901639 0.6147540983606558 0.5307377049180327 0.6168032786885246 0.5327868852459017 0.6168032786885246 0.5327868852459017 0.6147540983606558 0.5307377049180327 0.6127049180327869 0.5307377049180327 0.6086065573770492 0.5286885245901639 0.6065573770491803 0.5286885245901639 0.5963114754098361 0.5266393442622951 0.5942622950819673 0.5266393442622951 0.5881147540983607 0.5245901639344263 0.5860655737704918 0.5245901639344263 0.5819672131147541 0.48975409836065575 0.5819672131147541 0.48770491803278687 0.5840163934426229 0.45901639344262296 0.5840163934426229 0.4569672131147541 0.5819672131147541 0.4262295081967213 0.5819672131147541 0.42418032786885246 0.5799180327868853 0.41188524590163933 0.5799180327868853 0.4098360655737705 0.5778688524590164 0.4036885245901639 0.5778688524590164 0.4016393442622951 0.5758196721311475 0.38114754098360654 0.5758196721311475 0.3790983606557377 0.5778688524590164 0.24795081967213115 0.5778688524590164 0.2459016393442623 0.5758196721311475 0.24180327868852458 0.5758196721311475 0.23975409836065573 0.5778688524590164 0.19262295081967212 0.5778688524590164 0.19057377049180327 0.5799180327868853 0.16598360655737704 0.5799180327868853 0.16393442622950818 0.5819672131147541 0.1557377049180328 0.5819672131147541 0.15368852459016394 0.5840163934426229 0.15368852459016394 0.5860655737704918
0 0.7581967213114754 0.012295081967213115 0.7581967213114754 0.12295081967213115 0.7622950819672131 0.12295081967213115 0.764344262295082 0.125 0.7950819672131147 0.125 0.7971311475409836 0.12295081967213115 0.7991803278688525 0.125 0.8258196721311475 0.125 0.8278688524590164 0.12295081967213115 0.8299180327868853 0.125 0.9323770491803278 0.125 0.9344262295081968 0.12704918032786885 0.9364754098360656 0.12704918032786885 0.9385245901639344 0.125 0.9979508196721312 0.125 0.9979508196721312 0 0.7663934426229508 0 0.7663934426229508 0.0020491803278688526 0.7602459016393442 0.00819672131147541 0.7602459016393442 0.010245901639344262
0 0.764344262295082 0.2930327868852459 0.764344262295082 0.305327868852459 0.7622950819672131 0.3073770491803279 0.7622950819672131 0.3094262295081967 0.764344262295082 0.3114754098360656 0.7622950819672131 0.3135245901639344 0.7622950819672131 0.3155737704918033 0.764344262295082 0.3176229508196721 0.764344262295082 0.35040983606557374 0.7622950819672131 0.3524590163934426 0.7622950819672131 0.36065573770491804 0.764344262295082 0.36270491803278687 0.764344262295082 0.4057377049180328 0.819672131147541 0.4057377049180328 0.8217213114754098 0.4077868852459016 0.8360655737704918 0.4077868852459016 0.8381147540983607 0.4057377049180328 0.9979508196721312 0.4057377049180328 0.9979508196721312 0.2848360655737705 0.9139344262295082 0.2848360655737705 0.9118852459016393 0.28688524590163933 0.9016393442622951 0.28688524590163933 0.8995901639344263 0.2848360655737705 0.8913934426229508 0.2848360655737705 0.889344262295082 0.28688524590163933 0.8299180327868853 0.28688524590163933 0.8278688524590164 0.2848360655737705 0.819672131147541 0.2848360655737705 0.8176229508196722 0.28688524590163933 0.7745901639344263 0.28688524590163933 0.7725409836065574 0.2889344262295082 0.7704918032786885 0.2889344262295082 0.7663934426229508 0.2930327868852459
0 0.22745901639344263 0.7213114754098361 0.22540983606557377 0.7192622950819673 0.22540983606557377 0.7172131147540983 0.19057377049180327 0.7172131147540983 0.1885245901639344 0.7151639344262295 0.1721311475409836 0.7151639344262295 0.17008196721311475 0.7131147540983607 0.1413934426229508 0.7131147540983607 0.13934426229508196 0.7151639344262295 0.11270491803278689 0.7151639344262295 0.11065573770491803 0.7172131147540983 0.05327868852459016 0.7172131147540983 0.05122950819672131 0.7151639344262295 0 0.7151639344262295 0 0.8319672131147541 0.006147540983606557 0.8319672131147541 0.00819672131147541 0.8340163934426229 0.02459016393442623 0.8340163934426229 0.02663934426229508 0.8360655737704918 0.1598360655737705 0.8360655737704918 0.16188524590163936 0.8340163934426229 0.17827868852459017 0.8340163934426229 0.18032786885245902 0.8319672131147541 0.19467213114754098 0.8319672131147541 0.19672131147540983 0.8299180327868853 0.2069672131147541 0.8299180327868853 0.20901639344262296 0.8278688524590164 0.21721311475409835 0.8278688524590164 0.22131147540983606 0.8237704918032787 0.22131147540983606 0.8217213114754098 0.22336065573770492 0.819672131147541 0.22336065573770492 0.8135245901639344 0.22540983606557377 0.8114754098360656 0.22540983606557377 0.7909836065573771 0.22745901639344263 0.7889344262295082 0.22745901639344263 0.7868852459016393 0.22540983606557377 0.7848360655737705 0.22540983606557377 0.7807377049180327 0.22745901639344263 0.7786885245901639
0 0 0.14959016393442623 0 0.27459016393442626 0.0020491803278688526 0.27459016393442626 0.004098360655737705 0.2725409836065574 0.0430327868852459 0.2725409836065574 0.045081967213114756 0.27459016393442626 0.04918032786885246 0.27459016393442626 0.05122950819672131 0.2725409836065574 0.05327868852459016 0.2725409836065574 0.055327868852459015 0.27459016393442626 0.09836065573770492 0.27459016393442626 0.10040983606557377 0.2725409836065574 0.13114754098360656 0.2725409836065574 0.13319672131147542 0.27459016393442626 0.1413934426229508 0.27459016393442626 0.14344262295081966 0.2725409836065574 0.14549180327868852 0.2725409836065574 0.14754098360655737 0.27459016393442626 0.14959016393442623 0.27459016393442626 0.15163934426229508 0.2725409836065574 0.15778688524590165 0.2725409836065574 0.1598360655737705 0.27459016393442626 0.16188524590163936 0.2725409836065574 0.20901639344262296 0.2725409836065574 0.21106557377049182 0.27049180327868855 0.21721311475409835 0.27049180327868855 0.21721311475409835 0.26844262295081966 0.2192622950819672 0.26639344262295084 0.2192622950819672 0.26229508196721313 0.22131147540983606 0.26024590163934425 0.22131147540983606 0.23770491803278687 0.2192622950819672 0.23565573770491804 0.2192622950819672 0.20491803278688525 0.22131147540983606 0.2028688524590164 0.22131147540983606 0.17418032786885246 0.2192622950819672 0.1721311475409836 0.2192622950819672 0.16598360655737704 0.21721311475409835 0.16393442622950818 0.21721311475409835 0.16188524590163936 0.21311475409836064 0.15778688524590165 0.2069672131147541 0.15778688524590165 0.20491803278688525 0.1557377049180328 0.18032786885245902 0.1557377049180328 0.17827868852459017 0.15368852459016394 0.16393442622950818 0.15368852459016394 0.16188524590163936 0.15163934426229508 0.14549180327868852 0.15163934426229508 0.14344262295081966 0.14959016393442623
0 0 0.4323770491803279 0 0.5471311475409836 0.05327868852459016 0.5471311475409836 0.055327868852459015 0.5491803278688525 0.05737704918032787 0.5491803278688525 0.05942622950819672 0.5471311475409836 0.06557377049180328 0.5471311475409836 0.06762295081967214 0.5491803278688525 0.07377049180327869 0.5491803278688525 0.07581967213114754 0.5471311475409836 0.1721311475409836 0.5471311475409836 0.17418032786885246 0.5450819672131147 0.20901639344262296 0.5450819672131147 0.21106557377049182 0.5430327868852459 0.2192622950819672 0.5430327868852459 0.22336065573770492 0.5389344262295082 0.22336065573770492 0.5368852459016393 0.22540983606557377 0.5348360655737705 0.22540983606557377 0.5266393442622951 0.22745901639344263 0.5245901639344263 0.22745901639344263 0.5020491803278688 0.22540983606557377 0.5 0.22540983606557377 0.4569672131147541 0.22336065573770492 0.45491803278688525 0.22336065573770492 0.444672131147541 0.22131147540983606 0.4426229508196721 0.22131147540983606 0.4405737704918033 0.2192622950819672 0.4385245901639344 0.2192622950819672 0.4364754098360656 0.21311475409836064 0.4364754098360656 0.21106557377049182 0.4344262295081967 0.19057377049180327 0.4344262295081967 0.1885245901639344 0.4323770491803279 0.13319672131147542 0.4323770491803279 0.13114754098360656 0.430327868852459 0.040983606557377046 0.430327868852459 0.0389344262295082 0.4323770491803279
0 0.5512295081967213 0.8586065573770492 0.5512295081967213 0.8790983606557377 0.5491803278688525 0.8811475409836066 0.5512295081967213 0.8831967213114754 0.5512295081967213 0.9733606557377049 0.555327868852459 0.9774590163934426 0.555327868852459 0.9795081967213115 0.5573770491803278 0.9815573770491803 0.7479508196721312 0.9815573770491803 0.7520491803278688 0.9774590163934426 0.7520491803278688 0.9692622950819673 0.75 0.9672131147540983 0.75 0.9590163934426229 0.7520491803278688 0.9569672131147541 0.7520491803278688 0.930327868852459 0.75 0.9282786885245902 0.75 0.8668032786885246 0.7479508196721312 0.8647540983606558 0.7479508196721312 0.8627049180327869 0.7459016393442623 0.8627049180327869 0.7397540983606558 0.8565573770491803 0.694672131147541 0.8565573770491803 0.6926229508196722 0.8586065573770492 0.6905737704918032 0.8586065573770492 0.6885245901639344 0.8565573770491803 0.6864754098360656 0.8565573770491803 0.6844262295081968 0.8586065573770492 0.6782786885245902 0.8586065573770492 0.6762295081967213 0.8565573770491803 0.6372950819672131 0.8565573770491803 0.6352459016393442 0.8586065573770492
0 0.5491803278688525 0.0020491803278688526 0.5491803278688525 0.006147540983606557 0.5471311475409836 0.00819672131147541 0.5471311475409836 0.028688524590163935 0.5450819672131147 0.030737704918032786 0.5471311475409836 0.03278688524590164 0.5450819672131147 0.03483606557377049 0.5450819672131147 0.036885245901639344 0.5471311475409836 0.0389344262295082 0.5471311475409836 0.10450819672131148 0.5450819672131147 0.10655737704918032 0.5471311475409836 0.10860655737704918 0.5471311475409836 0.12295081967213115 0.5491803278688525 0.125 0.5655737704918032 0.125 0.5676229508196722 0.12295081967213115 0.5758196721311475 0.12295081967213115 0.5778688524590164 0.125 0.5819672131147541 0.125 0.5840163934426229 0.12295081967213115 0.5860655737704918 0.12295081967213115 0.5881147540983607 0.125 0.6065573770491803 0.125 0.6086065573770492 0.12295081967213115 0.610655737704918 0.12295081967213115 0.6127049180327869 0.125 0.6147540983606558 0.125 0.6168032786885246 0.12295081967213115 0.6188524590163934 0.125 0.6311475409836066 0.125 0.6331967213114754 0.12295081967213115 0.6352459016393442 0.125 0.6475409836065574 0.125 0.6495901639344263 0.12295081967213115 0.6516393442622951 0.125 0.6536885245901639 0.125 0.6557377049180327 0.12295081967213115 0.6864754098360656 0.12295081967213115 0.6885245901639344 0.125 0.6905737704918032 0.12295081967213115 0.6967213114754098 0.12295081967213115 0.6987704918032787 0.125 0.7110655737704918 0.125 0.7131147540983607 0.12295081967213115 0.735655737704918 0.12295081967213115 0.7459016393442623 0.11270491803278689 0.7459016393442623 0 0.5512295081967213 0
0 0.75 0.29098360655737704 0.7090163934426229 0.29098360655737704 0.7069672131147541 0.2889344262295082 0.6782786885245902 0.2889344262295082 0.6762295081967213 0.29098360655737704 0.6290983606557377 0.29098360655737704 0.6270491803278688 0.2930327868852459 0.5963114754098361 0.2930327868852459 0.5942622950819673 0.29508196721311475 0.5778688524590164 0.29508196721311475 0.5758196721311475 0.29713114754098363 0.5614754098360656 0.29713114754098363 0.5594262295081968 0.29918032786885246 0.555327868852459 0.29918032786885246 0.5532786885245902 0.3012295081967213 0.5532786885245902 0.305327868852459 0.5512295081967213 0.3073770491803279 0.5512295081967213 0.319672131147541 0.5491803278688525 0.32172131147540983 0.5491803278688525 0.32991803278688525 0.5512295081967213 0.3319672131147541 0.5512295081967213 0.36065573770491804 0.5532786885245902 0.36270491803278687 0.5532786885245902 0.3790983606557377 0.5512295081967213 0.38114754098360654 0.5512295081967213 0.3975409836065574 0.5532786885245902 0.39959016393442626 0.5532786885245902 0.4098360655737705 0.555327868852459 0.4098360655737705 0.5573770491803278 0.41188524590163933 0.5635245901639344 0.41188524590163933 0.5655737704918032 0.4098360655737705 0.6495901639344263 0.4098360655737705 0.6516393442622951 0.41188524590163933 0.6782786885245902 0.41188524590163933 0.680327868852459 0.4098360655737705 0.6967213114754098 0.4098360655737705 0.6987704918032787 0.41188524590163933 0.7274590163934426 0.41188524590163933 0.7295081967213115 0.4098360655737705 0.7377049180327869 0.4098360655737705 0.7397540983606558 0.4077868852459016 0.7418032786885246 0.4077868852459016 0.7438524590163934 0.4057377049180328 0.7438524590163934 0.4016393442622951 0.7459016393442623 0.39959016393442626 0.7459016393442623 0.39139344262295084 0.7479508196721312 0.38934426229508196 0.7479508196721312 0.3442622950819672 0.7459016393442623 0.3422131147540984 0.7459016393442623 0.3401639344262295 0.7479508196721312 0.33811475409836067 0.7479508196721312 0.319672131147541 0.75 0.3176229508196721 0.75 0.3094262295081967 0.7520491803278688 0.3073770491803279 0.7520491803278688 0.29713114754098363 0.75 0.29508196721311475
0 0.7418032786885246 0.5799180327868853 0.7397540983606558 0.5778688524590164 0.7233606557377049 0.5778688524590164 0.7213114754098361 0.5758196721311475 0.694672131147541 0.5758196721311475 0.6926229508196722 0.5778688524590164 0.5532786885245902 0.5778688524590164 0.5512295081967213 0.5799180327868853 0.5512295081967213 0.5840163934426229 0.5532786885245902 0.5860655737704918 0.5532786885245902 0.5942622950819673 0.5512295081967213 0.5963114754098361 0.5512295081967213 0.5983606557377049 0.5532786885245902 0.6004098360655737 0.5532786885245902 0.6905737704918032 0.5573770491803278 0.694672131147541 0.75 0.694672131147541 0.7520491803278688 0.6926229508196722 0.7520491803278688 0.6557377049180327 0.75 0.6536885245901639 0.75 0.625 0.7479508196721312 0.6229508196721312 0.7479508196721312 0.6024590163934426 0.7459016393442623 0.6004098360655737 0.7459016393442623 0.5901639344262295 0.7438524590163934 0.5881147540983607 0.7438524590163934 0.5840163934426229 0.7418032786885246 0.5819672131147541
0 0.24385245901639344 0.15368852459016394 0.24385245901639344 0.1557377049180328 0.24180327868852458 0.15778688524590165 0.24180327868852458 0.16393442622950818 0.23975409836065573 0.16598360655737704 0.23975409836065573 0.19467213114754098 0.23770491803278687 0.19672131147540983 0.23770491803278687 0.21106557377049182 0.23565573770491804 0.21311475409836064 0.23565573770491804 0.22336065573770492 0.23770491803278687 0.22540983606557377 0.23770491803278687 0.26434426229508196 0.23975409836065573 0.26639344262295084 0.23975409836065573 0.26844262295081966 0.29508196721311475 0.26844262295081966 0.29713114754098363 0.26639344262295084 0.29918032786885246 0.26639344262295084 0.3012295081967213 0.26844262295081966 0.4016393442622951 0.26844262295081966 0.4036885245901639 0.26639344262295084 0.4057377049180328 0.26844262295081966 0.4077868852459016 0.26844262295081966 0.4098360655737705 0.26639344262295084 0.41188524590163933 0.26639344262295084 0.4139344262295082 0.26844262295081966 0.4262295081967213 0.26844262295081966 0.42827868852459017 0.26639344262295084 0.42827868852459017 0.26434426229508196 0.430327868852459 0.26229508196721313 0.430327868852459 0.23770491803278687 0.4323770491803279 0.23565573770491804 0.4323770491803279 0.23155737704918034 0.430327868852459 0.22950819672131148 0.430327868852459 0.1987704918032787 0.42827868852459017 0.19672131147540983 0.42827868852459017 0.17008196721311475 0.4262295081967213 0.1680327868852459 0.4262295081967213 0.16188524590163936 0.42418032786885246 0.1598360655737705 0.42418032786885246 0.15778688524590165 0.42008196721311475 0.15368852459016394 0.4139344262295082 0.15368852459016394 0.41188524590163933 0.15163934426229508 0.4016393442622951 0.15163934426229508 0.39959016393442626 0.14959016393442623 0.3524590163934426 0.14959016393442623 0.35040983606557374 0.15163934426229508 0.32581967213114754 0.15163934426229508 0.3237704918032787 0.14959016393442623 0.26024590163934425 0.14959016393442623 0.2581967213114754 0.15163934426229508 0.2520491803278688 0.15163934426229508 0.25 0.15368852459016394
0 0.4344262295081967 0.7192622950819673 0.4323770491803279 0.7172131147540983 0.4036885245901639 0.7172131147540983 0.4016393442622951 0.7151639344262295 0.3668032786885246 0.7151639344262295 0.36475409836065575 0.7172131147540983 0.36270491803278687 0.7172131147540983 0.36065573770491804 0.7151639344262295 0.35860655737704916 0.7172131147540983 0.2459016393442623 0.7172131147540983 0.24180327868852458 0.7213114754098361 0.24180327868852458 0.7479508196721312 0.23975409836065573 0.75 0.24180327868852458 0.7520491803278688 0.24180327868852458 0.7581967213114754 0.24385245901639344 0.7581967213114754 0.2459016393442623 0.7602459016393442 0.24795081967213115 0.7581967213114754 0.25 0.7581967213114754 0.2540983606557377 0.7540983606557377 0.25614754098360654 0.7540983606557377 0.26024590163934425 0.75 0.26024590163934425 0.7479508196721312 0.26229508196721313 0.7459016393442623 0.26229508196721313 0.7397540983606558 0.26434426229508196 0.7377049180327869 0.26639344262295084 0.7377049180327869 0.27049180327868855 0.7418032786885246 0.26844262295081966 0.7438524590163934 0.26844262295081966 0.75 0.26639344262295084 0.7520491803278688 0.27049180327868855 0.7561475409836066 0.27049180327868855 0.7581967213114754 0.2725409836065574 0.7602459016393442 0.2766393442622951 0.7602459016393442 0.2786885245901639 0.7622950819672131 0.2848360655737705 0.7622950819672131 0.2889344262295082 0.7663934426229508 0.2889344262295082 0.7704918032786885 0.29098360655737704 0.7725409836065574 0.29098360655737704 0.7745901639344263 0.2930327868852459 0.7766393442622951 0.2930327868852459 0.7786885245901639 0.29508196721311475 0.7786885245901639 0.29713114754098363 0.7807377049180327 0.29918032786885246 0.7807377049180327 0.3012295081967213 0.7827868852459017 0.3012295081967213 0.7848360655737705 0.29918032786885246 0.7868852459016393 0.29713114754098363 0.7848360655737705 0.2930327868852459 0.7848360655737705 0.29098360655737704 0.7827868852459017 0.2889344262295082 0.7827868852459017 0.28688524590163933 0.7807377049180327 0.28688524590163933 0.7745901639344263 0.2848360655737705 0.7725409836065574 0.2848360655737705 0.7704918032786885 0.2827868852459016 0.7684426229508197 0.2827868852459016 0.7663934426229508 0.27049180327868855 0.7663934426229508 0.27049180327868855 0.7684426229508197 0.2725409836065574 0.7704918032786885 0.2725409836065574 0.7745901639344263 0.27049180327868855 0.7766393442622951 0.26844262295081966 0.7766393442622951 0.26639344262295084 0.7745901639344263 0.26639344262295084 0.7725409836065574 0.25 0.7725409836065574 0.24795081967213115 0.7704918032786885 0.24795081967213115 0.7684426229508197 0.24385245901639344 0.7684426229508197 0.24180327868852458 0.7704918032786885 0.24180327868852458 0.7725409836065574 0.24385245901639344 0.7745901639344263 0.24385245901639344 0.7991803278688525 0.2459016393442623 0.8012295081967213 0.2459016393442623 0.8176229508196722 0.24795081967213115 0.819672131147541 0.24795081967213115 0.8237704918032787 0.25 0.8258196721311475 0.25 0.8278688524590164 0.2520491803278688 0.8278688524590164 0.2540983606557377 0.8299180327868853 0.26434426229508196 0.8299180327868853 0.26639344262295084 0.8319672131147541 0.3668032786885246 0.8319672131147541 0.36885245901639346 0.8340163934426229 0.38524590163934425 0.8340163934426229 0.38729508196721313 0.8319672131147541 0.41598360655737704 0.8319672131147541 0.4180327868852459 0.8299180327868853 0.4262295081967213 0.8299180327868853 0.42827868852459017 0.8278688524590164 0.430327868852459 0.8278688524590164 0.430327868852459 0.8237704918032787 0.4323770491803279 0.8217213114754098 0.4323770491803279 0.8176229508196722 0.4344262295081967 0.8155737704918032 0.4344262295081967 0.7848360655737705 0.4364754098360656 0.7827868852459017 0.4364754098360656 0.7581967213114754 0.4344262295081967 0.7561475409836066
0 0.24385245901639344 0.4323770491803279 0.24385245901639344 0.4713114754098361 0.2459016393442623 0.4733606557377049 0.2459016393442623 0.5061475409836066 0.24385245901639344 0.5081967213114754 0.24385245901639344 0.5348360655737705 0.2459016393442623 0.5368852459016393 0.2459016393442623 0.5471311475409836 0.29098360655737704 0.5471311475409836 0.28688524590163933 0.5471311475409836 0.2848360655737705 0.5450819672131147 0.26229508196721313 0.5450819672131147 0.26024590163934425 0.5430327868852459 0.2581967213114754 0.5430327868852459 0.25614754098360654 0.5409836065573771 0.25614754098360654 0.5389344262295082 0.2581967213114754 0.5368852459016393 0.26024590163934425 0.5389344262295082 0.27459016393442626 0.5389344262295082 0.2766393442622951 0.5409836065573771 0.29098360655737704 0.5409836065573771 0.2930327868852459 0.5430327868852459 0.3094262295081967 0.5430327868852459 0.3114754098360656 0.5450819672131147 0.3135245901639344 0.5450819672131147 0.3155737704918033 0.5471311475409836 0.32581967213114754 0.5471311475409836 0.319672131147541 0.5409836065573771 0.3176229508196721 0.5409836065573771 0.3114754098360656 0.5348360655737705 0.3073770491803279 0.5348360655737705 0.305327868852459 0.5327868852459017 0.30327868852459017 0.5327868852459017 0.3012295081967213 0.5307377049180327 0.29918032786885246 0.5307377049180327 0.29713114754098363 0.5286885245901639 0.29508196721311475 0.5286885245901639 0.2930327868852459 0.5266393442622951 0.29098360655737704 0.5266393442622951 0.2848360655737705 0.5204918032786885 0.2848360655737705 0.5184426229508197 0.2807377049180328 0.514344262295082 0.2807377049180328 0.5122950819672131 0.2766393442622951 0.5081967213114754 0.2766393442622951 0.5061475409836066 0.27459016393442626 0.5040983606557377 0.27459016393442626 0.5 0.2725409836065574 0.4979508196721312 0.2725409836065574 0.4959016393442623 0.27049180327868855 0.49385245901639346 0.27049180327868855 0.4918032786885246 0.26434426229508196 0.48565573770491804 0.26434426229508196 0.48155737704918034 0.26024590163934425 0.4774590163934426 0.26024590163934425 0.47540983606557374 0.25 0.4651639344262295 0.25 0.46311475409836067 0.24795081967213115 0.4610655737704918 0.24795081967213115 0.45901639344262296 0.25 0.4569672131147541 0.2520491803278688 0.4569672131147541 0.25614754098360654 0.4610655737704918 0.25614754098360654 0.46311475409836067 0.2581967213114754 0.46311475409836067 0.26229508196721313 0.4672131147540984 0.26229508196721313 0.4692622950819672 0.26434426229508196 0.4713114754098361 0.26434426229508196 0.4733606557377049 0.26844262295081966 0.4774590163934426 0.26844262295081966 0.47950819672131145 0.27049180327868855 0.48155737704918034 0.27049180327868855 0.48360655737704916 0.27459016393442626 0.48770491803278687 0.27459016393442626 0.48975409836065575 0.2786885245901639 0.49385245901639346 0.2786885245901639 0.4959016393442623 0.2807377049180328 0.4979508196721312 0.2807377049180328 0.5020491803278688 0.2848360655737705 0.5061475409836066 0.2848360655737705 0.5081967213114754 0.28688524590163933 0.5102459016393442 0.28688524590163933 0.5122950819672131 0.29508196721311475 0.5204918032786885 0.29713114754098363 0.5204918032786885 0.29918032786885246 0.5225409836065574 0.3012295081967213 0.5225409836065574 0.305327868852459 0.5266393442622951 0.3073770491803279 0.5266393442622951 0.3094262295081967 0.5286885245901639 0.3135245901639344 0.5286885245901639 0.32172131147540983 0.5368852459016393 0.3237704918032787 0.5368852459016393 0.32991803278688525 0.5430327868852459 0.3319672131147541 0.5430327868852459 0.33401639344262296 0.5450819672131147 0.33401639344262296 0.5471311475409836 0.3442622950819672 0.5471311475409836 0.3442622950819672 0.5409836065573771 0.3463114754098361 0.5389344262295082 0.3463114754098361 0.5307377049180327 0.3483606557377049 0.5286885245901639 0.3483606557377049 0.5225409836065574 0.35040983606557374 0.5204918032786885 0.35040983606557374 0.5122950819672131 0.36885245901639346 0.49385245901639346 0.3709016393442623 0.4959016393442623 0.3709016393442623 0.4979508196721312 0.35655737704918034 0.5122950819672131 0.35655737704918034 0.5204918032786885 0.35450819672131145 0.5225409836065574 0.35450819672131145 0.5266393442622951 0.3524590163934426 0.5286885245901639 0.3524590163934426 0.5368852459016393 0.35040983606557374 0.5389344262295082 0.35040983606557374 0.5450819672131147 0.3483606557377049 0.5471311475409836 0.4344262295081967 0.5471311475409836 0.4385245901639344 0.5430327868852459 0.4385245901639344 0.5102459016393442 0.4364754098360656 0.5081967213114754 0.4364754098360656 0.444672131147541 0.4344262295081967 0.4426229508196721 0.4344262295081967 0.4405737704918033 0.4323770491803279 0.4385245901639344 0.4323770491803279 0.4364754098360656 0.430327868852459 0.4344262295081967 0.42418032786885246 0.4344262295081967 0.42213114754098363 0.4323770491803279 0.3524590163934426 0.4323770491803279 0.35040983606557374 0.430327868852459 0.29713114754098363 0.430327868852459 0.29508196721311475 0.4323770491803279
0 0.9979508196721312 0.13934426229508196 0.9610655737704918 0.13934426229508196 0.9590163934426229 0.13729508196721313 0.9487704918032787 0.13729508196721313 0.9467213114754098 0.13934426229508196 0.860655737704918 0.13934426229508196 0.8586065573770492 0.1413934426229508 0.8565573770491803 0.1413934426229508 0.8524590163934426 0.14549180327868852 0.8504098360655737 0.14549180327868852 0.8463114754098361 0.14959016393442623 0.8463114754098361 0.19262295081967212 0.8483606557377049 0.19467213114754098 0.8483606557377049 0.19672131147540983 0.8463114754098361 0.1987704918032787 0.8463114754098361 0.26229508196721313 0.8483606557377049 0.26434426229508196 0.8627049180327869 0.26434426229508196 0.8647540983606558 0.26229508196721313 0.875 0.26229508196721313 0.8770491803278688 0.26434426229508196 0.8852459016393442 0.26434426229508196 0.8872950819672131 0.26229508196721313 0.9754098360655737 0.26229508196721313 0.9774590163934426 0.26434426229508196 0.9815573770491803 0.26434426229508196 0.9836065573770492 0.26229508196721313 0.9979508196721312 0.26229508196721313
0 0.8524590163934426 0.7172131147540983 0.8524590163934426 0.7540983606557377 0.8545081967213115 0.7561475409836066 0.8545081967213115 0.7807377049180327 0.8524590163934426 0.7827868852459017 0.8545081967213115 0.7848360655737705 0.8545081967213115 0.805327868852459 0.8565573770491803 0.8073770491803278 0.8565573770491803 0.8176229508196722 0.8586065573770492 0.819672131147541 0.8586065573770492 0.8217213114754098 0.860655737704918 0.8237704918032787 0.8627049180327869 0.8237704918032787 0.8647540983606558 0.8258196721311475 0.8729508196721312 0.8258196721311475 0.875 0.8278688524590164 0.9918032786885246 0.8278688524590164 0.9938524590163934 0.8299180327868853 0.9979508196721312 0.8299180327868853 0.9979508196721312 0.7151639344262295 0.9180327868852459 0.7151639344262295 0.9159836065573771 0.7172131147540983 0.9139344262295082 0.7172131147540983 0.9118852459016393 0.7151639344262295 0.860655737704918 0.7151639344262295 0.8586065573770492 0.7172131147540983
0 0 0.5778688524590164 0 0.694672131147541 0.036885245901639344 0.694672131147541 0.0389344262295082 0.6926229508196722 0.04918032786885246 0.6926229508196722 0.05122950819672131 0.694672131147541 0.05327868852459016 0.694672131147541 0.055327868852459015 0.6926229508196722 0.07581967213114754 0.6926229508196722 0.0778688524590164 0.6905737704918032 0.12090163934426229 0.6905737704918032 0.12295081967213115 0.6885245901639344 0.12704918032786885 0.6885245901639344 0.13114754098360656 0.6844262295081968 0.13114754098360656 0.680327868852459 0.13319672131147542 0.6782786885245902 0.13319672131147542 0.6495901639344263 0.13114754098360656 0.6475409836065574 0.13114754098360656 0.5778688524590164
0 0.1290983606557377 0.8565573770491803 0.12295081967213115 0.8565573770491803 0.12090163934426229 0.8545081967213115 0.11885245901639344 0.8545081967213115 0.1168032786885246 0.8565573770491803 0.11475409836065574 0.8545081967213115 0.11270491803278689 0.8565573770491803 0 0.8565573770491803 0 0.9733606557377049 0.10655737704918032 0.9733606557377049 0.10860655737704918 0.9713114754098361 0.1168032786885246 0.9713114754098361 0.11885245901639344 0.9692622950819673 0.12090163934426229 0.9692622950819673 0.125 0.9651639344262295 0.125 0.9631147540983607 0.12704918032786885 0.9610655737704918 0.12704918032786885 0.9569672131147541 0.1290983606557377 0.9549180327868853 0.1290983606557377 0.8709016393442623 0.12704918032786885 0.8688524590163934 0.1290983606557377 0.8668032786885246
0 0 0.29098360655737704 0 0.41188524590163933 0.020491803278688523 0.41188524590163933 0.022540983606557378 0.4098360655737705 0.02663934426229508 0.4098360655737705 0.028688524590163935 0.41188524590163933 0.030737704918032786 0.4098360655737705 0.055327868852459015 0.4098360655737705 0.05737704918032787 0.41188524590163933 0.07991803278688525 0.41188524590163933 0.08196721311475409 0.4098360655737705 0.08401639344262295 0.41188524590163933 0.09016393442622951 0.41188524590163933 0.09221311475409837 0.4098360655737705 0.10450819672131148 0.4098360655737705 0.10655737704918032 0.41188524590163933 0.10860655737704918 0.4098360655737705 0.11885245901639344 0.4098360655737705 0.12090163934426229 0.41188524590163933 0.12295081967213115 0.4098360655737705 0.125 0.4098360655737705 0.125 0.3073770491803279 0.12295081967213115 0.305327868852459 0.125 0.30327868852459017 0.125 0.3012295081967213 0.12295081967213115 0.29918032786885246 0.12295081967213115 0.29508196721311475 0.11885245901639344 0.29098360655737704
0 0.05327868852459016 0 0.055327868852459015 0.0020491803278688526 0.055327868852459015 0.004098360655737705 0.05737704918032787 0.006147540983606557 0.05737704918032787 0.00819672131147541 0.06147540983606557 0.012295081967213115 0.06352459016393443 0.012295081967213115 0.06557377049180328 0.014344262295081968 0.06762295081967214 0.014344262295081968 0.06967213114754098 0.01639344262295082 0.07377049180327869 0.01639344262295082 0.07581967213114754 0.018442622950819672 0.08196721311475409 0.018442622950819672 0.08401639344262295 0.020491803278688523 0.0860655737704918 0.020491803278688523 0.08811475409836066 0.022540983606557378 0.09221311475409837 0.022540983606557378 0.0942622950819672 0.02459016393442623 0.09631147540983606 0.02459016393442623 0.09836065573770492 0.02663934426229508 0.09836065573770492 0.028688524590163935 0.09631147540983606 0.030737704918032786 0.0942622950819672 0.030737704918032786 0.09221311475409837 0.028688524590163935 0.08811475409836066 0.028688524590163935 0.0860655737704918 0.02663934426229508 0.08401639344262295 0.02663934426229508 0.08196721311475409 0.02459016393442623 0.0778688524590164 0.02459016393442623 0.07581967213114754 0.022540983606557378 0.07172131147540983 0.022540983606557378 0.06967213114754098 0.020491803278688523 0.06762295081967214 0.020491803278688523 0.06557377049180328 0.018442622950819672 0.06147540983606557 0.018442622950819672 0.05942622950819672 0.01639344262295082 0.05737704918032787 0.018442622950819672 0.055327868852459015 0.018442622950819672 0.05327868852459016 0.020491803278688523 0.05122950819672131 0.020491803278688523 0.045081967213114756 0.02663934426229508 0.045081967213114756 0.028688524590163935 0.0389344262295082 0.03483606557377049 0.036885245901639344 0.03483606557377049 0.03483606557377049 0.036885245901639344 0.03483606557377049 0.0389344262295082 0.03278688524590164 0.040983606557377046 0.03278688524590164 0.045081967213114756 0.028688524590163935 0.04918032786885246 0.028688524590163935 0.05122950819672131 0.02663934426229508 0.05327868852459016 0.02663934426229508 0.05737704918032787 0.020491803278688523 0.06352459016393443 0.020491803278688523 0.06557377049180328 0.01639344262295082 0.06967213114754098 0.01639344262295082 0.07377049180327869 0.012295081967213115 0.0778688524590164 0.012295081967213115 0.07991803278688525 0.00819672131147541 0.08401639344262295 0.00819672131147541 0.09016393442622951 0.004098360655737705 0.0942622950819672 0.004098360655737705 0.10655737704918032 0.0020491803278688526 0.10860655737704918 0 0.10860655737704918 0 0.12704918032786885 0.010245901639344262 0.12704918032786885 0.012295081967213115 0.1290983606557377 0.01639344262295082 0.1290983606557377 0.018442622950819672 0.12704918032786885 0.02663934426229508 0.12704918032786885 0.028688524590163935 0.1290983606557377 0.03278688524590164 0.1290983606557377 0.03483606557377049 0.12704918032786885 0.036885245901639344 0.12704918032786885 0.0389344262295082 0.1290983606557377 0.0430327868852459 0.1290983606557377 0.045081967213114756 0.12704918032786885 0.0471311475409836 0.1290983606557377 0.05122950819672131 0.1290983606557377 0.05327868852459016 0.12704918032786885 0.055327868852459015 0.12704918032786885 0.05737704918032787 0.1290983606557377 0.05942622950819672 0.1290983606557377 0.06147540983606557 0.12704918032786885 0.06352459016393443 0.1290983606557377 0.06967213114754098 0.1290983606557377 0.07172131147540983 0.12704918032786885 0.0860655737704918 0.12704918032786885 0.08811475409836066 0.1290983606557377 0.09221311475409837 0.1290983606557377 0.0942622950819672 0.12704918032786885 0.12090163934426229 0.12704918032786885 0.12295081967213115 0.125 0.125 0.125 0.12704918032786885 0.12295081967213115 0.12704918032786885 0.12090163934426229 0.1290983606557377 0.11885245901639344 0.1290983606557377 0.10040983606557377 0.13114754098360656 0.09836065573770492 0.13114754098360656 0.09631147540983606 0.1290983606557377 0.0942622950819672 0.1290983606557377 0.07581967213114754 0.13114754098360656 0.07377049180327869 0.13114754098360656 0.06967213114754098 0.1290983606557377 0.06762295081967214 0.1290983606557377 0.014344262295081968 0.12704918032786885 0.012295081967213115 0.12704918032786885 0.00819672131147541 0.125 0.006147540983606557 0.125 0.004098360655737705 0.12295081967213115 0.0020491803278688526 0.12295081967213115 0
0 0.022540983606557378 0 0.004098360655737705 0 0.0020491803278688526 0.0020491803278688526 0 0.0020491803278688526 0 0.09221311475409837 0 0.08811475409836066 0.0020491803278688526 0.0860655737704918 0.0020491803278688526 0.08196721311475409 0.006147540983606557 0.0778688524590164 0.006147540983606557 0.07581967213114754 0.010245901639344262 0.07172131147540983 0.010245901639344262 0.06967213114754098 0.012295081967213115 0.06762295081967214 0.012295081967213115 0.06557377049180328 0.014344262295081968 0.06352459016393443 0.014344262295081968 0.06147540983606557 0.020491803278688523 0.055327868852459015 0.020491803278688523 0.05122950819672131 0.02459016393442623 0.0471311475409836 0.02459016393442623 0.045081967213114756 0.02663934426229508 0.0430327868852459 0.02663934426229508 0.0389344262295082 0.0389344262295082 0.02663934426229508 0.0389344262295082 0.02459016393442623 0.0430327868852459 0.020491803278688523 0.0430327868852459 0.01639344262295082 0.040983606557377046 0.014344262295081968 0.040983606557377046 0.012295081967213115 0.0389344262295082 0.010245901639344262 0.036885245901639344 0.010245901639344262 0.03278688524590164 0.006147540983606557 0.028688524590163935 0.006147540983606557
0 0.4692622950819672 0.9979508196721312 0.7192622950819673 0.9979508196721312 0.7131147540983607 0.9979508196721312 0.7110655737704918 0.9959016393442623 0.5532786885245902 0.9959016393442623 0.5512295081967213 0.9979508196721312 0.5491803278688525 0.9959016393442623 0.5430327868852459 0.9959016393442623 0.5409836065573771 0.9979508196721312 0.5368852459016393 0.9979508196721312 0.5348360655737705 0.9959016393442623 0.4979508196721312 0.9959016393442623 0.4959016393442623 0.9979508196721312 0.49385245901639346 0.9979508196721312 0.4918032786885246 0.9959016393442623 0.48770491803278687 0.9959016393442623 0.48565573770491804 0.9979508196721312
0 0.860655737704918 0.9959016393442623 0.860655737704918 0.9979508196721312 0.9979508196721312 0.9979508196721312 0.9979508196721312 0.9959016393442623 0.9959016393442623 0.9938524590163934 0.9569672131147541 0.9938524590163934 0.9549180327868853 0.9959016393442623 0.9528688524590164 0.9938524590163934 0.9221311475409836 0.9938524590163934 0.9200819672131147 0.9959016393442623 0.9180327868852459 0.9959016393442623 0.9159836065573771 0.9938524590163934 0.9098360655737705 0.9938524590163934 0.9077868852459017 0.9959016393442623 0.9057377049180327 0.9959016393442623 0.9036885245901639 0.9938524590163934 0.8852459016393442 0.9938524590163934 0.8831967213114754 0.9959016393442623 0.8811475409836066 0.9959016393442623 0.8790983606557377 0.9938524590163934 0.8647540983606558 0.9938524590163934 0.8627049180327869 0.9959016393442623
0 0 0.9959016393442623 0 0.9979508196721312 0.11270491803278689 0.9979508196721312 0.10245901639344263 0.9979508196721312 0.10040983606557377 0.9959016393442623 0.05327868852459016 0.9959016393442623 0.05122950819672131 0.9979508196721312 0.04918032786885246 0.9979508196721312 0.0471311475409836 0.9959016393442623 0.045081967213114756 0.9979508196721312 0.0430327868852459 0.9979508196721312 0.040983606557377046 0.9959016393442623 0.004098360655737705 0.9959016393442623 0.0020491803278688526 0.9979508196721312
0 0.25614754098360654 0.9959016393442623 0.430327868852459 0.9959016393442623 0.430327868852459 0.9979508196721312 0.25614754098360654 0.9979508196721312
0 0.030737704918032786 0 0.03278688524590164 0 0.03483606557377049 0.0020491803278688526 0.036885245901639344 0.0020491803278688526 0.040983606557377046 0.006147540983606557 0.0430327868852459 0.006147540983606557 0.045081967213114756 0.00819672131147541 0.045081967213114756 0.010245901639344262 0.04918032786885246 0.014344262295081968 0.04918032786885246 0.01639344262295082 0.05327868852459016 0.012295081967213115 0.05122950819672131 0.010245901639344262 0.05122950819672131 0.00819672131147541 0.04918032786885246 0.006147540983606557 0.04918032786885246 0.004098360655737705 0.0471311475409836 0.0020491803278688526 0.0471311475409836 0
1 0.5409836065573771 0.22131147540983606 0.5409836065573771 0.22540983606557377 0.5430327868852459 0.22745901639344263 0.5430327868852459 0.22950819672131148 0.5450819672131147 0.23155737704918034 0.5450819672131147 0.2336065573770492 0.5471311475409836 0.23565573770491804 0.5471311475409836 0.24180327868852458 0.5450819672131147 0.24385245901639344 0.5450819672131147 0.2459016393442623 0.5430327868852459 0.24795081967213115 0.5430327868852459 0.25614754098360654 0.5409836065573771 0.2581967213114754 0.5409836065573771 0.26024590163934425 0.5389344262295082 0.26229508196721313 0.5389344262295082 0.26434426229508196 0.5778688524590164 0.26434426229508196 0.5799180327868853 0.26639344262295084 0.5819672131147541 0.26434426229508196 0.5840163934426229 0.26434426229508196 0.5860655737704918 0.26639344262295084 0.6311475409836066 0.26639344262295084 0.6331967213114754 0.26434426229508196 0.639344262295082 0.26434426229508196 0.6413934426229508 0.26639344262295084 0.6905737704918032 0.26639344262295084 0.6926229508196722 0.26434426229508196 0.694672131147541 0.26434426229508196 0.6967213114754098 0.26639344262295084 0.7233606557377049 0.26639344262295084 0.7254098360655737 0.26434426229508196 0.7274590163934426 0.26639344262295084 0.7581967213114754 0.26639344262295084 0.7602459016393442 0.26434426229508196 0.7725409836065574 0.26434426229508196 0.7745901639344263 0.26639344262295084 0.8114754098360656 0.26639344262295084 0.8135245901639344 0.26434426229508196 0.819672131147541 0.26434426229508196 0.8217213114754098 0.26229508196721313 0.8237704918032787 0.26229508196721313 0.8278688524590164 0.2581967213114754 0.8278688524590164 0.25614754098360654 0.8299180327868853 0.2540983606557377 0.8299180327868853 0.25 0.8319672131147541 0.24795081967213115 0.8319672131147541 0.2459016393442623 0.8340163934426229 0.24385245901639344 0.8340163934426229 0.22745901639344263 0.8360655737704918 0.22540983606557377 0.8360655737704918 0.18237704918032788 0.8340163934426229 0.18032786885245902 0.8340163934426229 0.16393442622950818 0.8319672131147541 0.16188524590163936 0.8319672131147541 0.15778688524590165 0.8278688524590164 0.15368852459016394 0.8278688524590164 0.15163934426229508 0.8258196721311475 0.15163934426229508 0.8237704918032787 0.14959016393442623 0.8176229508196722 0.14959016393442623 0.8155737704918032 0.14754098360655737 0.7971311475409836 0.14754098360655737 0.7950819672131147 0.14549180327868852 0.7889344262295082 0.14549180327868852 0.7868852459016393 0.14344262295081966 0.7786885245901639 0.14344262295081966 0.7766393442622951 0.1413934426229508 0.7561475409836066 0.1413934426229508 0.7540983606557377 0.14344262295081966 0.7438524590163934 0.14344262295081966 0.7418032786885246 0.1413934426229508 0.6352459016393442 0.1413934426229508 0.6331967213114754 0.14344262295081966 0.6168032786885246 0.14344262295081966 0.6147540983606558 0.14549180327868852 0.6086065573770492 0.14549180327868852 0.6086065573770492 0.14754098360655737 0.6065573770491803 0.14959016393442623 0.6065573770491803 0.15163934426229508 0.6045081967213115 0.15368852459016394 0.6045081967213115 0.1598360655737705 0.6024590163934426 0.16188524590163936 0.6024590163934426 0.16598360655737704 0.6004098360655737 0.1680327868852459 0.6004098360655737 0.17418032786885246 0.5983606557377049 0.1762295081967213 0.5983606557377049 0.17827868852459017 0.5963114754098361 0.18032786885245902 0.5963114754098361 0.18237704918032788 0.5860655737704918 0.19262295081967212 0.5840163934426229 0.19262295081967212 0.5819672131147541 0.19467213114754098 0.5778688524590164 0.19467213114754098 0.5758196721311475 0.19672131147540983 0.569672131147541 0.19672131147540983 0.5676229508196722 0.1987704918032787 0.5655737704918032 0.1987704918032787 0.5614754098360656 0.2028688524590164 0.5614754098360656 0.20491803278688525 0.5594262295081968 0.2069672131147541 0.5594262295081968 0.20901639344262296 0.555327868852459 0.21311475409836064 0.5532786885245902 0.21311475409836064 0.5512295081967213 0.2151639344262295 0.5491803278688525 0.2151639344262295 0.5471311475409836 0.21721311475409835 0.5450819672131147 0.21721311475409835
1 0.7602459016393442 0.5860655737704918 0.7602459016393442 0.6741803278688525 0.7622950819672131 0.6762295081967213 0.7622950819672131 0.6864754098360656 0.764344262295082 0.6885245901639344 0.7684426229508197 0.6885245901639344 0.7704918032786885 0.6905737704918032 0.9754098360655737 0.6905737704918032 0.9774590163934426 0.6885245901639344 0.9979508196721312 0.6885245901639344 0.9979508196721312 0.5778688524590164 0.9877049180327869 0.5778688524590164 0.985655737704918 0.5799180327868853 0.9590163934426229 0.5799180327868853 0.9569672131147541 0.5778688524590164 0.9262295081967213 0.5778688524590164 0.9241803278688525 0.5799180327868853 0.9221311475409836 0.5778688524590164 0.8995901639344263 0.5778688524590164 0.8975409836065574 0.5799180327868853 0.8954918032786885 0.5799180327868853 0.8913934426229508 0.5758196721311475 0.8831967213114754 0.5758196721311475 0.8811475409836066 0.5737704918032787 0.7786885245901639 0.5737704918032787 0.7766393442622951 0.5758196721311475 0.7725409836065574 0.5758196721311475 0.7704918032786885 0.5778688524590164 0.7684426229508197 0.5778688524590164
1 0.7622950819672131 0.8627049180327869 0.7622950819672131 0.8709016393442623 0.764344262295082 0.8729508196721312 0.764344262295082 0.8770491803278688 0.7622950819672131 0.8790983606557377 0.7622950819672131 0.9344262295081968 0.764344262295082 0.9364754098360656 0.764344262295082 0.9528688524590164 0.7663934426229508 0.9549180327868853 0.7663934426229508 0.9590163934426229 0.7684426229508197 0.9610655737704918 0.7684426229508197 0.9651639344262295 0.7704918032786885 0.9672131147540983 0.7766393442622951 0.9672131147540983 0.7786885245901639 0.9692622950819673 0.7868852459016393 0.9692622950819673 0.7889344262295082 0.9672131147540983 0.7909836065573771 0.9692622950819673 0.7930327868852459 0.9672131147540983 0.8155737704918032 0.9672131147540983 0.8176229508196722 0.9651639344262295 0.8401639344262295 0.9651639344262295 0.8422131147540983 0.9672131147540983 0.8504098360655737 0.9672131147540983 0.8524590163934426 0.9692622950819673 0.8565573770491803 0.9692622950819673 0.8586065573770492 0.9713114754098361 0.860655737704918 0.9713114754098361 0.8627049180327869 0.9692622950819673 0.8770491803278688 0.9692622950819673 0.8790983606557377 0.9713114754098361 0.8831967213114754 0.9713114754098361 0.8852459016393442 0.9733606557377049 0.8872950819672131 0.9733606557377049 0.889344262295082 0.9754098360655737 0.8934426229508197 0.9754098360655737 0.8954918032786885 0.9774590163934426 0.9077868852459017 0.9774590163934426 0.9098360655737705 0.9754098360655737 0.9508196721311475 0.9754098360655737 0.9528688524590164 0.9774590163934426 0.9692622950819673 0.9774590163934426 0.9713114754098361 0.9795081967213115 0.9795081967213115 0.9795081967213115 0.9815573770491803 0.9774590163934426 0.9979508196721312 0.9774590163934426 0.9979508196721312 0.8586065573770492 0.9959016393442623 0.8586065573770492 0.9938524590163934 0.8565573770491803 0.9836065573770492 0.8565573770491803 0.9815573770491803 0.8586065573770492 0.9795081967213115 0.8565573770491803 0.9733606557377049 0.8565573770491803 0.9713114754098361 0.8586065573770492 0.8135245901639344 0.8586065573770492 0.8114754098360656 0.8565573770491803 0.8094262295081968 0.8586065573770492 0.764344262295082 0.8586065573770492 0.764344262295082 0.860655737704918
1 0.5901639344262295 0.15368852459016394 0.5860655737704918 0.14959016393442623 0.5840163934426229 0.14959016393442623 0.5819672131147541 0.14754098360655737 0.5614754098360656 0.14754098360655737 0.5594262295081968 0.14959016393442623 0.5532786885245902 0.14959016393442623 0.5512295081967213 0.14754098360655737 0.5430327868852459 0.14754098360655737 0.5409836065573771 0.14959016393442623 0.5327868852459017 0.14959016393442623 0.5307377049180327 0.15163934426229508 0.5020491803278688 0.15163934426229508 0.5 0.15368852459016394 0.48155737704918034 0.15368852459016394 0.47950819672131145 0.1557377049180328 0.4713114754098361 0.1557377049180328 0.4692622950819672 0.15778688524590165 0.46311475409836067 0.15778688524590165 0.4610655737704918 0.1598360655737705 0.45901639344262296 0.1598360655737705 0.45491803278688525 0.16393442622950818 0.45491803278688525 0.16598360655737704 0.45081967213114754 0.17008196721311475 0.45081967213114754 0.17827868852459017 0.4487704918032787 0.18032786885245902 0.4487704918032787 0.19262295081967212 0.44672131147540983 0.19467213114754098 0.44672131147540983 0.22540983606557377 0.4487704918032787 0.22745901639344263 0.4487704918032787 0.26844262295081966 0.48565573770491804 0.26844262295081966 0.48770491803278687 0.27049180327868855 0.48975409836065575 0.27049180327868855 0.4918032786885246 0.26844262295081966 0.49385245901639346 0.27049180327868855 0.5040983606557377 0.27049180327868855 0.5061475409836066 0.26844262295081966 0.5102459016393442 0.26844262295081966 0.5122950819672131 0.26639344262295084 0.514344262295082 0.26639344262295084 0.5184426229508197 0.26229508196721313 0.5184426229508197 0.26024590163934425 0.5245901639344263 0.2540983606557377 0.5245901639344263 0.2520491803278688 0.5307377049180327 0.2459016393442623 0.5307377049180327 0.24180327868852458 0.5266393442622951 0.23770491803278687 0.5266393442622951 0.23565573770491804 0.5245901639344263 0.2336065573770492 0.5245901639344263 0.22131147540983606 0.5266393442622951 0.2192622950819672 0.5266393442622951 0.21721311475409835 0.5327868852459017 0.21106557377049182 0.5348360655737705 0.21106557377049182 0.5389344262295082 0.2069672131147541 0.5430327868852459 0.2069672131147541 0.5450819672131147 0.20491803278688525 0.5471311475409836 0.20491803278688525 0.5512295081967213 0.20081967213114754 0.5512295081967213 0.19672131147540983 0.5594262295081968 0.1885245901639344 0.5614754098360656 0.1885245901639344 0.5635245901639344 0.1864754098360656 0.569672131147541 0.1864754098360656 0.5717213114754098 0.18442622950819673 0.5778688524590164 0.18442622950819673 0.5819672131147541 0.18032786885245902 0.5819672131147541 0.17827868852459017 0.5840163934426229 0.1762295081967213 0.5840163934426229 0.17418032786885246 0.5860655737704918 0.1721311475409836 0.5860655737704918 0.17008196721311475 0.5881147540983607 0.1680327868852459 0.5881147540983607 0.16393442622950818 0.5901639344262295 0.16188524590163936
2 0.6352459016393442 0.13934426229508196 0.6331967213114754 0.13934426229508196 0.6311475409836066 0.13729508196721313 0.6290983606557377 0.13934426229508196 0.6127049180327869 0.13934426229508196 0.610655737704918 0.13729508196721313 0.6086065573770492 0.13729508196721313 0.6065573770491803 0.13524590163934427 0.6045081967213115 0.13524590163934427 0.6024590163934426 0.13319672131147542 0.6004098360655737 0.13319672131147542 0.5983606557377049 0.13114754098360656 0.5922131147540983 0.13114754098360656 0.5901639344262295 0.13319672131147542 0.5881147540983607 0.13319672131147542 0.5860655737704918 0.13524590163934427 0.5819672131147541 0.13524590163934427 0.5799180327868853 0.13729508196721313 0.5737704918032787 0.13729508196721313 0.5717213114754098 0.13524590163934427 0.5676229508196722 0.13524590163934427 0.5635245901639344 0.13114754098360656 0.5635245901639344 0.12704918032786885 0.5491803278688525 0.12704918032786885 0.5491803278688525 0.13319672131147542 0.5471311475409836 0.13524590163934427 0.5450819672131147 0.13524590163934427 0.5450819672131147 0.13934426229508196 0.5491803278688525 0.14344262295081966 0.5491803278688525 0.14549180327868852 0.5512295081967213 0.14549180327868852 0.5532786885245902 0.14754098360655737 0.5594262295081968 0.14754098360655737 0.5614754098360656 0.14549180327868852 0.5819672131147541 0.14549180327868852 0.5840163934426229 0.14754098360655737 0.5860655737704918 0.14754098360655737 0.5922131147540983 0.15368852459016394 0.5922131147540983 0.16188524590163936 0.5901639344262295 0.16393442622950818 0.5901639344262295 0.1680327868852459 0.5881147540983607 0.17008196721311475 0.5881147540983607 0.1721311475409836 0.5860655737704918 0.17418032786885246 0.5860655737704918 0.1762295081967213 0.5840163934426229 0.17827868852459017 0.5840163934426229 0.18032786885245902 0.5778688524590164 0.1864754098360656 0.5717213114754098 0.1864754098360656 0.569672131147541 0.1885245901639344 0.5635245901639344 0.1885245901639344 0.5614754098360656 0.19057377049180327 0.5594262295081968 0.19057377049180327 0.5532786885245902 0.19672131147540983 0.5532786885245902 0.20081967213114754 0.5471311475409836 0.2069672131147541 0.5450819672131147 0.2069672131147541 0.5430327868852459 0.20901639344262296 0.5389344262295082 0.20901639344262296 0.5348360655737705 0.21311475409836064 0.5327868852459017 0.21311475409836064 0.5286885245901639 0.21721311475409835 0.5286885245901639 0.2192622950819672 0.5266393442622951 0.22131147540983606 0.5266393442622951 0.2336065573770492 0.5286885245901639 0.23565573770491804 0.5286885245901639 0.23770491803278687 0.5327868852459017 0.24180327868852458 0.5327868852459017 0.2459016393442623 0.5266393442622951 0.2520491803278688 0.5266393442622951 0.2540983606557377 0.5204918032786885 0.26024590163934425 0.5204918032786885 0.26229508196721313 0.5163934426229508 0.26639344262295084 0.5163934426229508 0.26844262295081966 0.514344262295082 0.27049180327868855 0.514344262295082 0.2807377049180328 0.5163934426229508 0.2827868852459016 0.5163934426229508 0.28688524590163933 0.5184426229508197 0.2889344262295082 0.5368852459016393 0.2889344262295082 0.5368852459016393 0.28688524590163933 0.5389344262295082 0.2848360655737705 0.5389344262295082 0.2827868852459016 0.5409836065573771 0.2807377049180328 0.5409836065573771 0.27459016393442626 0.5368852459016393 0.27049180327868855 0.5368852459016393 0.26229508196721313 0.5389344262295082 0.26024590163934425 0.5389344262295082 0.2581967213114754 0.5409836065573771 0.25614754098360654 0.5409836065573771 0.24795081967213115 0.5430327868852459 0.2459016393442623 0.5430327868852459 0.24385245901639344 0.5450819672131147 0.24180327868852458 0.5450819672131147 0.23565573770491804 0.5430327868852459 0.2336065573770492 0.5430327868852459 0.23155737704918034 0.5409836065573771 0.22950819672131148 0.5409836065573771 0.22745901639344263 0.5389344262295082 0.22540983606557377 0.5389344262295082 0.22131147540983606 0.5450819672131147 0.2151639344262295 0.5471311475409836 0.2151639344262295 0.5491803278688525 0.21311475409836064 0.5512295081967213 0.21311475409836064 0.5532786885245902 0.21106557377049182 0.555327868852459 0.21106557377049182 0.5573770491803278 0.20901639344262296 0.5573770491803278 0.2069672131147541 0.5594262295081968 0.20491803278688525 0.5594262295081968 0.2028688524590164 0.5655737704918032 0.19672131147540983 0.5676229508196722 0.19672131147540983 0.569672131147541 0.19467213114754098 0.5758196721311475 0.19467213114754098 0.5778688524590164 0.19262295081967212 0.5819672131147541 0.19262295081967212 0.5840163934426229 0.19057377049180327 0.5860655737704918 0.19057377049180327 0.5942622950819673 0.18237704918032788 0.5942622950819673 0.18032786885245902 0.5963114754098361 0.17827868852459017 0.5963114754098361 0.1762295081967213 0.5983606557377049 0.17418032786885246 0.5983606557377049 0.1680327868852459 0.6004098360655737 0.16598360655737704 0.6004098360655737 0.16188524590163936 0.6024590163934426 0.1598360655737705 0.6024590163934426 0.15368852459016394 0.6045081967213115 0.15163934426229508 0.6045081967213115 0.14959016393442623 0.6065573770491803 0.14754098360655737 0.6065573770491803 0.14549180327868852 0.6086065573770492 0.14344262295081966 0.6147540983606558 0.14344262295081966 0.6168032786885246 0.1413934426229508 0.6331967213114754 0.1413934426229508
2 0.8483606557377049 0.4733606557377049 0.8483606557377049 0.5040983606557377 0.8504098360655737 0.5040983606557377 0.8524590163934426 0.5061475409836066 0.8524590163934426 0.5122950819672131 0.8483606557377049 0.5163934426229508 0.8483606557377049 0.5204918032786885 0.8504098360655737 0.5225409836065574 0.8504098360655737 0.5286885245901639 0.8524590163934426 0.5307377049180327 0.8504098360655737 0.5327868852459017 0.8504098360655737 0.5430327868852459 0.8524590163934426 0.5450819672131147 0.8504098360655737 0.5471311475409836 0.8524590163934426 0.5491803278688525 0.8524590163934426 0.555327868852459 0.8545081967213115 0.5573770491803278 0.8545081967213115 0.5594262295081968 0.8565573770491803 0.5594262295081968 0.8586065573770492 0.5614754098360656 0.8627049180327869 0.5614754098360656 0.8668032786885246 0.5655737704918032 0.8688524590163934 0.5655737704918032 0.8729508196721312 0.569672131147541 0.8729508196721312 0.5717213114754098 0.8811475409836066 0.5717213114754098 0.8831967213114754 0.5737704918032787 0.8913934426229508 0.5737704918032787 0.8954918032786885 0.5778688524590164 0.8975409836065574 0.5778688524590164 0.8995901639344263 0.5758196721311475 0.9221311475409836 0.5758196721311475 0.9241803278688525 0.5778688524590164 0.9262295081967213 0.5758196721311475 0.9569672131147541 0.5758196721311475 0.9590163934426229 0.5778688524590164 0.985655737704918 0.5778688524590164 0.9877049180327869 0.5758196721311475 0.9979508196721312 0.5758196721311475 0.9979508196721312 0.5573770491803278 0.9897540983606558 0.5573770491803278 0.9877049180327869 0.5594262295081968 0.9754098360655737 0.5594262295081968 0.9733606557377049 0.5614754098360656 0.9672131147540983 0.5614754098360656 0.9651639344262295 0.5594262295081968 0.9405737704918032 0.5594262295081968 0.9385245901639344 0.5573770491803278 0.9344262295081968 0.5573770491803278 0.9323770491803278 0.5594262295081968 0.9057377049180327 0.5594262295081968 0.9036885245901639 0.5573770491803278 0.8995901639344263 0.5573770491803278 0.8975409836065574 0.5594262295081968 0.8872950819672131 0.5594262295081968 0.8852459016393442 0.5573770491803278 0.8831967213114754 0.5573770491803278 0.875 0.5491803278688525 0.8729508196721312 0.5491803278688525 0.8709016393442623 0.5471311475409836 0.8709016393442623 0.5450819672131147 0.8545081967213115 0.5450819672131147 0.8524590163934426 0.5430327868852459 0.8524590163934426 0.5307377049180327 0.8504098360655737 0.5286885245901639 0.8524590163934426 0.5266393442622951 0.8524590163934426 0.47950819672131145 0.8504098360655737 0.4774590163934426 0.8504098360655737 0.4713114754098361
2 0.3422131147540984 0.00819672131147541 0.3442622950819672 0.00819672131147541 0.3463114754098361 0.010245901639344262 0.35450819672131145 0.010245901639344262 0.35655737704918034 0.012295081967213115 0.38114754098360654 0.012295081967213115 0.3831967213114754 0.010245901639344262 0.39344262295081966 0.010245901639344262 0.39549180327868855 0.00819672131147541 0.4016393442622951 0.00819672131147541 0.4036885245901639 0.010245901639344262 0.4077868852459016 0.010245901639344262 0.4098360655737705 0.012295081967213115 0.4139344262295082 0.012295081967213115 0.41598360655737704 0.014344262295081968 0.430327868852459 0.014344262295081968 0.4323770491803279 0.01639344262295082 0.4426229508196721 0.01639344262295082 0.444672131147541 0.018442622950819672 0.45081967213114754 0.018442622950819672 0.45286885245901637 0.020491803278688523 0.4610655737704918 0.020491803278688523 0.46311475409836067 0.022540983606557378 0.4774590163934426 0.022540983606557378 0.47950819672131145 0.020491803278688523 0.4959016393442623 0.020491803278688523 0.4979508196721312 0.018442622950819672 0.5061475409836066 0.018442622950819672 0.5081967213114754 0.01639344262295082 0.5184426229508197 0.01639344262295082 0.5225409836065574 0.020491803278688523 0.5225409836065574 0.02459016393442623 0.5245901639344263 0.02663934426229508 0.5245901639344263 0.030737704918032786 0.5266393442622951 0.03278688524590164 0.5266393442622951 0.036885245901639344 0.5286885245901639 0.0389344262295082 0.5286885245901639 0.0430327868852459 0.5327868852459017 0.0471311475409836 0.5327868852459017 0.04918032786885246 0.5348360655737705 0.05122950819672131 0.5348360655737705 0.055327868852459015 0.5368852459016393 0.05737704918032787 0.5368852459016393 0.05942622950819672 0.5389344262295082 0.06147540983606557 0.5389344262295082 0.06352459016393443 0.5430327868852459 0.06762295081967214 0.5430327868852459 0.07172131147540983 0.5450819672131147 0.07377049180327869 0.5450819672131147 0.0389344262295082 0.5430327868852459 0.036885245901639344 0.5430327868852459 0.03483606557377049 0.5409836065573771 0.03278688524590164 0.5409836065573771 0.030737704918032786 0.5348360655737705 0.02459016393442623 0.5348360655737705 0.020491803278688523 0.5327868852459017 0.018442622950819672 0.5327868852459017 0.01639344262295082 0.5307377049180327 0.014344262295081968 0.5307377049180327 0.012295081967213115 0.5286885245901639 0.012295081967213115 0.5266393442622951 0.010245901639344262 0.5225409836065574 0.010245901639344262 0.5204918032786885 0.00819672131147541 0.5040983606557377 0.00819672131147541 0.5020491803278688 0.006147540983606557 0.4979508196721312 0.006147540983606557 0.4959016393442623 0.004098360655737705 0.4774590163934426 0.004098360655737705 0.47540983606557374 0.006147540983606557 0.45081967213114754 0.006147540983606557 0.4487704918032787 0.004098360655737705 0.4405737704918033 0.004098360655737705 0.4385245901639344 0.0020491803278688526 0.4344262295081967 0.0020491803278688526 0.4323770491803279 0 0.42827868852459017 0 0.4262295081967213 0.0020491803278688526 0.42418032786885246 0.0020491803278688526 0.42213114754098363 0.004098360655737705 0.42008196721311475 0.004098360655737705 0.41598360655737704 0.00819672131147541 0.4016393442622951 0.00819672131147541 0.39959016393442626 0.006147540983606557 0.38934426229508196 0.006147540983606557 0.38729508196721313 0.00819672131147541
2 0.7520491803278688 0.3094262295081967 0.7520491803278688 0.3176229508196721 0.75 0.319672131147541 0.75 0.33811475409836067 0.7479508196721312 0.3401639344262295 0.7479508196721312 0.3422131147540984 0.75 0.3442622950819672 0.75 0.3483606557377049 0.7520491803278688 0.35040983606557374 0.7520491803278688 0.3524590163934426 0.7540983606557377 0.35450819672131145 0.7540983606557377 0.35655737704918034 0.7581967213114754 0.36065573770491804 0.7581967213114754 0.36475409836065575 0.7561475409836066 0.3668032786885246 0.7561475409836066 0.3709016393442623 0.7520491803278688 0.375 0.7520491803278688 0.38114754098360654 0.7540983606557377 0.3831967213114754 0.7540983606557377 0.38729508196721313 0.7561475409836066 0.38934426229508196 0.7561475409836066 0.3975409836065574 0.7581967213114754 0.39959016393442626 0.7581967213114754 0.4077868852459016 0.7602459016393442 0.4098360655737705 0.7602459016393442 0.41188524590163933 0.7704918032786885 0.42213114754098363 0.7827868852459017 0.42213114754098363 0.7848360655737705 0.42418032786885246 0.7868852459016393 0.42418032786885246 0.7889344262295082 0.4262295081967213 0.7909836065573771 0.4262295081967213 0.7930327868852459 0.42827868852459017 0.8463114754098361 0.42827868852459017 0.8483606557377049 0.430327868852459 0.8483606557377049 0.45081967213114754 0.8524590163934426 0.45491803278688525 0.8524590163934426 0.4610655737704918 0.8524590163934426 0.4323770491803279 0.8504098360655737 0.4323770491803279 0.8442622950819673 0.4262295081967213 0.8442622950819673 0.42418032786885246 0.8422131147540983 0.42213114754098363 0.8422131147540983 0.42008196721311475 0.8360655737704918 0.4139344262295082 0.8340163934426229 0.4139344262295082 0.8319672131147541 0.41188524590163933 0.8155737704918032 0.41188524590163933 0.8114754098360656 0.4077868852459016 0.764344262295082 0.4077868852459016 0.7622950819672131 0.4057377049180328 0.7622950819672131 0.36270491803278687 0.7602459016393442 0.36065573770491804 0.7602459016393442 0.3524590163934426 0.7622950819672131 0.35040983606557374 0.7622950819672131 0.3176229508196721 0.7602459016393442 0.3155737704918033 0.7602459016393442 0.3135245901639344 0.7622950819672131 0.3114754098360656 0.7602459016393442 0.3094262295081967
2 0.09631147540983606 0.02663934426229508 0.0942622950819672 0.02663934426229508 0.09221311475409837 0.02459016393442623 0.08811475409836066 0.02459016393442623 0.0860655737704918 0.022540983606557378 0.08401639344262295 0.022540983606557378 0.08196721311475409 0.020491803278688523 0.07581967213114754 0.020491803278688523 0.07377049180327869 0.018442622950819672 0.06967213114754098 0.018442622950819672 0.06762295081967214 0.01639344262295082 0.06557377049180328 0.01639344262295082 0.06352459016393443 0.014344262295081968 0.06147540983606557 0.014344262295081968 0.055327868852459015 0.00819672131147541 0.055327868852459015 0.006147540983606557 0.05327868852459016 0.004098360655737705 0.05327868852459016 0.0020491803278688526 0.05122950819672131 0 0.04918032786885246 0 0.04918032786885246 0.0020491803278688526 0.05122950819672131 0.004098360655737705 0.05122950819672131 0.006147540983606557 0.05327868852459016 0.00819672131147541 0.05327868852459016 0.010245901639344262 0.055327868852459015 0.012295081967213115 0.04918032786885246 0.018442622950819672 0.0471311475409836 0.01639344262295082 0.0471311475409836 0.014344262295081968 0.0430327868852459 0.010245901639344262 0.0430327868852459 0.00819672131147541 0.040983606557377046 0.00819672131147541 0.036885245901639344 0.004098360655737705 0.03483606557377049 0.004098360655737705 0.03278688524590164 0.0020491803278688526 0.030737704918032786 0.0020491803278688526 0.028688524590163935 0 0.02459016393442623 0 0.028688524590163935 0.004098360655737705 0.03278688524590164 0.004098360655737705 0.036885245901639344 0.00819672131147541 0.0389344262295082 0.00819672131147541 0.0430327868852459 0.012295081967213115 0.0430327868852459 0.014344262295081968 0.045081967213114756 0.01639344262295082 0.045081967213114756 0.020491803278688523 0.040983606557377046 0.02459016393442623 0.040983606557377046 0.02663934426229508 0.028688524590163935 0.0389344262295082 0.028688524590163935 0.0430327868852459 0.02663934426229508 0.045081967213114756 0.02663934426229508 0.0471311475409836 0.022540983606557378 0.05122950819672131 0.022540983606557378 0.055327868852459015 0.01639344262295082 0.06147540983606557 0.01639344262295082 0.06352459016393443 0.014344262295081968 0.06557377049180328 0.014344262295081968 0.06762295081967214 0.012295081967213115 0.06967213114754098 0.012295081967213115 0.07172131147540983 0.00819672131147541 0.07581967213114754 0.00819672131147541 0.0778688524590164 0.004098360655737705 0.08196721311475409 0.004098360655737705 0.0860655737704918 0.0020491803278688526 0.08811475409836066 0.0020491803278688526 0.09221311475409837 0 0.0942622950819672 0 0.10655737704918032 0.0020491803278688526 0.10655737704918032 0.0020491803278688526 0.0942622950819672 0.006147540983606557 0.09016393442622951 0.006147540983606557 0.08401639344262295 0.010245901639344262 0.07991803278688525 0.010245901639344262 0.0778688524590164 0.014344262295081968 0.07377049180327869 0.014344262295081968 0.06967213114754098 0.018442622950819672 0.06557377049180328 0.018442622950819672 0.06352459016393443 0.02459016393442623 0.05737704918032787 0.02459016393442623 0.05327868852459016 0.02663934426229508 0.05122950819672131 0.02663934426229508 0.04918032786885246 0.030737704918032786 0.045081967213114756 0.030737704918032786 0.040983606557377046 0.03278688524590164 0.0389344262295082 0.03278688524590164 0.036885245901639344 0.036885245901639344 0.03278688524590164 0.0389344262295082 0.03278688524590164 0.0430327868852459 0.028688524590163935 0.0430327868852459 0.02663934426229508 0.05122950819672131 0.018442622950819672 0.05327868852459016 0.018442622950819672 0.055327868852459015 0.01639344262295082 0.05737704918032787 0.01639344262295082 0.05942622950819672 0.014344262295081968 0.06147540983606557 0.01639344262295082 0.06557377049180328 0.01639344262295082 0.06762295081967214 0.018442622950819672 0.06967213114754098 0.018442622950819672 0.07172131147540983 0.020491803278688523 0.07581967213114754 0.020491803278688523 0.0778688524590164 0.022540983606557378 0.08196721311475409 0.022540983606557378 0.08401639344262295 0.02459016393442623 0.0860655737704918 0.02459016393442623 0.08811475409836066 0.02663934426229508 0.09221311475409837 0.02663934426229508 0.0942622950819672 0.028688524590163935 0.09631147540983606 0.028688524590163935
2 0.24180327868852458 0.19057377049180327 0.24180327868852458 0.19262295081967212 0.2459016393442623 0.19262295081967212 0.25614754098360654 0.2028688524590164 0.25614754098360654 0.2069672131147541 0.26229508196721313 0.21311475409836064 0.26639344262295084 0.21311475409836064 0.2725409836065574 0.2192622950819672 0.2725409836065574 0.22131147540983606 0.27459016393442626 0.22131147540983606 0.2766393442622951 0.22336065573770492 0.2827868852459016 0.22336065573770492 0.2848360655737705 0.22540983606557377 0.28688524590163933 0.22540983606557377 0.2889344262295082 0.22745901639344263 0.29098360655737704 0.22745901639344263 0.29508196721311475 0.23155737704918034 0.29713114754098363 0.23155737704918034 0.29918032786885246 0.2336065573770492 0.3012295081967213 0.2336065573770492 0.30327868852459017 0.23565573770491804 0.3073770491803279 0.23565573770491804 0.3094262295081967 0.23770491803278687 0.3237704918032787 0.23770491803278687 0.32581967213114754 0.23565573770491804 0.3319672131147541 0.23565573770491804 0.33401639344262296 0.23770491803278687 0.33811475409836067 0.23770491803278687 0.3442622950819672 0.24385245901639344 0.3463114754098361 0.24385245901639344 0.3422131147540984 0.23975409836065573 0.3422131147540984 0.23770491803278687 0.3401639344262295 0.23770491803278687 0.33811475409836067 0.23565573770491804 0.33401639344262296 0.23565573770491804 0.3319672131147541 0.2336065573770492 0.32991803278688525 0.2336065573770492 0.32786885245901637 0.23155737704918034 0.3237704918032787 0.23565573770491804 0.3094262295081967 0.23565573770491804 0.305327868852459 0.23155737704918034 0.29918032786885246 0.23155737704918034 0.2930327868852459 0.22540983606557377 0.29098360655737704 0.22540983606557377 0.2889344262295082 0.22336065573770492 0.28688524590163933 0.22336065573770492 0.2848360655737705 0.22131147540983606 0.2766393442622951 0.22131147540983606 0.2725409836065574 0.21721311475409835 0.2725409836065574 0.2151639344262295 0.27049180327868855 0.21311475409836064 0.26844262295081966 0.21311475409836064 0.26639344262295084 0.21106557377049182 0.26229508196721313 0.21106557377049182 0.26024590163934425 0.20901639344262296 0.26024590163934425 0.2069672131147541 0.2581967213114754 0.20491803278688525 0.26024590163934425 0.2028688524590164 0.26844262295081966 0.2028688524590164 0.27049180327868855 0.20491803278688525 0.29713114754098363 0.20491803278688525 0.29918032786885246 0.2028688524590164 0.3073770491803279 0.2028688524590164 0.3094262295081967 0.20491803278688525 0.3114754098360656 0.2028688524590164 0.3237704918032787 0.2028688524590164 0.32581967213114754 0.20491803278688525 0.32786885245901637 0.20491803278688525 0.32991803278688525 0.2069672131147541 0.33401639344262296 0.2069672131147541 0.3422131147540984 0.2151639344262295 0.3442622950819672 0.2151639344262295 0.3442622950819672 0.21311475409836064 0.3422131147540984 0.21311475409836064 0.33811475409836067 0.20901639344262296 0.33811475409836067 0.2069672131147541 0.3360655737704918 0.2069672131147541 0.33401639344262296 0.20491803278688525 0.32991803278688525 0.20491803278688525 0.32786885245901637 0.2028688524590164 0.3237704918032787 0.2028688524590164 0.32172131147540983 0.20081967213114754 0.3135245901639344 0.20081967213114754 0.3114754098360656 0.2028688524590164 0.2930327868852459 0.2028688524590164 0.29098360655737704 0.20491803278688525 0.2889344262295082 0.2028688524590164 0.26434426229508196 0.2028688524590164 0.26229508196721313 0.20081967213114754 0.26024590163934425 0.20081967213114754 0.2581967213114754 0.1987704918032787 0.25614754098360654 0.1987704918032787 0.25 0.19262295081967212 0.24385245901639344 0.19262295081967212
2 0.24180327868852458 0.7602459016393442 0.24180327868852458 0.7684426229508197 0.24385245901639344 0.7663934426229508 0.24795081967213115 0.7663934426229508 0.25 0.7684426229508197 0.25 0.7704918032786885 0.26639344262295084 0.7704918032786885 0.26844262295081966 0.7725409836065574 0.26844262295081966 0.7745901639344263 0.27049180327868855 0.7745901639344263 0.27049180327868855 0.7704918032786885 0.26844262295081966 0.7684426229508197 0.26844262295081966 0.7663934426229508 0.27049180327868855 0.764344262295082 0.2827868852459016 0.764344262295082 0.2848360655737705 0.7663934426229508 0.2848360655737705 0.7684426229508197 0.28688524590163933 0.7704918032786885 0.28688524590163933 0.7725409836065574 0.2889344262295082 0.7745901639344263 0.2889344262295082 0.7807377049180327 0.29098360655737704 0.7807377049180327 0.2930327868852459 0.7827868852459017 0.29713114754098363 0.7827868852459017 0.29918032786885246 0.7848360655737705 0.29918032786885246 0.7827868852459017 0.29713114754098363 0.7827868852459017 0.29508196721311475 0.7807377049180327 0.2930327868852459 0.7807377049180327 0.29098360655737704 0.7786885245901639 0.29098360655737704 0.7766393442622951 0.2889344262295082 0.7745901639344263 0.2889344262295082 0.7725409836065574 0.28688524590163933 0.7704918032786885 0.28688524590163933 0.7663934426229508 0.2848360655737705 0.764344262295082 0.2786885245901639 0.764344262295082 0.2766393442622951 0.7622950819672131 0.2725409836065574 0.7622950819672131 0.26844262295081966 0.7581967213114754 0.26844262295081966 0.7561475409836066 0.26434426229508196 0.7520491803278688 0.26639344262295084 0.75 0.26639344262295084 0.7438524590163934 0.26844262295081966 0.7418032786885246 0.26639344262295084 0.7397540983606558 0.26434426229508196 0.7397540983606558 0.26434426229508196 0.7459016393442623 0.26229508196721313 0.7479508196721312 0.26229508196721313 0.75 0.25614754098360654 0.7561475409836066 0.2540983606557377 0.7561475409836066 0.25 0.7602459016393442 0.24795081967213115 0.7602459016393442 0.2459016393442623 0.7622950819672131 0.24385245901639344 0.7602459016393442
2 0.25 0.45901639344262296 0.25 0.4610655737704918 0.2520491803278688 0.46311475409836067 0.2520491803278688 0.4651639344262295 0.26229508196721313 0.47540983606557374 0.26229508196721313 0.4774590163934426 0.26639344262295084 0.48155737704918034 0.26639344262295084 0.48565573770491804 0.2725409836065574 0.4918032786885246 0.2725409836065574 0.49385245901639346 0.27459016393442626 0.4959016393442623 0.27459016393442626 0.4979508196721312 0.2766393442622951 0.5 0.2766393442622951 0.5040983606557377 0.2786885245901639 0.5061475409836066 0.2786885245901639 0.5081967213114754 0.2827868852459016 0.5122950819672131 0.2827868852459016 0.514344262295082 0.28688524590163933 0.5184426229508197 0.28688524590163933 0.5204918032786885 0.29098360655737704 0.5245901639344263 0.2930327868852459 0.5245901639344263 0.29508196721311475 0.5266393442622951 0.29713114754098363 0.5266393442622951 0.29918032786885246 0.5286885245901639 0.3012295081967213 0.5286885245901639 0.30327868852459017 0.5307377049180327 0.305327868852459 0.5307377049180327 0.3073770491803279 0.5327868852459017 0.3114754098360656 0.5327868852459017 0.3176229508196721 0.5389344262295082 0.319672131147541 0.5389344262295082 0.32786885245901637 0.5471311475409836 0.3319672131147541 0.5471311475409836 0.3319672131147541 0.5450819672131147 0.32991803278688525 0.5450819672131147 0.3237704918032787 0.5389344262295082 0.32172131147540983 0.5389344262295082 0.3135245901639344 0.5307377049180327 0.3094262295081967 0.5307377049180327 0.3073770491803279 0.5286885245901639 0.305327868852459 0.5286885245901639 0.3012295081967213 0.5245901639344263 0.29918032786885246 0.5245901639344263 0.29713114754098363 0.5225409836065574 0.29508196721311475 0.5225409836065574 0.2848360655737705 0.5122950819672131 0.2848360655737705 0.5102459016393442 0.2827868852459016 0.5081967213114754 0.2827868852459016 0.5061475409836066 0.2786885245901639 0.5020491803278688 0.2786885245901639 0.4979508196721312 0.2766393442622951 0.4959016393442623 0.2766393442622951 0.49385245901639346 0.2725409836065574 0.48975409836065575 0.2725409836065574 0.48770491803278687 0.26844262295081966 0.48360655737704916 0.26844262295081966 0.48155737704918034 0.26639344262295084 0.47950819672131145 0.26639344262295084 0.4774590163934426 0.26229508196721313 0.4733606557377049 0.26229508196721313 0.4713114754098361 0.26024590163934425 0.4692622950819672 0.26024590163934425 0.4672131147540984 0.2581967213114754 0.4651639344262295 0.25614754098360654 0.4651639344262295 0.2540983606557377 0.46311475409836067 0.2540983606557377 0.4610655737704918 0.2520491803278688 0.45901639344262296
2 0.24795081967213115 0 0.24795081967213115 0.0020491803278688526 0.25 0.004098360655737705 0.319672131147541 0.004098360655737705 0.32172131147540983 0.006147540983606557 0.32991803278688525 0.006147540983606557 0.32581967213114754 0.0020491803278688526 0.3237704918032787 0.0020491803278688526 0.32172131147540983 0
2 0.055327868852459015 0.21721311475409835 0.055327868852459015 0.22336065573770492 0.05737704918032787 0.22540983606557377 0.06147540983606557 0.22540983606557377 0.06352459016393443 0.22336065573770492 0.06762295081967214 0.22745901639344263 0.06762295081967214 0.23155737704918034 0.06967213114754098 0.2336065573770492 0.07172131147540983 0.2336065573770492 0.07377049180327869 0.23565573770491804 0.07377049180327869 0.23770491803278687 0.07991803278688525 0.23155737704918034 0.08196721311475409 0.23155737704918034 0.08401639344262295 0.22950819672131148 0.0860655737704918 0.22950819672131148 0.08811475409836066 0.23155737704918034 0.09221311475409837 0.23155737704918034 0.09836065573770492 0.22540983606557377 0.10245901639344263 0.22540983606557377 0.10450819672131148 0.22336065573770492 0.10655737704918032 0.22336065573770492 0.10860655737704918 0.22131147540983606 0.1168032786885246 0.22131147540983606 0.11885245901639344 0.22336065573770492 0.12090163934426229 0.22131147540983606 0.12295081967213115 0.22131147540983606 0.125 0.2192622950819672 0.12704918032786885 0.22131147540983606 0.13114754098360656 0.22131147540983606 0.13319672131147542 0.22336065573770492 0.13934426229508196 0.22336065573770492 0.14344262295081966 0.2192622950819672 0.1557377049180328 0.2192622950819672 0.1598360655737705 0.22336065573770492 0.16598360655737704 0.22336065573770492 0.16598360655737704 0.22131147540983606 0.16188524590163936 0.22131147540983606 0.1598360655737705 0.2192622950819672 0.15778688524590165 0.2192622950819672 0.1557377049180328 0.21721311475409835 0.15368852459016394 0.2192622950819672 0.15163934426229508 0.2192622950819672 0.14959016393442623 0.21721311475409835 0.14549180327868852 0.21721311475409835 0.14344262295081966 0.2192622950819672 0.13729508196721313 0.2192622950819672 0.13524590163934427 0.22131147540983606 0.13114754098360656 0.22131147540983606 0.1290983606557377 0.2192622950819672 0.12090163934426229 0.2192622950819672 0.11885245901639344 0.22131147540983606 0.11475409836065574 0.22131147540983606 0.11270491803278689 0.2192622950819672 0.11065573770491803 0.2192622950819672 0.10860655737704918 0.22131147540983606 0.10450819672131148 0.22131147540983606 0.10040983606557377 0.22540983606557377 0.09836065573770492 0.22540983606557377 0.09631147540983606 0.22745901639344263 0.0942622950819672 0.22745901639344263 0.09221311475409837 0.22950819672131148 0.08811475409836066 0.22950819672131148 0.08401639344262295 0.22540983606557377 0.07581967213114754 0.2336065573770492 0.07377049180327869 0.2336065573770492 0.06967213114754098 0.22950819672131148 0.06967213114754098 0.22745901639344263 0.06762295081967214 0.22540983606557377 0.06762295081967214 0.22336065573770492 0.06557377049180328 0.22131147540983606 0.06352459016393443 0.22131147540983606 0.06147540983606557 0.2192622950819672 0.05942622950819672 0.2192622950819672 0.05737704918032787 0.21721311475409835
2 0.7028688524590164 0.26844262295081966 0.7028688524590164 0.2725409836065574 0.7049180327868853 0.27459016393442626 0.7049180327868853 0.2807377049180328 0.7069672131147541 0.2827868852459016 0.7069672131147541 0.2848360655737705 0.7090163934426229 0.28688524590163933 0.7090163934426229 0.2889344262295082 0.7336065573770492 0.2889344262295082 0.7315573770491803 0.28688524590163933 0.7274590163934426 0.28688524590163933 0.7233606557377049 0.2827868852459016 0.7233606557377049 0.2807377049180328 0.7192622950819673 0.2766393442622951 0.7192622950819673 0.27459016393442626 0.7172131147540983 0.2725409836065574 0.7172131147540983 0.26844262295081966
2 0.48565573770491804 0.5963114754098361 0.48975409836065575 0.6004098360655737 0.49385245901639346 0.6004098360655737 0.4959016393442623 0.5983606557377049 0.5020491803278688 0.5983606557377049 0.5040983606557377 0.5963114754098361 0.5061475409836066 0.5963114754098361 0.5081967213114754 0.5983606557377049 0.5122950819672131 0.5983606557377049 0.514344262295082 0.6004098360655737 0.5122950819672131 0.6024590163934426 0.5122950819672131 0.6045081967213115 0.514344262295082 0.6065573770491803 0.514344262295082 0.610655737704918 0.5163934426229508 0.6127049180327869 0.5163934426229508 0.6168032786885246 0.5225409836065574 0.6168032786885246 0.5245901639344263 0.6188524590163934 0.5245901639344263 0.6229508196721312 0.5204918032786885 0.6270491803278688 0.5204918032786885 0.6290983606557377 0.5184426229508197 0.6311475409836066 0.5163934426229508 0.6311475409836066 0.5163934426229508 0.6372950819672131 0.514344262295082 0.639344262295082 0.514344262295082 0.6475409836065574 0.5245901639344263 0.6577868852459017 0.5225409836065574 0.6557377049180327 0.5225409836065574 0.6516393442622951 0.514344262295082 0.6434426229508197 0.514344262295082 0.6413934426229508 0.5163934426229508 0.639344262295082 0.5163934426229508 0.6331967213114754 0.5225409836065574 0.6270491803278688 0.5225409836065574 0.625 0.5245901639344263 0.6229508196721312 0.5245901639344263 0.6209016393442623 0.5266393442622951 0.6188524590163934 0.5286885245901639 0.6188524590163934 0.5307377049180327 0.6209016393442623 0.5327868852459017 0.6209016393442623 0.5327868852459017 0.6188524590163934 0.5307377049180327 0.6188524590163934 0.5286885245901639 0.6168032786885246 0.5204918032786885 0.6168032786885246 0.514344262295082 0.610655737704918 0.514344262295082 0.5963114754098361 0.5020491803278688 0.5963114754098361 0.5 0.5983606557377049 0.4979508196721312 0.5963114754098361 0.4959016393442623 0.5963114754098361 0.49385245901639346 0.5983606557377049 0.4918032786885246 0.5963114754098361
2 0.8586065573770492 0.15163934426229508 0.860655737704918 0.15368852459016394 0.860655737704918 0.1557377049180328 0.8586065573770492 0.15778688524590165 0.8586065573770492 0.1680327868852459 0.8627049180327869 0.1680327868852459 0.8668032786885246 0.1721311475409836 0.8668032786885246 0.17418032786885246 0.8627049180327869 0.17827868852459017 0.860655737704918 0.1762295081967213 0.8586065573770492 0.1762295081967213 0.8586065573770492 0.18032786885245902 0.8668032786885246 0.18032786885245902 0.8688524590163934 0.17827868852459017 0.8688524590163934 0.17418032786885246 0.8709016393442623 0.1721311475409836 0.8729508196721312 0.1721311475409836 0.875 0.17008196721311475 0.875 0.1680327868852459 0.8770491803278688 0.16598360655737704 0.875 0.16393442622950818 0.8688524590163934 0.16393442622950818 0.8668032786885246 0.16188524590163936 0.8647540983606558 0.16188524590163936 0.860655737704918 0.15778688524590165 0.8627049180327869 0.1557377049180328 0.8627049180327869 0.15368852459016394 0.860655737704918 0.15368852459016394
2 0.24795081967213115 0.014344262295081968 0.24795081967213115 0.020491803278688523 0.2459016393442623 0.022540983606557378 0.24385245901639344 0.022540983606557378 0.24180327868852458 0.02459016393442623 0.24180327868852458 0.03278688524590164 0.2520491803278688 0.03278688524590164 0.2540983606557377 0.03483606557377049 0.25614754098360654 0.03483606557377049 0.25614754098360654 0.03278688524590164 0.2581967213114754 0.030737704918032786 0.2581967213114754 0.028688524590163935 0.25614754098360654 0.02663934426229508 0.25614754098360654 0.022540983606557378 0.2520491803278688 0.018442622950819672 0.2520491803278688 0.01639344262295082 0.2540983606557377 0.014344262295081968
2 0.21106557377049182 0.10655737704918032 0.21311475409836064 0.10655737704918032 0.2151639344262295 0.10860655737704918 0.22336065573770492 0.10860655737704918 0.22540983606557377 0.10655737704918032 0.22950819672131148 0.10655737704918032 0.23155737704918034 0.10860655737704918 0.23565573770491804 0.10860655737704918 0.23770491803278687 0.11065573770491803 0.23975409836065573 0.10860655737704918 0.26434426229508196 0.10860655737704918 0.26639344262295084 0.11065573770491803 0.27459016393442626 0.11065573770491803 0.27049180327868855 0.11065573770491803 0.26844262295081966 0.10860655737704918 0.26229508196721313 0.10860655737704918 0.26024590163934425 0.10655737704918032 0.25 0.10655737704918032 0.24795081967213115 0.10860655737704918 0.24385245901639344 0.10860655737704918 0.24180327868852458 0.10655737704918032 0.23975409836065573 0.10860655737704918 0.23770491803278687 0.10860655737704918 0.23565573770491804 0.10655737704918032
2 0.36885245901639346 0.4959016393442623 0.3524590163934426 0.5122950819672131 0.3524590163934426 0.5204918032786885 0.35040983606557374 0.5225409836065574 0.35040983606557374 0.5286885245901639 0.3483606557377049 0.5307377049180327 0.3483606557377049 0.5389344262295082 0.3463114754098361 0.5409836065573771 0.3463114754098361 0.5471311475409836 0.3483606557377049 0.5450819672131147 0.3483606557377049 0.5389344262295082 0.35040983606557374 0.5368852459016393 0.35040983606557374 0.5286885245901639 0.3524590163934426 0.5266393442622951 0.3524590163934426 0.5225409836065574 0.35450819672131145 0.5204918032786885 0.35450819672131145 0.5122950819672131 0.36885245901639346 0.4979508196721312
2 0.2581967213114754 0.5389344262295082 0.2581967213114754 0.5409836065573771 0.26024590163934425 0.5409836065573771 0.26229508196721313 0.5430327868852459 0.2848360655737705 0.5430327868852459 0.28688524590163933 0.5450819672131147 0.29098360655737704 0.5450819672131147 0.2930327868852459 0.5471311475409836 0.3135245901639344 0.5471311475409836 0.3114754098360656 0.5471311475409836 0.3094262295081967 0.5450819672131147 0.2930327868852459 0.5450819672131147 0.29098360655737704 0.5430327868852459 0.2766393442622951 0.5430327868852459 0.27459016393442626 0.5409836065573771 0.26024590163934425 0.5409836065573771
2 0.5573770491803278 0.8258196721311475 0.555327868852459 0.8237704918032787 0.5532786885245902 0.8237704918032787 0.5512295081967213 0.8217213114754098 0.5491803278688525 0.8217213114754098 0.5450819672131147 0.8258196721311475 0.5409836065573771 0.8258196721311475 0.5409836065573771 0.8299180327868853 0.5389344262295082 0.8319672131147541 0.5368852459016393 0.8319672131147541 0.5348360655737705 0.8340163934426229 0.5348360655737705 0.8360655737704918 0.5389344262295082 0.8319672131147541 0.5430327868852459 0.8319672131147541 0.5430327868852459 0.8299180327868853 0.5450819672131147 0.8278688524590164 0.5491803278688525 0.8278688524590164 0.5512295081967213 0.8258196721311475
2 0.2827868852459016 0.11270491803278689 0.2848360655737705 0.11475409836065574 0.2889344262295082 0.11475409836065574 0.29098360655737704 0.1168032786885246 0.3012295081967213 0.1168032786885246 0.3073770491803279 0.12295081967213115 0.3094262295081967 0.12295081967213115 0.3073770491803279 0.12090163934426229 0.305327868852459 0.12090163934426229 0.30327868852459017 0.11885245901639344 0.30327868852459017 0.1168032786885246 0.3012295081967213 0.1168032786885246 0.29918032786885246 0.11475409836065574 0.2889344262295082 0.11475409836065574 0.28688524590163933 0.11270491803278689
2 0.5348360655737705 0.29508196721311475 0.5348360655737705 0.30327868852459017 0.5327868852459017 0.305327868852459 0.5327868852459017 0.3135245901639344 0.5348360655737705 0.3135245901639344 0.5348360655737705 0.3114754098360656 0.5368852459016393 0.3094262295081967 0.5368852459016393 0.29918032786885246 0.5348360655737705 0.29713114754098363