0 0 0.5151515151515151 0 0.8545454545454545 0.1787878787878788 0.8545454545454545 0.18181818181818182 0.8575757575757575 0.31212121212121213 0.8575757575757575 0.3151515151515151 0.8606060606060606 0.4212121212121212 0.8606060606060606 0.42424242424242425 0.8636363636363636 0.5606060606060606 0.8636363636363636 0.5636363636363636 0.8666666666666667 0.6787878787878788 0.8666666666666667 0.6818181818181818 0.8696969696969697 0.7666666666666667 0.8696969696969697 0.7696969696969697 0.8727272727272727 0.8757575757575757 0.8727272727272727 0.8818181818181818 0.8636363636363636 0.8818181818181818 0.8303030303030303 0.8848484848484849 0.8272727272727273 0.8848484848484849 0.7878787878787878 0.8878787878787879 0.7848484848484848 0.8878787878787879 0.7636363636363637 0.8909090909090909 0.7606060606060606 0.8909090909090909 0.7121212121212122 0.8939393939393939 0.7090909090909091 0.8939393939393939 0.6454545454545455 0.896969696969697 0.6424242424242425 0.896969696969697 0.6121212121212121 0.9 0.6090909090909091 0.9 0.5878787878787879 0.9030303030303031 0.5848484848484848 0.9 0.5818181818181818 0.9 0.5636363636363636 0.8939393939393939 0.5575757575757576 0.8939393939393939 0.5545454545454546 0.8636363636363636 0.5545454545454546 0.8606060606060606 0.5515151515151515 0.796969696969697 0.5515151515151515 0.793939393939394 0.5484848484848485 0.7696969696969697 0.5484848484848485 0.7666666666666667 0.5454545454545454 0.7151515151515152 0.5454545454545454 0.7121212121212122 0.5424242424242425 0.5909090909090909 0.5424242424242425 0.5878787878787879 0.5393939393939394 0.5363636363636364 0.5393939393939394 0.5333333333333333 0.5363636363636364 0.47878787878787876 0.5363636363636364 0.47575757575757577 0.5333333333333333 0.4121212121212121 0.5333333333333333 0.4090909090909091 0.5303030303030303 0.40606060606060607 0.5333333333333333 0.36363636363636365 0.5333333333333333 0.3606060606060606 0.5303030303030303 0.30606060606060603 0.5303030303030303 0.30303030303030304 0.5272727272727272 0.23636363636363636 0.5272727272727272 0.23333333333333334 0.5242424242424243 0.21515151515151515 0.5242424242424243 0.21212121212121213 0.5212121212121212 0.20303030303030303 0.5212121212121212 0.2 0.5242424242424243 0.19696969696969696 0.5212121212121212 0.19090909090909092 0.5212121212121212 0.18787878787878787 0.5242424242424243 0.18181818181818182 0.5242424242424243 0.1787878787878788 0.5212121212121212 0.17575757575757575 0.5242424242424243 0.1484848484848485 0.5242424242424243 0.14545454545454545 0.5212121212121212 0.14242424242424243 0.5242424242424243 0.1303030303030303 0.5242424242424243 0.12727272727272726 0.5212121212121212 0.09090909090909091 0.5212121212121212 0.08787878787878788 0.5181818181818182 0.051515151515151514 0.5181818181818182 0.048484848484848485 0.5151515151515151
0 0 0.9030303030303031 0 0.996969696969697 0.6121212121212121 0.996969696969697 0.6181818181818182 0.990909090909091 0.6181818181818182 0.9787878787878788 0.6151515151515151 0.9757575757575757 0.6151515151515151 0.9727272727272728 0.6212121212121212 0.9666666666666667 0.6212121212121212 0.9636363636363636 0.6181818181818182 0.9606060606060606 0.6181818181818182 0.9424242424242424 0.6242424242424243 0.9363636363636364 0.6272727272727273 0.9363636363636364 0.6303030303030303 0.9393939393939394 0.6272727272727273 0.9424242424242424 0.6272727272727273 0.9545454545454546 0.6303030303030303 0.9545454545454546 0.6363636363636364 0.9606060606060606 0.6363636363636364 0.9636363636363636 0.6333333333333333 0.9666666666666667 0.6303030303030303 0.9666666666666667 0.6242424242424243 0.9757575757575757 0.6303030303030303 0.9757575757575757 0.6333333333333333 0.9787878787878788 0.6272727272727273 0.9848484848484849 0.6272727272727273 0.9878787878787879 0.6212121212121212 0.996969696969697 0.6606060606060606 0.996969696969697 0.6636363636363637 0.9878787878787879 0.6606060606060606 0.9848484848484849 0.6606060606060606 0.9787878787878788 0.6575757575757576 0.9757575757575757 0.6575757575757576 0.9696969696969697 0.6636363636363637 0.9606060606060606 0.6636363636363637 0.9515151515151515 0.6696969696969697 0.9454545454545454 0.6666666666666666 0.9424242424242424 0.6636363636363637 0.9424242424242424 0.6606060606060606 0.9454545454545454 0.6545454545454545 0.9393939393939394 0.6575757575757576 0.9363636363636364 0.6727272727272727 0.9363636363636364 0.6757575757575758 0.9393939393939394 0.7 0.9393939393939394 0.703030303030303 0.9424242424242424 0.696969696969697 0.9484848484848485 0.6787878787878788 0.9484848484848485 0.6696969696969697 0.9575757575757575 0.6727272727272727 0.9606060606060606 0.6727272727272727 0.9666666666666667 0.6666666666666666 0.9727272727272728 0.6666666666666666 0.9757575757575757 0.6696969696969697 0.9787878787878788 0.6696969696969697 0.996969696969697 0.8818181818181818 0.996969696969697 0.8818181818181818 0.9787878787878788 0.8848484848484849 0.9757575757575757 0.8848484848484849 0.9666666666666667 0.8878787878787879 0.9636363636363636 0.8878787878787879 0.9545454545454546 0.8848484848484849 0.9515151515151515 0.8848484848484849 0.9363636363636364 0.8818181818181818 0.9333333333333333 0.8818181818181818 0.9242424242424242 0.8757575757575757 0.9242424242424242 0.8727272727272727 0.9212121212121213 0.8666666666666667 0.9212121212121213 0.8636363636363636 0.9242424242424242 0.8121212121212121 0.9242424242424242 0.8090909090909091 0.9212121212121213 0.7333333333333333 0.9212121212121213 0.7303030303030303 0.9181818181818182 0.7242424242424242 0.9181818181818182 0.7212121212121212 0.9212121212121213 0.7181818181818181 0.9181818181818182 0.7151515151515152 0.9181818181818182 0.7121212121212122 0.9212121212121213 0.7090909090909091 0.9212121212121213 0.706060606060606 0.9181818181818182 0.703030303030303 0.9181818181818182 0.7 0.9212121212121213 0.6818181818181818 0.9212121212121213 0.6787878787878788 0.9181818181818182 0.5727272727272728 0.9181818181818182 0.5696969696969697 0.9151515151515152 0.5636363636363636 0.9151515151515152 0.5606060606060606 0.9181818181818182 0.5212121212121212 0.9181818181818182 0.5181818181818182 0.9151515151515152 0.509090909090909 0.9151515151515152 0.5060606060606061 0.9181818181818182 0.503030303030303 0.9181818181818182 0.5 0.9151515151515152 0.42727272727272725 0.9151515151515152 0.42424242424242425 0.9121212121212121 0.35454545454545455 0.9121212121212121 0.3515151515151515 0.9090909090909091 0.3 0.9090909090909091 0.296969696969697 0.9121212121212121 0.29393939393939394 0.9121212121212121 0.2909090909090909 0.9090909090909091 0.2727272727272727 0.9090909090909091 0.2696969696969697 0.9121212121212121 0.16363636363636364 0.9121212121212121 0.1606060606060606 0.9090909090909091 0.12424242424242424 0.9090909090909091 0.12121212121212122 0.906060606060606 0.10909090909090909 0.906060606060606 0.10606060606060606 0.9090909090909091 0.09393939393939393 0.9090909090909091 0.09090909090909091 0.906060606060606 0.08484848484848485 0.906060606060606 0.08181818181818182 0.9090909090909091 0.07575757575757576 0.9090909090909091 0.07272727272727272 0.906060606060606 0.048484848484848485 0.906060606060606 0.045454545454545456 0.9030303030303031
0 0.30606060606060603 0 0.38181818181818183 0 0.38484848484848483 0.0030303030303030303 0.41515151515151516 0.0030303030303030303 0.41818181818181815 0.006060606060606061 0.44242424242424244 0.006060606060606061 0.44545454545454544 0.00909090909090909 0.4909090909090909 0.00909090909090909 0.49393939393939396 0.012121212121212121 0.5242424242424243 0.012121212121212121 0.5272727272727272 0.015151515151515152 0.5575757575757576 0.015151515151515152 0.5606060606060606 0.01818181818181818 0.5969696969696969 0.01818181818181818 0.6 0.021212121212121213 0.6545454545454545 0.021212121212121213 0.6575757575757576 0.024242424242424242 0.696969696969697 0.024242424242424242 0.7 0.02727272727272727 0.7212121212121212 0.02727272727272727 0.7242424242424242 0.030303030303030304 0.7545454545454545 0.030303030303030304 0.7575757575757576 0.03333333333333333 0.793939393939394 0.03333333333333333 0.796969696969697 0.03636363636363636 0.8303030303030303 0.03636363636363636 0.8333333333333334 0.03939393939393939 0.8575757575757575 0.03939393939393939 0.8606060606060606 0.04242424242424243 0.9 0.04242424242424243 0.9030303030303031 0.045454545454545456 0.9848484848484849 0.045454545454545456 0.9848484848484849 0.04242424242424243 0.9878787878787879 0.03939393939393939 0.9878787878787879 0.012121212121212121 0.990909090909091 0.00909090909090909 0.990909090909091 0
0 0.996969696969697 0.5909090909090909 0.996969696969697 0.593939393939394 0.990909090909091 0.6 0.9878787878787879 0.6 0.9878787878787879 0.603030303030303 0.9848484848484849 0.6060606060606061 0.9848484848484849 0.6121212121212121 0.9818181818181818 0.6151515151515151 0.9818181818181818 0.6242424242424243 0.9787878787878788 0.6272727272727273 0.9787878787878788 0.6454545454545455 0.9757575757575757 0.6484848484848484 0.9757575757575757 0.6909090909090909 0.9727272727272728 0.693939393939394 0.9727272727272728 0.7 0.9696969696969697 0.703030303030303 0.9696969696969697 0.7303030303030303 0.9666666666666667 0.7333333333333333 0.9666666666666667 0.7484848484848485 0.9636363636363636 0.7515151515151515 0.9636363636363636 0.7696969696969697 0.9606060606060606 0.7727272727272727 0.9606060606060606 0.8212121212121212 0.9636363636363636 0.8242424242424242 0.9636363636363636 0.8333333333333334 0.9666666666666667 0.8363636363636363 0.9666666666666667 0.8424242424242424 0.9727272727272728 0.8424242424242424 0.9757575757575757 0.8454545454545455 0.990909090909091 0.8454545454545455 0.9939393939393939 0.8484848484848485 0.996969696969697 0.8484848484848485
0 0.9787878787878788 0.9181818181818182 0.9757575757575757 0.9212121212121213 0.9696969696969697 0.9212121212121213 0.9696969696969697 0.9303030303030303 0.9666666666666667 0.9333333333333333 0.9666666666666667 0.9636363636363636 0.9636363636363636 0.9666666666666667 0.9636363636363636 0.996969696969697 0.996969696969697 0.996969696969697 0.996969696969697 0.9212121212121213 0.990909090909091 0.9212121212121213 0.9878787878787879 0.9181818181818182
1 0.08484848484848485 0.08181818181818182 0.09393939393939393 0.09696969696969697 0.09393939393939393 0.10303030303030303 0.09696969696969697 0.10606060606060606 0.09696969696969697 0.10909090909090909 0.11212121212121212 0.12727272727272726 0.11212121212121212 0.1303030303030303 0.12727272727272726 0.15757575757575756 0.12727272727272726 0.16363636363636364 0.13333333333333333 0.17272727272727273 0.13333333333333333 0.1787878787878788 0.13636363636363635 0.18181818181818182 0.13636363636363635 0.18484848484848485 0.14545454545454545 0.19393939393939394 0.1484848484848485 0.20303030303030303 0.16363636363636364 0.22121212121212122 0.16666666666666666 0.23636363636363636 0.21212121212121213 0.2818181818181818 0.21515151515151515 0.2818181818181818 0.21818181818181817 0.28484848484848485 0.21818181818181817 0.2878787878787879 0.22121212121212122 0.2878787878787879 0.22424242424242424 0.2909090909090909 0.23333333333333334 0.29393939393939394 0.23939393939393938 0.3 0.24242424242424243 0.3 0.2515151515151515 0.3090909090909091 0.2545454545454545 0.3090909090909091 0.2787878787878788 0.3333333333333333 0.28484848484848485 0.3333333333333333 0.2878787878787879 0.33636363636363636 0.2909090909090909 0.33636363636363636 0.296969696969697 0.3424242424242424 0.3 0.3424242424242424 0.31212121212121213 0.35454545454545455 0.3151515151515151 0.35454545454545455 0.3212121212121212 0.3606060606060606 0.3212121212121212 0.36363636363636365 0.33636363636363636 0.3787878787878788 0.33636363636363636 0.38181818181818183 0.3393939393939394 0.38484848484848483 0.3393939393939394 0.3939393939393939 0.3424242424242424 0.396969696969697 0.3393939393939394 0.4 0.3393939393939394 0.42727272727272725 0.33636363636363636 0.4303030303030303 0.34545454545454546 0.4393939393939394 0.3606060606060606 0.4393939393939394 0.36363636363636365 0.44242424242424244 0.3787878787878788 0.44242424242424244 0.38181818181818183 0.4393939393939394 0.39090909090909093 0.4393939393939394 0.3939393939393939 0.44242424242424244 0.396969696969697 0.44242424242424244 0.4 0.4393939393939394 0.4212121212121212 0.4393939393939394 0.42424242424242425 0.43636363636363634 0.42727272727272725 0.43636363636363634 0.4303030303030303 0.4393939393939394 0.4393939393939394 0.4393939393939394 0.44242424242424244 0.44242424242424244 0.45151515151515154 0.44242424242424244 0.45454545454545453 0.44545454545454544 0.4727272727272727 0.44545454545454544 0.47575757575757577 0.4484848484848485 0.5060606060606061 0.4484848484848485 0.509090909090909 0.45151515151515154 0.5454545454545454 0.45151515151515154 0.5484848484848485 0.45454545454545453 0.6090909090909091 0.45454545454545453 0.6121212121212121 0.4575757575757576 0.6151515151515151 0.45454545454545453 0.6393939393939394 0.45454545454545453 0.6424242424242425 0.45151515151515154 0.6575757575757576 0.45151515151515154 0.6606060606060606 0.45454545454545453 0.6757575757575758 0.45454545454545453 0.6787878787878788 0.4575757575757576 0.693939393939394 0.4575757575757576 0.696969696969697 0.46060606060606063 0.7787878787878788 0.46060606060606063 0.7818181818181819 0.4575757575757576 0.8303030303030303 0.4575757575757576 0.8333333333333334 0.45454545454545453 0.8424242424242424 0.45454545454545453 0.8454545454545455 0.4575757575757576 0.9090909090909091 0.4575757575757576 0.9121212121212121 0.46060606060606063 0.9606060606060606 0.46060606060606063 0.9757575757575757 0.45151515151515154 0.9757575757575757 0.4484848484848485 0.9818181818181818 0.44242424242424244 0.9818181818181818 0.4393939393939394 0.9878787878787879 0.43333333333333335 0.9878787878787879 0.4303030303030303 0.990909090909091 0.42727272727272725 0.990909090909091 0.396969696969697 0.9939393939393939 0.3939393939393939 0.9939393939393939 0.3181818181818182 0.996969696969697 0.3151515151515151 0.996969696969697 0.1484848484848485 0.990909090909091 0.14242424242424243 0.9878787878787879 0.14242424242424243 0.9848484848484849 0.1393939393939394 0.9787878787878788 0.1393939393939394 0.9757575757575757 0.13636363636363635 0.9666666666666667 0.13636363636363635 0.9636363636363636 0.13333333333333333 0.9575757575757575 0.13333333333333333 0.9545454545454546 0.1303030303030303 0.9454545454545454 0.1303030303030303 0.9424242424242424 0.12727272727272726 0.9242424242424242 0.12727272727272726 0.9212121212121213 0.12424242424242424 0.8484848484848485 0.12424242424242424 0.8454545454545455 0.12121212121212122 0.8333333333333334 0.12121212121212122 0.8303030303030303 0.11818181818181818 0.8090909090909091 0.11818181818181818 0.806060606060606 0.11515151515151516 0.7606060606060606 0.11515151515151516 0.7575757575757576 0.11212121212121212 0.6575757575757576 0.11212121212121212 0.6545454545454545 0.10909090909090909 0.6151515151515151 0.10909090909090909 0.6121212121212121 0.10606060606060606 0.5818181818181818 0.10606060606060606 0.5787878787878787 0.10303030303030303 0.5575757575757576 0.10303030303030303 0.5545454545454546 0.1 0.509090909090909 0.1 0.5060606060606061 0.09696969696969697 0.4575757575757576 0.09696969696969697 0.45454545454545453 0.09393939393939393 0.4212121212121212 0.09393939393939393 0.41818181818181815 0.09090909090909091 0.37575757575757573 0.09090909090909091 0.37272727272727274 0.08787878787878788 0.33636363636363636 0.08787878787878788 0.3333333333333333 0.08484848484848485 0.296969696969697 0.08484848484848485 0.29393939393939394 0.08181818181818182 0.21818181818181817 0.08181818181818182 0.21515151515151515 0.07878787878787878 0.17272727272727273 0.07878787878787878 0.1696969696969697 0.07575757575757576 0.13333333333333333 0.07575757575757576 0.1303030303030303 0.07272727272727272 0.09393939393939393 0.07272727272727272 0.09393939393939393 0.07878787878787878 0.09090909090909091 0.08181818181818182
1 0 0.07575757575757576 0 0.4303030303030303 0.0030303030303030303 0.4303030303030303 0.006060606060606061 0.43333333333333335 0.06666666666666667 0.43333333333333335 0.0696969696969697 0.43636363636363634 0.1484848484848485 0.43636363636363634 0.15151515151515152 0.4393939393939394 0.20909090909090908 0.4393939393939394 0.21212121212121213 0.44242424242424244 0.23030303030303031 0.44242424242424244 0.23333333333333334 0.4393939393939394 0.24242424242424243 0.4393939393939394 0.24545454545454545 0.43636363636363634 0.2545454545454545 0.43636363636363634 0.25757575757575757 0.43333333333333335 0.2696969696969697 0.43333333333333335 0.2727272727272727 0.4303030303030303 0.2818181818181818 0.4303030303030303 0.28484848484848485 0.42727272727272725 0.29393939393939394 0.42727272727272725 0.296969696969697 0.42424242424242425 0.3 0.42424242424242425 0.296969696969697 0.4212121212121212 0.2909090909090909 0.4212121212121212 0.28484848484848485 0.41515151515151516 0.28484848484848485 0.40606060606060607 0.2818181818181818 0.40606060606060607 0.2787878787878788 0.403030303030303 0.27575757575757576 0.403030303030303 0.2727272727272727 0.4 0.2727272727272727 0.396969696969697 0.2696969696969697 0.396969696969697 0.2636363636363636 0.39090909090909093 0.2606060606060606 0.39090909090909093 0.24848484848484848 0.3787878787878788 0.24848484848484848 0.37575757575757573 0.24545454545454545 0.37575757575757573 0.21818181818181817 0.3484848484848485 0.21515151515151515 0.3484848484848485 0.20909090909090908 0.3424242424242424 0.20606060606060606 0.3424242424242424 0.20303030303030303 0.3393939393939394 0.2 0.3393939393939394 0.19696969696969696 0.33636363636363636 0.19090909090909092 0.33636363636363636 0.18787878787878787 0.3333333333333333 0.18484848484848485 0.3333333333333333 0.17575757575757575 0.3242424242424242 0.17272727272727273 0.3242424242424242 0.1606060606060606 0.31212121212121213 0.15757575757575756 0.31212121212121213 0.13333333333333333 0.2878787878787879 0.13333333333333333 0.28484848484848485 0.12727272727272726 0.2787878787878788 0.12727272727272726 0.27575757575757576 0.12424242424242424 0.2727272727272727 0.12424242424242424 0.2696969696969697 0.12121212121212122 0.26666666666666666 0.12121212121212122 0.2636363636363636 0.11818181818181818 0.2606060606060606 0.11818181818181818 0.25757575757575757 0.11515151515151516 0.2545454545454545 0.11515151515151516 0.2515151515151515 0.11212121212121212 0.24848484848484848 0.11212121212121212 0.24545454545454545 0.10303030303030303 0.23636363636363636 0.10303030303030303 0.23030303030303031 0.1 0.22727272727272727 0.1 0.22424242424242424 0.09696969696969697 0.22121212121212122 0.09696969696969697 0.21818181818181817 0.09090909090909091 0.21212121212121213 0.09090909090909091 0.20909090909090908 0.08484848484848485 0.20303030303030303 0.08484848484848485 0.19696969696969696 0.08181818181818182 0.19393939393939394 0.08181818181818182 0.19090909090909092 0.07575757575757576 0.18484848484848485 0.07575757575757576 0.18181818181818182 0.07272727272727272 0.1787878787878788 0.07272727272727272 0.17575757575757575 0.0696969696969697 0.17272727272727273 0.0696969696969697 0.1696969696969697 0.06666666666666667 0.16666666666666666 0.06666666666666667 0.1606060606060606 0.06363636363636363 0.15757575757575756 0.06363636363636363 0.15151515151515152 0.06060606060606061 0.1484848484848485 0.06060606060606061 0.14545454545454545 0.05757575757575758 0.14242424242424243 0.05757575757575758 0.1393939393939394 0.051515151515151514 0.13333333333333333 0.051515151515151514 0.1303030303030303 0.045454545454545456 0.12424242424242424 0.045454545454545456 0.12121212121212122 0.03939393939393939 0.11515151515151516 0.03939393939393939 0.11212121212121212 0.03333333333333333 0.10606060606060606 0.03333333333333333 0.1 0.03636363636363636 0.09696969696969697 0.03939393939393939 0.09696969696969697 0.04242424242424243 0.09393939393939393 0.030303030303030304 0.08181818181818182 0.021212121212121213 0.08181818181818182 0.01818181818181818 0.07878787878787878 0.006060606060606061 0.07878787878787878 0.0030303030303030303 0.07575757575757576
2 0 0 0 0.06363636363636363 0.015151515151515152 0.06666666666666667 0.045454545454545456 0.09393939393939393 0.03636363636363636 0.1 0.03636363636363636 0.10606060606060606 0.06060606060606061 0.1393939393939394 0.06666666666666667 0.15151515151515152 0.0696969696969697 0.16666666666666666 0.07878787878787878 0.18484848484848485 0.08484848484848485 0.19090909090909092 0.08787878787878788 0.20303030303030303 0.1 0.21818181818181817 0.10606060606060606 0.23030303030303031 0.10606060606060606 0.23636363636363636 0.11515151515151516 0.24545454545454545 0.13636363636363635 0.2878787878787879 0.15757575757575756 0.3090909090909091 0.1606060606060606 0.3090909090909091 0.18484848484848485 0.3303030303030303 0.19696969696969696 0.3333333333333333 0.21818181818181817 0.34545454545454546 0.24545454545454545 0.37272727272727274 0.24848484848484848 0.37272727272727274 0.2606060606060606 0.3878787878787879 0.2878787878787879 0.40606060606060607 0.2878787878787879 0.41515151515151516 0.2909090909090909 0.41818181818181815 0.296969696969697 0.41818181818181815 0.30303030303030304 0.42424242424242425 0.30303030303030304 0.4303030303030303 0.3 0.43333333333333335 0.3 0.4484848484848485 0.3242424242424242 0.4818181818181818 0.3303030303030303 0.4818181818181818 0.3484848484848485 0.49393939393939396 0.36666666666666664 0.49696969696969695 0.37272727272727274 0.503030303030303 0.39090909090909093 0.5060606060606061 0.4121212121212121 0.5303030303030303 0.47575757575757577 0.5303030303030303 0.47878787878787876 0.5333333333333333 0.5333333333333333 0.5333333333333333 0.5363636363636364 0.5363636363636364 0.5878787878787879 0.5363636363636364 0.5909090909090909 0.5393939393939394 0.7121212121212122 0.5393939393939394 0.7151515151515152 0.5424242424242425 0.7666666666666667 0.5424242424242425 0.7696969696969697 0.5454545454545454 0.793939393939394 0.5454545454545454 0.796969696969697 0.5484848484848485 0.8606060606060606 0.5484848484848485 0.8636363636363636 0.5515151515151515 0.8939393939393939 0.5515151515151515 0.9030303030303031 0.5636363636363636 0.9030303030303031 0.5818181818181818 0.906060606060606 0.5818181818181818 0.9242424242424242 0.6 0.9393939393939394 0.6242424242424243 0.9393939393939394 0.6333333333333333 0.9303030303030303 0.6454545454545455 0.9151515151515152 0.6757575757575758 0.9151515151515152 0.706060606060606 0.9212121212121213 0.7121212121212122 0.9212121212121213 0.7212121212121212 0.9272727272727272 0.7303030303030303 0.9272727272727272 0.7363636363636363 0.9393939393939394 0.7515151515151515 0.9393939393939394 0.7696969696969697 0.9363636363636364 0.7727272727272727 0.9363636363636364 0.7818181818181819 0.9272727272727272 0.796969696969697 0.9272727272727272 0.806060606060606 0.9333333333333333 0.8121212121212121 0.9333333333333333 0.8242424242424242 0.9393939393939394 0.8393939393939394 0.9363636363636364 0.8424242424242424 0.9393939393939394 0.8484848484848485 0.9393939393939394 0.8606060606060606 0.9424242424242424 0.8636363636363636 0.9424242424242424 0.8696969696969697 0.9484848484848485 0.8757575757575757 0.9484848484848485 0.9030303030303031 0.9454545454545454 0.906060606060606 0.9454545454545454 0.9303030303030303 0.9424242424242424 0.9333333333333333 0.9393939393939394 0.990909090909091 0.9363636363636364 0.996969696969697 0.9606060606060606 0.996969696969697 0.9606060606060606 0.9666666666666667 0.9636363636363636 0.9636363636363636 0.9636363636363636 0.9333333333333333 0.9666666666666667 0.9303030303030303 0.9666666666666667 0.9212121212121213 0.9787878787878788 0.9151515151515152 0.9878787878787879 0.9151515151515152 0.9878787878787879 0.9090909090909091 0.996969696969697 0.8939393939393939 0.996969696969697 0.8606060606060606 0.990909090909091 0.8545454545454545 0.990909090909091 0.8484848484848485 0.9757575757575757 0.8484848484848485 0.9727272727272728 0.8454545454545455 0.9666666666666667 0.8454545454545455 0.9575757575757575 0.8212121212121212 0.9575757575757575 0.7727272727272727 0.9606060606060606 0.7696969696969697 0.9606060606060606 0.7515151515151515 0.9636363636363636 0.7484848484848485 0.9636363636363636 0.7333333333333333 0.9666666666666667 0.7303030303030303 0.9636363636363636 0.6787878787878788 0.9727272727272728 0.6666666666666666 0.9757575757575757 0.6272727272727273 0.9848484848484849 0.603030303030303 0.9848484848484849 0.593939393939394 0.9757575757575757 0.5787878787878787 0.9727272727272728 0.5636363636363636 0.9666666666666667 0.5606060606060606 0.9545454545454546 0.5424242424242425 0.9424242424242424 0.5333333333333333 0.9212121212121213 0.5272727272727272 0.9151515151515152 0.5212121212121212 0.9090909090909091 0.5212121212121212 0.906060606060606 0.5181818181818182 0.8363636363636363 0.5151515151515151 0.8272727272727273 0.509090909090909 0.796969696969697 0.5121212121212121 0.7818181818181819 0.503030303030303 0.7727272727272727 0.503030303030303 0.7636363636363637 0.49696969696969695 0.7575757575757576 0.49696969696969695 0.7545454545454545 0.5 0.7242424242424242 0.5 0.7121212121212122 0.4909090909090909 0.696969696969697 0.4909090909090909 0.693939393939394 0.48787878787878786 0.6878787878787879 0.48787878787878786 0.6848484848484848 0.4909090909090909 0.6696969696969697 0.4909090909090909 0.6636363636363637 0.49696969696969695 0.6575757575757576 0.49696969696969695 0.6545454545454545 0.49393939393939396 0.6484848484848484 0.49393939393939396 0.6424242424242425 0.48787878787878786 0.6303030303030303 0.48787878787878786 0.6272727272727273 0.48484848484848486 0.5727272727272728 0.48484848484848486 0.5575757575757576 0.49393939393939396 0.5484848484848485 0.49393939393939396 0.5424242424242425 0.5 0.5363636363636364 0.5 0.5333333333333333 0.503030303030303 0.4727272727272727 0.5 0.4696969696969697 0.49696969696969695 0.46060606060606063 0.49696969696969695 0.44242424242424244 0.4696969696969697 0.4303030303030303 0.4636363636363636 0.42727272727272725 0.4575757575757576 0.41818181818181815 0.4575757575757576 0.40606060606060607 0.4484848484848485 0.4 0.4484848484848485 0.39090909090909093 0.44242424242424244 0.38181818181818183 0.44242424242424244 0.3787878787878788 0.44545454545454544 0.34545454545454546 0.44242424242424244 0.3333333333333333 0.4303030303030303 0.33636363636363636 0.42727272727272725 0.33636363636363636 0.4 0.3393939393939394 0.396969696969697 0.33636363636363636 0.3939393939393939 0.33636363636363636 0.38484848484848483 0.3181818181818182 0.3606060606060606 0.2909090909090909 0.3393939393939394 0.2787878787878788 0.33636363636363636 0.24242424242424243 0.30303030303030304 0.21818181818181817 0.2909090909090909 0.21515151515151515 0.28484848484848485 0.21212121212121213 0.28484848484848485 0.16363636363636364 0.23636363636363636 0.1606060606060606 0.22121212121212122 0.13333333333333333 0.18484848484848485 0.1303030303030303 0.17272727272727273 0.12424242424242424 0.16363636363636364 0.12424242424242424 0.15757575757575756 0.10909090909090909 0.12727272727272726 0.09090909090909091 0.10303030303030303 0.09090909090909091 0.09696969696969697 0.08181818181818182 0.08181818181818182 0.08484848484848485 0.07878787878787878 0.09090909090909091 0.07878787878787878 0.09393939393939393 0.06666666666666667 0.07272727272727272 0.04242424242424243 0.06666666666666667 0.024242424242424242 0.06363636363636363 0.024242424242424242 0.051515151515151514 0.012121212121212121 0.03939393939393939 0.00909090909090909 0.02727272727272727 0
2 0.030303030303030304 0.6575757575757576 0.030303030303030304 0.6636363636363637 0.03636363636363636 0.6696969696969697 0.03636363636363636 0.6757575757575758 0.03333333333333333 0.6787878787878788 0.030303030303030304 0.6787878787878788 0.02727272727272727 0.6818181818181818 0.024242424242424242 0.6818181818181818 0.024242424242424242 0.6878787878787879 0.030303030303030304 0.6878787878787879 0.03333333333333333 0.6848484848484848 0.03636363636363636 0.6848484848484848 0.045454545454545456 0.6787878787878788 0.048484848484848485 0.6787878787878788 0.05757575757575758 0.6848484848484848 0.06363636363636363 0.6848484848484848 0.0696969696969697 0.6909090909090909 0.0696969696969697 0.696969696969697 0.07272727272727272 0.7 0.07272727272727272 0.703030303030303 0.07575757575757576 0.703030303030303 0.08484848484848485 0.7121212121212122 0.08484848484848485 0.7151515151515152 0.08787878787878788 0.7151515151515152 0.09696969696969697 0.7242424242424242 0.09696969696969697 0.7272727272727273 0.10303030303030303 0.7333333333333333 0.10303030303030303 0.7393939393939394 0.11212121212121212 0.7484848484848485 0.11515151515151516 0.7484848484848485 0.12121212121212122 0.7545454545454545 0.12727272727272726 0.7545454545454545 0.1303030303030303 0.7575757575757576 0.13333333333333333 0.7575757575757576 0.14242424242424243 0.7666666666666667 0.14545454545454545 0.7666666666666667 0.1484848484848485 0.7696969696969697 0.15454545454545454 0.7696969696969697 0.16363636363636364 0.7757575757575758 0.1696969696969697 0.7757575757575758 0.17272727272727273 0.7787878787878788 0.1787878787878788 0.7787878787878788 0.18181818181818182 0.7757575757575758 0.19090909090909092 0.7757575757575758 0.19696969696969696 0.7818181818181819 0.2 0.7818181818181819 0.20909090909090908 0.7909090909090909 0.21212121212121213 0.7909090909090909 0.21818181818181817 0.796969696969697 0.22121212121212122 0.796969696969697 0.23030303030303031 0.806060606060606 0.23030303030303031 0.8090909090909091 0.2515151515151515 0.8090909090909091 0.2545454545454545 0.8121212121212121 0.2545454545454545 0.8151515151515152 0.2696969696969697 0.8151515151515152 0.2727272727272727 0.8181818181818182 0.3 0.8181818181818182 0.30606060606060603 0.8121212121212121 0.32727272727272727 0.8121212121212121 0.3303030303030303 0.8151515151515152 0.3333333333333333 0.8151515151515152 0.33636363636363636 0.8181818181818182 0.3393939393939394 0.8181818181818182 0.3424242424242424 0.8212121212121212 0.3424242424242424 0.8242424242424242 0.35454545454545455 0.8363636363636363 0.35454545454545455 0.8393939393939394 0.3575757575757576 0.8393939393939394 0.3575757575757576 0.8333333333333334 0.35454545454545455 0.8303030303030303 0.35454545454545455 0.8272727272727273 0.34545454545454546 0.8181818181818182 0.34545454545454546 0.8151515151515152 0.3424242424242424 0.8151515151515152 0.3393939393939394 0.8121212121212121 0.3333333333333333 0.8121212121212121 0.3212121212121212 0.8 0.3181818181818182 0.8 0.3151515151515151 0.803030303030303 0.31212121212121213 0.803030303030303 0.31212121212121213 0.806060606060606 0.3090909090909091 0.8090909090909091 0.30303030303030304 0.8090909090909091 0.3 0.8121212121212121 0.2909090909090909 0.8121212121212121 0.2878787878787879 0.8151515151515152 0.27575757575757576 0.8151515151515152 0.2727272727272727 0.8121212121212121 0.2636363636363636 0.8121212121212121 0.25757575757575757 0.806060606060606 0.25757575757575757 0.803030303030303 0.23333333333333334 0.803030303030303 0.22727272727272727 0.793939393939394 0.22424242424242424 0.793939393939394 0.21515151515151515 0.7848484848484848 0.21212121212121213 0.7848484848484848 0.20909090909090908 0.7818181818181819 0.20606060606060606 0.7818181818181819 0.20303030303030303 0.7787878787878788 0.2 0.7787878787878788 0.19393939393939394 0.7727272727272727 0.1787878787878788 0.7727272727272727 0.17575757575757575 0.7757575757575758 0.1696969696969697 0.7696969696969697 0.1606060606060606 0.7696969696969697 0.15757575757575756 0.7666666666666667 0.15151515151515152 0.7666666666666667 0.1484848484848485 0.7636363636363637 0.14545454545454545 0.7636363636363637 0.13333333333333333 0.7515151515151515 0.12727272727272726 0.7515151515151515 0.11818181818181818 0.7454545454545455 0.11212121212121212 0.7454545454545455 0.10606060606060606 0.7363636363636363 0.10606060606060606 0.7303030303030303 0.10303030303030303 0.7272727272727273 0.10303030303030303 0.7242424242424242 0.09393939393939393 0.7151515151515152 0.09090909090909091 0.7151515151515152 0.08787878787878788 0.7121212121212122 0.08787878787878788 0.7090909090909091 0.08484848484848485 0.706060606060606 0.08484848484848485 0.703030303030303 0.08787878787878788 0.7 0.09090909090909091 0.7 0.09696969696969697 0.706060606060606 0.1 0.706060606060606 0.10909090909090909 0.7121212121212122 0.12121212121212122 0.7121212121212122 0.1303030303030303 0.7181818181818181 0.18484848484848485 0.7181818181818181 0.18787878787878787 0.7212121212121212 0.19393939393939394 0.7212121212121212 0.19696969696969696 0.7242424242424242 0.20606060606060606 0.7242424242424242 0.20909090909090908 0.7212121212121212 0.23636363636363636 0.7212121212121212 0.23939393939393938 0.7181818181818181 0.24545454545454545 0.7181818181818181 0.24848484848484848 0.7151515151515152 0.2515151515151515 0.7151515151515152 0.2545454545454545 0.7181818181818181 0.2818181818181818 0.7181818181818181 0.28484848484848485 0.7212121212121212 0.296969696969697 0.7212121212121212 0.3 0.7242424242424242 0.31212121212121213 0.7242424242424242 0.3212121212121212 0.7303030303030303 0.3303030303030303 0.7303030303030303 0.33636363636363636 0.7363636363636363 0.3393939393939394 0.7363636363636363 0.3515151515151515 0.7484848484848485 0.35454545454545455 0.7484848484848485 0.3575757575757576 0.7515151515151515 0.3606060606060606 0.7515151515151515 0.3787878787878788 0.7696969696969697 0.38181818181818183 0.7696969696969697 0.38484848484848483 0.7727272727272727 0.3878787878787879 0.7727272727272727 0.3939393939393939 0.7787878787878788 0.396969696969697 0.7787878787878788 0.396969696969697 0.7727272727272727 0.3939393939393939 0.7727272727272727 0.39090909090909093 0.7696969696969697 0.38484848484848483 0.7696969696969697 0.3787878787878788 0.7636363636363637 0.37575757575757573 0.7636363636363637 0.3696969696969697 0.7575757575757576 0.3696969696969697 0.7545454545454545 0.36666666666666664 0.7545454545454545 0.3575757575757576 0.7454545454545455 0.35454545454545455 0.7454545454545455 0.3515151515151515 0.7424242424242424 0.3515151515151515 0.7393939393939394 0.3484848484848485 0.7393939393939394 0.3393939393939394 0.7303030303030303 0.3333333333333333 0.7303030303030303 0.3303030303030303 0.7272727272727273 0.3242424242424242 0.7272727272727273 0.3151515151515151 0.7212121212121212 0.3 0.7212121212121212 0.296969696969697 0.7181818181818181 0.2909090909090909 0.7181818181818181 0.2878787878787879 0.7151515151515152 0.2606060606060606 0.7151515151515152 0.25757575757575757 0.7121212121212122 0.24848484848484848 0.7121212121212122 0.24545454545454545 0.7151515151515152 0.22727272727272727 0.7151515151515152 0.22424242424242424 0.7181818181818181 0.21818181818181817 0.7181818181818181 0.21515151515151515 0.7212121212121212 0.20303030303030303 0.7212121212121212 0.2 0.7181818181818181 0.19393939393939394 0.7181818181818181 0.19090909090909092 0.7151515151515152 0.13333333333333333 0.7151515151515152 0.1303030303030303 0.7121212121212122 0.12424242424242424 0.7121212121212122 0.12121212121212122 0.7090909090909091 0.10909090909090909 0.7090909090909091 0.10303030303030303 0.703030303030303 0.1 0.703030303030303 0.09393939393939393 0.696969696969697 0.09090909090909091 0.696969696969697 0.08787878787878788 0.693939393939394 0.08484848484848485 0.693939393939394 0.07878787878787878 0.6848484848484848 0.06666666666666667 0.6848484848484848 0.06363636363636363 0.6818181818181818 0.06060606060606061 0.6818181818181818 0.05757575757575758 0.6787878787878788 0.05454545454545454 0.6787878787878788 0.051515151515151514 0.6757575757575758 0.048484848484848485 0.6757575757575758 0.03939393939393939 0.6666666666666666 0.04242424242424243 0.6636363636363637 0.04242424242424243 0.6606060606060606 0.06060606060606061 0.6424242424242425 0.06060606060606061 0.6393939393939394 0.06666666666666667 0.6333333333333333 0.0696969696969697 0.6333333333333333 0.0696969696969697 0.6303030303030303 0.07272727272727272 0.6272727272727273 0.07272727272727272 0.6121212121212121 0.07575757575757576 0.6090909090909091 0.08181818181818182 0.6090909090909091 0.08181818181818182 0.6060606060606061 0.09090909090909091 0.6 0.09090909090909091 0.5909090909090909 0.09393939393939393 0.5878787878787879 0.09696969696969697 0.5878787878787879 0.09696969696969697 0.5848484848484848 0.1 0.5818181818181818 0.1 0.5757575757575758 0.09696969696969697 0.5787878787878787 0.09393939393939393 0.5787878787878787 0.08484848484848485 0.5878787878787879 0.08181818181818182 0.5878787878787879 0.07878787878787878 0.5909090909090909 0.07878787878787878 0.6 0.0696969696969697 0.6060606060606061 0.0696969696969697 0.6151515151515151 0.06060606060606061 0.6242424242424243 0.06060606060606061 0.6303030303030303 0.05454545454545454 0.6363636363636364 0.05454545454545454 0.6393939393939394 0.045454545454545456 0.6454545454545455 0.045454545454545456 0.6484848484848484 0.03939393939393939 0.6545454545454545 0.03939393939393939 0.6575757575757576 0.03636363636363636 0.6606060606060606 0.03333333333333333 0.6575757575757576
2 0.7 0.9424242424242424 0.6757575757575758 0.9424242424242424 0.6727272727272727 0.9393939393939394 0.6575757575757576 0.9393939393939394 0.6606060606060606 0.9424242424242424 0.6636363636363637 0.9393939393939394 0.6666666666666666 0.9393939393939394 0.6727272727272727 0.9454545454545454 0.6666666666666666 0.9515151515151515 0.6666666666666666 0.9606060606060606 0.6636363636363637 0.9636363636363636 0.6636363636363637 0.9666666666666667 0.6606060606060606 0.9696969696969697 0.6606060606060606 0.9757575757575757 0.6636363636363637 0.9787878787878788 0.6636363636363637 0.9848484848484849 0.6666666666666666 0.9878787878787879 0.6666666666666666 0.990909090909091 0.6636363636363637 0.9939393939393939 0.6636363636363637 0.996969696969697 0.6666666666666666 0.996969696969697 0.6666666666666666 0.9787878787878788 0.6636363636363637 0.9757575757575757 0.6636363636363637 0.9727272727272728 0.6696969696969697 0.9666666666666667 0.6696969696969697 0.9606060606060606 0.6666666666666666 0.9575757575757575 0.6787878787878788 0.9454545454545454 0.696969696969697 0.9454545454545454
2 0.6272727272727273 0.9393939393939394 0.6242424242424243 0.9393939393939394 0.6212121212121212 0.9424242424242424 0.6212121212121212 0.9606060606060606 0.6242424242424243 0.9636363636363636 0.6242424242424243 0.9666666666666667 0.6181818181818182 0.9727272727272728 0.6181818181818182 0.9757575757575757 0.6212121212121212 0.9787878787878788 0.6212121212121212 0.990909090909091 0.6151515151515151 0.996969696969697 0.6181818181818182 0.996969696969697 0.6212121212121212 0.9939393939393939 0.6212121212121212 0.990909090909091 0.6242424242424243 0.9878787878787879 0.6242424242424243 0.9848484848484849 0.6303030303030303 0.9787878787878788 0.6242424242424243 0.9787878787878788 0.6212121212121212 0.9757575757575757 0.6242424242424243 0.9727272727272728 0.6242424242424243 0.9696969696969697 0.6303030303030303 0.9636363636363636 0.6333333333333333 0.9636363636363636 0.6333333333333333 0.9606060606060606 0.6303030303030303 0.9575757575757575 0.6272727272727273 0.9575757575757575 0.6242424242424243 0.9545454545454546 0.6242424242424243 0.9424242424242424