0 0.9967532467532467 0.11688311688311688 0.9935064935064936 0.12012987012987013 0.9837662337662337 0.12012987012987013 0.9805194805194806 0.12337662337662338 0.9707792207792207 0.12337662337662338 0.9675324675324676 0.1266233766233766 0.8896103896103896 0.1266233766233766 0.8863636363636364 0.12337662337662338 0.8766233766233766 0.12337662337662338 0.8733766233766234 0.12012987012987013 0.8538961038961039 0.12012987012987013 0.8506493506493507 0.12337662337662338 0.8376623376623377 0.12337662337662338 0.8344155844155844 0.1266233766233766 0.827922077922078 0.1266233766233766 0.8246753246753247 0.12337662337662338 0.8181818181818182 0.12337662337662338 0.814935064935065 0.12012987012987013 0.8051948051948052 0.12012987012987013 0.801948051948052 0.11688311688311688 0.7954545454545454 0.11688311688311688 0.7792207792207793 0.1266233766233766 0.7694805194805194 0.1266233766233766 0.7597402597402597 0.12012987012987013 0.7435064935064936 0.12012987012987013 0.7402597402597403 0.12337662337662338 0.7337662337662337 0.12337662337662338 0.7305194805194806 0.1266233766233766 0.6753246753246753 0.1266233766233766 0.672077922077922 0.12987012987012986 0.6428571428571429 0.12987012987012986 0.6396103896103896 0.1331168831168831 0.6136363636363636 0.1331168831168831 0.6103896103896104 0.13636363636363635 0.5844155844155844 0.13636363636363635 0.5811688311688312 0.1331168831168831 0.5746753246753247 0.1331168831168831 0.5681818181818182 0.1266233766233766 0.564935064935065 0.1266233766233766 0.5551948051948052 0.12012987012987013 0.5487012987012987 0.12012987012987013 0.5454545454545454 0.12337662337662338 0.525974025974026 0.12337662337662338 0.5227272727272727 0.1266233766233766 0.5 0.1266233766233766 0.4967532467532468 0.12987012987012986 0.4675324675324675 0.12987012987012986 0.4642857142857143 0.1331168831168831 0.45454545454545453 0.1331168831168831 0.4512987012987013 0.12987012987012986 0.44155844155844154 0.12987012987012986 0.4383116883116883 0.1266233766233766 0.42857142857142855 0.1266233766233766 0.4253246753246753 0.12337662337662338 0.41883116883116883 0.12337662337662338 0.4155844155844156 0.1266233766233766 0.37987012987012986 0.1266233766233766 0.37662337662337664 0.12987012987012986 0.36688311688311687 0.12987012987012986 0.36363636363636365 0.1331168831168831 0.3538961038961039 0.1331168831168831 0.35064935064935066 0.13636363636363635 0.34415584415584416 0.13636363636363635 0.3409090909090909 0.1396103896103896 0.3344155844155844 0.1396103896103896 0.33116883116883117 0.14285714285714285 0.32142857142857145 0.14285714285714285 0.3181818181818182 0.1461038961038961 0.30194805194805197 0.1461038961038961 0.2987012987012987 0.14285714285714285 0.2727272727272727 0.14285714285714285 0.2694805194805195 0.1461038961038961 0.2564935064935065 0.1461038961038961 0.2532467532467532 0.14935064935064934 0.17857142857142858 0.14935064935064934 0.17532467532467533 0.1525974025974026 0.1461038961038961 0.1525974025974026 0.14285714285714285 0.14935064935064934 0.12012987012987013 0.14935064935064934 0.11688311688311688 0.1525974025974026 0.10064935064935066 0.15584415584415584 0.09090909090909091 0.16233766233766234 0.07792207792207792 0.16233766233766234 0.06818181818181818 0.17207792207792208 0.06493506493506493 0.17207792207792208 0.06493506493506493 0.17532467532467533 0.05844155844155844 0.18181818181818182 0.05844155844155844 0.19805194805194806 0.06168831168831169 0.2012987012987013 0.06168831168831169 0.2305194805194805 0.05519480519480519 0.237012987012987 0.05519480519480519 0.2435064935064935 0.05194805194805195 0.24675324675324675 0.05194805194805195 0.2532467532467532 0.05519480519480519 0.2564935064935065 0.05519480519480519 0.2727272727272727 0.045454545454545456 0.288961038961039 0.045454545454545456 0.29545454545454547 0.048701298701298704 0.2987012987012987 0.048701298701298704 0.30844155844155846 0.05194805194805195 0.3116883116883117 0.05194805194805195 0.3181818181818182 0.05519480519480519 0.32142857142857145 0.05519480519480519 0.33766233766233766 0.045454545454545456 0.3538961038961039 0.048701298701298704 0.35714285714285715 0.048701298701298704 0.37012987012987014 0.05194805194805195 0.37337662337662336 0.05194805194805195 0.38311688311688313 0.048701298701298704 0.38636363636363635 0.05519480519480519 0.39285714285714285 0.05519480519480519 0.39935064935064934 0.05194805194805195 0.4025974025974026 0.05194805194805195 0.41233766233766234 0.04220779220779221 0.4253246753246753 0.045454545454545456 0.42857142857142855 0.048701298701298704 0.4383116883116883 0.05844155844155844 0.4383116883116883 0.06168831168831169 0.44155844155844154 0.06493506493506493 0.44155844155844154 0.07142857142857142 0.4512987012987013 0.07792207792207792 0.4512987012987013 0.08116883116883117 0.44805194805194803 0.08766233766233766 0.44805194805194803 0.09090909090909091 0.4512987012987013 0.11363636363636363 0.4512987012987013 0.11688311688311688 0.45454545454545453 0.1266233766233766 0.4512987012987013 0.12987012987012986 0.45454545454545453 0.13636363636363635 0.45454545454545453 0.1396103896103896 0.4577922077922078 0.14935064935064934 0.4577922077922078 0.1525974025974026 0.461038961038961 0.16558441558441558 0.461038961038961 0.16883116883116883 0.4577922077922078 0.17532467532467533 0.4577922077922078 0.18506493506493507 0.4512987012987013 0.19805194805194806 0.4512987012987013 0.2012987012987013 0.45454545454545453 0.22727272727272727 0.45454545454545453 0.2305194805194805 0.4577922077922078 0.2435064935064935 0.4577922077922078 0.24675324675324675 0.461038961038961 0.25 0.461038961038961 0.2532467532467532 0.4577922077922078 0.262987012987013 0.4577922077922078 0.2662337662337662 0.461038961038961 0.2792207792207792 0.461038961038961 0.2824675324675325 0.4642857142857143 0.32792207792207795 0.4642857142857143 0.33116883116883117 0.461038961038961 0.37012987012987014 0.461038961038961 0.37337662337662336 0.4577922077922078 0.37662337662337664 0.4577922077922078 0.37987012987012986 0.45454545454545453 0.38636363636363635 0.45454545454545453 0.3961038961038961 0.44805194805194803 0.42857142857142855 0.44805194805194803 0.4318181818181818 0.4512987012987013 0.4383116883116883 0.4512987012987013 0.44155844155844154 0.45454545454545453 0.461038961038961 0.45454545454545453 0.4642857142857143 0.4577922077922078 0.487012987012987 0.4577922077922078 0.4902597402597403 0.461038961038961 0.5064935064935064 0.461038961038961 0.5097402597402597 0.4577922077922078 0.5194805194805194 0.4577922077922078 0.5227272727272727 0.45454545454545453 0.5357142857142857 0.45454545454545453 0.538961038961039 0.4512987012987013 0.551948051948052 0.4512987012987013 0.5551948051948052 0.44805194805194803 0.5746753246753247 0.44805194805194803 0.577922077922078 0.4512987012987013 0.5876623376623377 0.4512987012987013 0.5909090909090909 0.45454545454545453 0.5974025974025974 0.45454545454545453 0.6006493506493507 0.4577922077922078 0.6103896103896104 0.4577922077922078 0.6136363636363636 0.45454545454545453 0.6428571428571429 0.45454545454545453 0.6461038961038961 0.4512987012987013 0.6753246753246753 0.4512987012987013 0.6785714285714286 0.45454545454545453 0.6883116883116883 0.45454545454545453 0.6915584415584416 0.4577922077922078 0.7207792207792207 0.4577922077922078 0.724025974025974 0.45454545454545453 0.7402597402597403 0.45454545454545453 0.7435064935064936 0.4512987012987013 0.7597402597402597 0.4512987012987013 0.762987012987013 0.44805194805194803 0.7824675324675324 0.44805194805194803 0.8051948051948052 0.461038961038961 0.8084415584415584 0.4577922077922078 0.814935064935065 0.4577922077922078 0.8181818181818182 0.45454545454545453 0.827922077922078 0.45454545454545453 0.8311688311688312 0.4512987012987013 0.9188311688311688 0.4512987012987013 0.922077922077922 0.44805194805194803 0.948051948051948 0.44805194805194803 0.9512987012987013 0.4448051948051948 0.9675324675324676 0.4448051948051948 0.9707792207792207 0.44155844155844154 0.9967532467532467 0.44155844155844154
0 0.9967532467532467 0.5487012987012987 0.9902597402597403 0.5487012987012987 0.987012987012987 0.551948051948052 0.9805194805194806 0.551948051948052 0.9772727272727273 0.5551948051948052 0.9707792207792207 0.5551948051948052 0.9675324675324676 0.5584415584415584 0.8831168831168831 0.5584415584415584 0.8798701298701299 0.5616883116883117 0.8701298701298701 0.5616883116883117 0.8668831168831169 0.5584415584415584 0.8603896103896104 0.5584415584415584 0.8571428571428571 0.5616883116883117 0.7792207792207793 0.5616883116883117 0.775974025974026 0.5584415584415584 0.7305194805194806 0.5584415584415584 0.7272727272727273 0.5551948051948052 0.7045454545454546 0.5551948051948052 0.7012987012987013 0.5584415584415584 0.6915584415584416 0.5584415584415584 0.685064935064935 0.564935064935065 0.672077922077922 0.564935064935065 0.6688311688311688 0.5681818181818182 0.6363636363636364 0.5681818181818182 0.6298701298701299 0.5746753246753247 0.6298701298701299 0.577922077922078 0.6266233766233766 0.5811688311688312 0.6266233766233766 0.5876623376623377 0.6233766233766234 0.5909090909090909 0.6233766233766234 0.5941558441558441 0.6168831168831169 0.6006493506493507 0.6168831168831169 0.6071428571428571 0.6136363636363636 0.6103896103896104 0.6136363636363636 0.6168831168831169 0.6103896103896104 0.6201298701298701 0.6103896103896104 0.6396103896103896 0.6136363636363636 0.6428571428571429 0.6103896103896104 0.6461038961038961 0.6136363636363636 0.6493506493506493 0.6136363636363636 0.6525974025974026 0.6103896103896104 0.6558441558441559 0.6103896103896104 0.6623376623376623 0.6136363636363636 0.6655844155844156 0.6136363636363636 0.6753246753246753 0.6103896103896104 0.6785714285714286 0.6103896103896104 0.6883116883116883 0.6071428571428571 0.6915584415584416 0.6071428571428571 0.7077922077922078 0.6038961038961039 0.711038961038961 0.6038961038961039 0.724025974025974 0.6071428571428571 0.7272727272727273 0.6071428571428571 0.7532467532467533 0.6103896103896104 0.7564935064935064 0.6071428571428571 0.7597402597402597 0.6103896103896104 0.762987012987013 0.6103896103896104 0.788961038961039 0.6136363636363636 0.7922077922077922 0.6136363636363636 0.7987012987012987 0.6168831168831169 0.801948051948052 0.6168831168831169 0.8051948051948052 0.6201298701298701 0.8084415584415584 0.6201298701298701 0.814935064935065 0.6233766233766234 0.8181818181818182 0.6233766233766234 0.827922077922078 0.6266233766233766 0.8311688311688312 0.6266233766233766 0.8376623376623377 0.6298701298701299 0.8409090909090909 0.6331168831168831 0.8409090909090909 0.6363636363636364 0.8441558441558441 0.6396103896103896 0.8441558441558441 0.6461038961038961 0.8506493506493507 0.6493506493506493 0.8506493506493507 0.6525974025974026 0.8538961038961039 0.6623376623376623 0.8538961038961039 0.6688311688311688 0.8603896103896104 0.6753246753246753 0.8603896103896104 0.6785714285714286 0.8636363636363636 0.685064935064935 0.8636363636363636 0.6883116883116883 0.8668831168831169 0.6948051948051948 0.8668831168831169 0.698051948051948 0.8701298701298701 0.7272727272727273 0.8701298701298701 0.7305194805194806 0.8733766233766234 0.737012987012987 0.8733766233766234 0.7402597402597403 0.8701298701298701 0.762987012987013 0.8701298701298701 0.7662337662337663 0.8668831168831169 0.7824675324675324 0.8668831168831169 0.7857142857142857 0.8701298701298701 0.8344155844155844 0.8701298701298701 0.8376623376623377 0.8733766233766234 0.8506493506493507 0.8733766233766234 0.8538961038961039 0.8766233766233766 0.8603896103896104 0.8766233766233766 0.8636363636363636 0.8798701298701299 0.8668831168831169 0.8798701298701299 0.8701298701298701 0.8831168831168831 0.8766233766233766 0.8831168831168831 0.8798701298701299 0.8863636363636364 0.9123376623376623 0.8863636363636364 0.9155844155844156 0.8831168831168831 0.9285714285714286 0.8831168831168831 0.9318181818181818 0.8798701298701299 0.9512987012987013 0.8798701298701299 0.9545454545454546 0.8766233766233766 0.974025974025974 0.8766233766233766 0.9772727272727273 0.8733766233766234 0.9967532467532467 0.8733766233766234
0 0.5324675324675324 0.9967532467532467 0.525974025974026 0.9967532467532467 0.5227272727272727 0.9935064935064936 0.5162337662337663 0.9935064935064936 0.512987012987013 0.9902597402597403 0.5064935064935064 0.9902597402597403 0.5032467532467533 0.987012987012987 0.4837662337662338 0.987012987012987 0.4805194805194805 0.9902597402597403 0.4448051948051948 0.9902597402597403 0.44155844155844154 0.9935064935064936 0.4318181818181818 0.9935064935064936 0.42857142857142855 0.9902597402597403 0.41883116883116883 0.9902597402597403 0.4155844155844156 0.9935064935064936 0.3961038961038961 0.9935064935064936 0.39285714285714285 0.9967532467532467 0.3409090909090909 0.9967532467532467 0.33766233766233766 0.9935064935064936 0.33116883116883117 0.9935064935064936 0.32792207792207795 0.9902597402597403 0.32142857142857145 0.9902597402597403 0.3181818181818182 0.9935064935064936 0.30194805194805197 0.9935064935064936 0.2987012987012987 0.9967532467532467 0.2435064935064935 0.9967532467532467 0.24025974025974026 0.9935064935064936 0.2305194805194805 0.9935064935064936 0.22727272727272727 0.9967532467532467 0.21753246753246752 0.9967532467532467 0.21428571428571427 0.9935064935064936 0.21103896103896103 0.9935064935064936 0.2077922077922078 0.9902597402597403 0.17857142857142858 0.9902597402597403 0.17532467532467533 0.9935064935064936 0.1331168831168831 0.9935064935064936 0.12987012987012986 0.9902597402597403 0.07142857142857142 0.9902597402597403 0.06818181818181818 0.9935064935064936 0.05844155844155844 0.9935064935064936 0.05519480519480519 0.9967532467532467 0.048701298701298704 0.9967532467532467
0 0.8701298701298701 0.9967532467532467 0.8603896103896104 0.9967532467532467 0.8538961038961039 0.9902597402597403 0.8474025974025974 0.9902597402597403 0.8409090909090909 0.9837662337662337 0.8246753246753247 0.9837662337662337 0.8214285714285714 0.987012987012987 0.814935064935065 0.987012987012987 0.8084415584415584 0.9935064935064936 0.7857142857142857 0.9935064935064936 0.7824675324675324 0.9902597402597403 0.7337662337662337 0.9902597402597403 0.7305194805194806 0.9935064935064936 0.685064935064935 0.9935064935064936 0.6818181818181818 0.9967532467532467 0.6266233766233766 0.9967532467532467 0.6233766233766234 0.9935064935064936 0.6136363636363636 0.9935064935064936 0.6103896103896104 0.9902597402597403 0.5876623376623377 0.9902597402597403 0.5844155844155844 0.9935064935064936 0.564935064935065 0.9935064935064936 0.5616883116883117 0.9967532467532467 0.538961038961039 0.9967532467532467
0 0.5909090909090909 0.003246753246753247 0.5941558441558441 0.006493506493506494 0.6006493506493507 0.006493506493506494 0.6038961038961039 0.003246753246753247 0.6071428571428571 0.003246753246753247 0.6103896103896104 0.006493506493506494 0.6103896103896104 0.012987012987012988 0.6136363636363636 0.016233766233766232 0.6298701298701299 0.016233766233766232 0.6331168831168831 0.012987012987012988 0.6558441558441559 0.012987012987012988 0.6590909090909091 0.016233766233766232 0.6753246753246753 0.016233766233766232 0.6785714285714286 0.012987012987012988 0.6883116883116883 0.012987012987012988 0.6915584415584416 0.00974025974025974 0.7012987012987013 0.00974025974025974 0.7045454545454546 0.006493506493506494 0.7175324675324676 0.006493506493506494 0.7207792207792207 0.003246753246753247 0.7305194805194806 0.003246753246753247 0.7337662337662337 0 0.7597402597402597 0 0.5909090909090909 0
0 0.8896103896103896 0 0.8993506493506493 0 0.9025974025974026 0.003246753246753247 0.9123376623376623 0.003246753246753247 0.9155844155844156 0.006493506493506494 0.922077922077922 0.006493506493506494 0.9253246753246753 0.00974025974025974 0.9285714285714286 0.00974025974025974 0.9318181818181818 0.012987012987012988 0.9318181818181818 0.016233766233766232 0.935064935064935 0.016233766233766232 0.9383116883116883 0.01948051948051948 0.9448051948051948 0.01948051948051948 0.948051948051948 0.022727272727272728 0.961038961038961 0.022727272727272728 0.9642857142857143 0.01948051948051948 0.9707792207792207 0.01948051948051948 0.974025974025974 0.016233766233766232 0.9837662337662337 0.016233766233766232 0.987012987012987 0.012987012987012988 0.9967532467532467 0.012987012987012988 0.9967532467532467 0
0 0.7662337662337663 0 0.775974025974026 0 0.7792207792207793 0.003246753246753247 0.7824675324675324 0.003246753246753247 0.7857142857142857 0.006493506493506494 0.788961038961039 0.006493506493506494 0.7954545454545454 0.012987012987012988 0.8344155844155844 0.012987012987012988 0.8376623376623377 0.00974025974025974 0.8474025974025974 0.00974025974025974 0.8506493506493507 0.006493506493506494 0.8571428571428571 0.006493506493506494 0.8603896103896104 0.003246753246753247 0.8636363636363636 0.003246753246753247 0.8668831168831169 0.006493506493506494 0.8701298701298701 0.006493506493506494 0.8766233766233766 0 0.8798701298701299 0
1 0.1525974025974026 0.5551948051948052 0.1525974025974026 0.5681818181818182 0.14935064935064934 0.5714285714285714 0.14935064935064934 0.5746753246753247 0.1461038961038961 0.577922077922078 0.1461038961038961 0.5811688311688312 0.14285714285714285 0.5844155844155844 0.1461038961038961 0.5876623376623377 0.1461038961038961 0.5941558441558441 0.14935064935064934 0.5974025974025974 0.14935064935064934 0.6006493506493507 0.1525974025974026 0.6038961038961039 0.1525974025974026 0.6071428571428571 0.15584415584415584 0.6103896103896104 0.15584415584415584 0.6136363636363636 0.1590909090909091 0.6168831168831169 0.1590909090909091 0.6201298701298701 0.16233766233766234 0.6233766233766234 0.16233766233766234 0.6363636363636364 0.16558441558441558 0.6396103896103896 0.16558441558441558 0.6558441558441559 0.16883116883116883 0.6590909090909091 0.16883116883116883 0.6818181818181818 0.16558441558441558 0.685064935064935 0.16558441558441558 0.7012987012987013 0.1590909090909091 0.7077922077922078 0.1590909090909091 0.711038961038961 0.15584415584415584 0.7142857142857143 0.1590909090909091 0.7175324675324676 0.1590909090909091 0.724025974025974 0.16233766233766234 0.7272727272727273 0.16233766233766234 0.75 0.1590909090909091 0.7532467532467533 0.16233766233766234 0.7564935064935064 0.16233766233766234 0.775974025974026 0.16558441558441558 0.7792207792207793 0.16558441558441558 0.7857142857142857 0.16883116883116883 0.788961038961039 0.16883116883116883 0.7954545454545454 0.17207792207792208 0.7987012987012987 0.17207792207792208 0.8084415584415584 0.17532467532467533 0.8116883116883117 0.17532467532467533 0.814935064935065 0.17857142857142858 0.8181818181818182 0.17857142857142858 0.8214285714285714 0.18181818181818182 0.8246753246753247 0.18181818181818182 0.8701298701298701 0.17857142857142858 0.8733766233766234 0.17857142857142858 0.8766233766233766 0.17532467532467533 0.8798701298701299 0.17532467532467533 0.8831168831168831 0.16883116883116883 0.8896103896103896 0.17857142857142858 0.8896103896103896 0.18181818181818182 0.8928571428571429 0.18181818181818182 0.8961038961038961 0.18506493506493507 0.8961038961038961 0.18831168831168832 0.8928571428571429 0.21103896103896103 0.8928571428571429 0.21428571428571427 0.8896103896103896 0.22077922077922077 0.8896103896103896 0.22402597402597402 0.8863636363636364 0.2305194805194805 0.8863636363636364 0.237012987012987 0.8798701298701299 0.2532467532467532 0.8798701298701299 0.2564935064935065 0.8831168831168831 0.262987012987013 0.8831168831168831 0.2662337662337662 0.8863636363636364 0.29545454545454547 0.8863636363636364 0.2987012987012987 0.8831168831168831 0.30194805194805197 0.8831168831168831 0.3051948051948052 0.8798701298701299 0.33116883116883117 0.8798701298701299 0.3344155844155844 0.8766233766233766 0.33766233766233766 0.8798701298701299 0.34415584415584416 0.8798701298701299 0.3474025974025974 0.8766233766233766 0.35714285714285715 0.8766233766233766 0.36038961038961037 0.8733766233766234 0.39285714285714285 0.8733766233766234 0.3961038961038961 0.8701298701298701 0.4090909090909091 0.8701298701298701 0.41233766233766234 0.8668831168831169 0.44155844155844154 0.8668831168831169 0.4448051948051948 0.8636363636363636 0.4512987012987013 0.8636363636363636 0.45454545454545453 0.8603896103896104 0.4642857142857143 0.8603896103896104 0.4675324675324675 0.8571428571428571 0.4707792207792208 0.8571428571428571 0.4707792207792208 0.8246753246753247 0.474025974025974 0.8214285714285714 0.474025974025974 0.8181818181818182 0.4805194805194805 0.8116883116883117 0.4805194805194805 0.7954545454545454 0.4772727272727273 0.7922077922077922 0.4967532467532468 0.7727272727272727 0.4967532467532468 0.762987012987013 0.4935064935064935 0.7597402597402597 0.4935064935064935 0.7532467532467533 0.4902597402597403 0.75 0.4935064935064935 0.7467532467532467 0.4935064935064935 0.7337662337662337 0.4967532467532468 0.7305194805194806 0.4967532467532468 0.7207792207792207 0.5 0.7175324675324676 0.5 0.7012987012987013 0.4967532467532468 0.698051948051948 0.4967532467532468 0.6948051948051948 0.4935064935064935 0.6915584415584416 0.4935064935064935 0.6818181818181818 0.4967532467532468 0.6785714285714286 0.4967532467532468 0.6688311688311688 0.487012987012987 0.6590909090909091 0.487012987012987 0.6558441558441559 0.4837662337662338 0.6525974025974026 0.4837662337662338 0.6396103896103896 0.487012987012987 0.6363636363636364 0.487012987012987 0.6331168831168831 0.4902597402597403 0.6298701298701299 0.4902597402597403 0.6103896103896104 0.4935064935064935 0.6071428571428571 0.4935064935064935 0.5974025974025974 0.4967532467532468 0.5941558441558441 0.4967532467532468 0.5909090909090909 0.5 0.5876623376623377 0.5 0.577922077922078 0.4967532467532468 0.5746753246753247 0.4967532467532468 0.5714285714285714 0.4902597402597403 0.5714285714285714 0.4902597402597403 0.5811688311688312 0.487012987012987 0.5844155844155844 0.4837662337662338 0.5811688311688312 0.4837662337662338 0.5746753246753247 0.4805194805194805 0.5714285714285714 0.4805194805194805 0.5681818181818182 0.4383116883116883 0.5681818181818182 0.43506493506493504 0.5714285714285714 0.4155844155844156 0.5714285714285714 0.4090909090909091 0.564935064935065 0.40584415584415584 0.564935064935065 0.4025974025974026 0.5616883116883117 0.38636363636363635 0.5616883116883117 0.38311688311688313 0.564935064935065 0.33766233766233766 0.564935064935065 0.3344155844155844 0.5681818181818182 0.33116883116883117 0.564935064935065 0.32792207792207795 0.564935064935065 0.3246753246753247 0.5616883116883117 0.3181818181818182 0.5616883116883117 0.31493506493506496 0.5584415584415584 0.30194805194805197 0.5584415584415584 0.2987012987012987 0.5551948051948052 0.262987012987013 0.5551948051948052 0.2597402597402597 0.5584415584415584 0.2564935064935065 0.5584415584415584 0.2532467532467532 0.5616883116883117 0.18831168831168832 0.5616883116883117 0.18506493506493507 0.5584415584415584 0.17207792207792208 0.5584415584415584 0.16883116883116883 0.5551948051948052
1 0 0.6038961038961039 0 0.9188311688311688 0.003246753246753247 0.9188311688311688 0.006493506493506494 0.9155844155844156 0.06493506493506493 0.9155844155844156 0.06818181818181818 0.9188311688311688 0.1331168831168831 0.9188311688311688 0.13636363636363635 0.9155844155844156 0.13636363636363635 0.9058441558441559 0.14285714285714285 0.8993506493506493 0.1461038961038961 0.8993506493506493 0.1461038961038961 0.8863636363636364 0.1396103896103896 0.8798701298701299 0.1396103896103896 0.8701298701298701 0.13636363636363635 0.8668831168831169 0.13636363636363635 0.8636363636363636 0.1331168831168831 0.8603896103896104 0.1331168831168831 0.8571428571428571 0.1266233766233766 0.8506493506493507 0.12337662337662338 0.8506493506493507 0.12012987012987013 0.8474025974025974 0.12012987012987013 0.8409090909090909 0.11688311688311688 0.8376623376623377 0.11688311688311688 0.7987012987012987 0.11363636363636363 0.7954545454545454 0.11363636363636363 0.7824675324675324 0.11038961038961038 0.7792207792207793 0.11038961038961038 0.7564935064935064 0.11363636363636363 0.7532467532467533 0.11363636363636363 0.7435064935064936 0.11688311688311688 0.7402597402597403 0.11688311688311688 0.7305194805194806 0.12012987012987013 0.7272727272727273 0.12012987012987013 0.6785714285714286 0.11688311688311688 0.6753246753246753 0.11688311688311688 0.6688311688311688 0.11363636363636363 0.6655844155844156 0.11363636363636363 0.6558441558441559 0.11038961038961038 0.6525974025974026 0.11038961038961038 0.6461038961038961 0.10714285714285714 0.6428571428571429 0.10714285714285714 0.6331168831168831 0.1038961038961039 0.6298701298701299 0.1038961038961039 0.6266233766233766 0.09415584415584416 0.6168831168831169 0.09415584415584416 0.6006493506493507 0.08766233766233766 0.6006493506493507 0.08441558441558442 0.6038961038961039 0.08441558441558442 0.6071428571428571 0.08116883116883117 0.6103896103896104 0.05519480519480519 0.6103896103896104 0.05194805194805195 0.6071428571428571 0.05194805194805195 0.6006493506493507 0.05519480519480519 0.5974025974025974 0.032467532467532464 0.5974025974025974 0.02922077922077922 0.6006493506493507 0.022727272727272728 0.6006493506493507 0.016233766233766232 0.6071428571428571 0.006493506493506494 0.6071428571428571 0.003246753246753247 0.6038961038961039
1 0 0.05519480519480519 0.012987012987012988 0.05519480519480519 0.016233766233766232 0.05844155844155844 0.032467532467532464 0.05844155844155844 0.03571428571428571 0.06168831168831169 0.10064935064935066 0.06168831168831169 0.10064935064935066 0.05519480519480519 0.11038961038961038 0.045454545454545456 0.11038961038961038 0.04220779220779221 0.11363636363636363 0.03896103896103896 0.11363636363636363 0.00974025974025974 0.12012987012987013 0.003246753246753247 0.12987012987012986 0.003246753246753247 0.1331168831168831 0.006493506493506494 0.1331168831168831 0.022727272727272728 0.13636363636363635 0.025974025974025976 0.1396103896103896 0.025974025974025976 0.14285714285714285 0.02922077922077922 0.14285714285714285 0.03571428571428571 0.17532467532467533 0.03571428571428571 0.17857142857142858 0.032467532467532464 0.19155844155844157 0.032467532467532464 0.19480519480519481 0.02922077922077922 0.23376623376623376 0.02922077922077922 0.237012987012987 0.025974025974025976 0.2824675324675325 0.025974025974025976 0.2857142857142857 0.02922077922077922 0.3246753246753247 0.02922077922077922 0.32792207792207795 0.032467532467532464 0.35064935064935066 0.032467532467532464 0.3538961038961039 0.02922077922077922 0.36688311688311687 0.02922077922077922 0.37012987012987014 0.025974025974025976 0.39935064935064934 0.025974025974025976 0.4025974025974026 0.022727272727272728 0.43506493506493504 0.022727272727272728 0.4383116883116883 0.01948051948051948 0.45454545454545453 0.01948051948051948 0.4448051948051948 0.01948051948051948 0.44155844155844154 0.016233766233766232 0.44155844155844154 0.006493506493506494 0.4448051948051948 0.003246753246753247 0.45454545454545453 0.003246753246753247 0.4577922077922078 0.006493506493506494 0.4577922077922078 0.012987012987012988 0.4577922077922078 0 0 0
2 0.12012987012987013 0.006493506493506494 0.11688311688311688 0.00974025974025974 0.11688311688311688 0.03896103896103896 0.11363636363636363 0.04220779220779221 0.11363636363636363 0.045454545454545456 0.1038961038961039 0.05519480519480519 0.1038961038961039 0.06493506493506493 0.10064935064935066 0.06818181818181818 0.10064935064935066 0.07467532467532467 0.09740259740259741 0.07792207792207792 0.09740259740259741 0.10064935064935066 0.07142857142857142 0.1266233766233766 0.07142857142857142 0.1331168831168831 0.06818181818181818 0.13636363636363635 0.06493506493506493 0.13636363636363635 0.05844155844155844 0.14285714285714285 0.048701298701298704 0.14285714285714285 0.045454545454545456 0.1461038961038961 0.03571428571428571 0.1461038961038961 0.025974025974025976 0.15584415584415584 0.022727272727272728 0.15584415584415584 0.01948051948051948 0.17207792207792208 0.012987012987012988 0.17857142857142858 0.012987012987012988 0.25 0.006493506493506494 0.2597402597402597 0.006493506493506494 0.2694805194805195 0.00974025974025974 0.2727272727272727 0.00974025974025974 0.2987012987012987 0.006493506493506494 0.30194805194805197 0.006493506493506494 0.3116883116883117 0.00974025974025974 0.31493506493506496 0.00974025974025974 0.34415584415584416 0.016233766233766232 0.35064935064935066 0.016233766233766232 0.37662337662337664 0.00974025974025974 0.38311688311688313 0.00974025974025974 0.40584415584415584 0.006493506493506494 0.4090909090909091 0.006493506493506494 0.42207792207792205 0.003246753246753247 0.4253246753246753 0.003246753246753247 0.4318181818181818 0 0.43506493506493504 0 0.4448051948051948 0.003246753246753247 0.44805194805194803 0.003246753246753247 0.4512987012987013 0.00974025974025974 0.4577922077922078 0.00974025974025974 0.461038961038961 0.012987012987012988 0.461038961038961 0.01948051948051948 0.4675324675324675 0.01948051948051948 0.4707792207792208 0.022727272727272728 0.474025974025974 0.022727272727272728 0.4805194805194805 0.025974025974025976 0.4805194805194805 0.02922077922077922 0.4837662337662338 0.02922077922077922 0.487012987012987 0.032467532467532464 0.4902597402597403 0.03571428571428571 0.4902597402597403 0.04220779220779221 0.5 0.048701298701298704 0.5 0.05844155844155844 0.5064935064935064 0.05844155844155844 0.5584415584415584 0.06168831168831169 0.5616883116883117 0.06168831168831169 0.564935064935065 0.07792207792207792 0.5811688311688312 0.07792207792207792 0.5974025974025974 0.07467532467532467 0.6006493506493507 0.05519480519480519 0.6006493506493507 0.05519480519480519 0.6071428571428571 0.08116883116883117 0.6071428571428571 0.08116883116883117 0.6038961038961039 0.08441558441558442 0.6006493506493507 0.08441558441558442 0.5909090909090909 0.08766233766233766 0.5876623376623377 0.09740259740259741 0.5941558441558441 0.09740259740259741 0.6168831168831169 0.10714285714285714 0.6266233766233766 0.10714285714285714 0.6298701298701299 0.11038961038961038 0.6331168831168831 0.11038961038961038 0.6428571428571429 0.11363636363636363 0.6461038961038961 0.11363636363636363 0.6525974025974026 0.11688311688311688 0.6558441558441559 0.11688311688311688 0.6655844155844156 0.12012987012987013 0.6688311688311688 0.12012987012987013 0.6753246753246753 0.12337662337662338 0.6785714285714286 0.12337662337662338 0.7272727272727273 0.12012987012987013 0.7305194805194806 0.12012987012987013 0.7402597402597403 0.11688311688311688 0.7435064935064936 0.11688311688311688 0.7532467532467533 0.11363636363636363 0.7564935064935064 0.11363636363636363 0.7792207792207793 0.11688311688311688 0.7824675324675324 0.11688311688311688 0.7954545454545454 0.12012987012987013 0.7987012987012987 0.12012987012987013 0.8376623376623377 0.12337662337662338 0.8409090909090909 0.12337662337662338 0.8474025974025974 0.1266233766233766 0.8474025974025974 0.13636363636363635 0.8571428571428571 0.13636363636363635 0.8603896103896104 0.14285714285714285 0.8701298701298701 0.14285714285714285 0.8798701298701299 0.14935064935064934 0.8863636363636364 0.14935064935064934 0.8993506493506493 0.1396103896103896 0.9058441558441559 0.1396103896103896 0.922077922077922 0.13636363636363635 0.9253246753246753 0.13636363636363635 0.9285714285714286 0.1331168831168831 0.9318181818181818 0.12987012987012986 0.9318181818181818 0.12987012987012986 0.935064935064935 0.12012987012987013 0.9448051948051948 0.12012987012987013 0.948051948051948 0.11688311688311688 0.9512987012987013 0.11688311688311688 0.9577922077922078 0.11363636363636363 0.961038961038961 0.11038961038961038 0.961038961038961 0.11038961038961038 0.9707792207792207 0.1038961038961039 0.9772727272727273 0.1038961038961039 0.987012987012987 0.12987012987012986 0.987012987012987 0.1331168831168831 0.9902597402597403 0.1525974025974026 0.9902597402597403 0.1525974025974026 0.9707792207792207 0.14935064935064934 0.9675324675324676 0.1525974025974026 0.9512987012987013 0.16233766233766234 0.9415584415584416 0.16883116883116883 0.9253246753246753 0.17857142857142858 0.9155844155844156 0.17857142857142858 0.8928571428571429 0.16883116883116883 0.8928571428571429 0.16558441558441558 0.8896103896103896 0.17207792207792208 0.8831168831168831 0.17207792207792208 0.8798701298701299 0.17857142857142858 0.8701298701298701 0.17857142857142858 0.8246753246753247 0.16883116883116883 0.8084415584415584 0.16883116883116883 0.7987012987012987 0.16558441558441558 0.7954545454545454 0.16558441558441558 0.788961038961039 0.16233766233766234 0.7857142857142857 0.16233766233766234 0.7792207792207793 0.1590909090909091 0.775974025974026 0.1590909090909091 0.7564935064935064 0.15584415584415584 0.7532467532467533 0.1590909090909091 0.75 0.1590909090909091 0.7272727272727273 0.15584415584415584 0.724025974025974 0.15584415584415584 0.7175324675324676 0.1525974025974026 0.7142857142857143 0.15584415584415584 0.711038961038961 0.15584415584415584 0.7077922077922078 0.16233766233766234 0.7012987012987013 0.16233766233766234 0.685064935064935 0.16558441558441558 0.6818181818181818 0.16558441558441558 0.6590909090909091 0.16233766233766234 0.6558441558441559 0.16233766233766234 0.6396103896103896 0.1590909090909091 0.6363636363636364 0.1590909090909091 0.6233766233766234 0.15584415584415584 0.6201298701298701 0.15584415584415584 0.6168831168831169 0.14285714285714285 0.5941558441558441 0.14285714285714285 0.5876623376623377 0.1396103896103896 0.5844155844155844 0.14935064935064934 0.5681818181818182 0.14935064935064934 0.5487012987012987 0.1461038961038961 0.5454545454545454 0.1461038961038961 0.5422077922077922 0.1396103896103896 0.5357142857142857 0.1396103896103896 0.5324675324675324 0.12987012987012986 0.5227272727272727 0.1266233766233766 0.5227272727272727 0.12012987012987013 0.5162337662337663 0.11363636363636363 0.5162337662337663 0.1038961038961039 0.5097402597402597 0.1038961038961039 0.5064935064935064 0.10064935064935066 0.5032467532467533 0.10064935064935066 0.4967532467532468 0.1038961038961039 0.4935064935064935 0.1038961038961039 0.4772727272727273 0.10064935064935066 0.474025974025974 0.10064935064935066 0.4675324675324675 0.09740259740259741 0.4642857142857143 0.09740259740259741 0.461038961038961 0.08766233766233766 0.4512987012987013 0.07142857142857142 0.45454545454545453 0.06493506493506493 0.44805194805194803 0.06493506493506493 0.4448051948051948 0.06168831168831169 0.4448051948051948 0.05844155844155844 0.44155844155844154 0.048701298701298704 0.44155844155844154 0.03896103896103896 0.4253246753246753 0.045454545454545456 0.41883116883116883 0.045454545454545456 0.4155844155844156 0.048701298701298704 0.41233766233766234 0.048701298701298704 0.40584415584415584 0.04220779220779221 0.39935064935064934 0.04220779220779221 0.38961038961038963 0.048701298701298704 0.38311688311688313 0.048701298701298704 0.37337662337662336 0.045454545454545456 0.37012987012987014 0.045454545454545456 0.35714285714285715 0.04220779220779221 0.3538961038961039 0.05194805194805195 0.33766233766233766 0.05194805194805195 0.32142857142857145 0.048701298701298704 0.3181818181818182 0.048701298701298704 0.3116883116883117 0.045454545454545456 0.30844155844155846 0.045454545454545456 0.2987012987012987 0.04220779220779221 0.29545454545454547 0.04220779220779221 0.288961038961039 0.045454545454545456 0.2857142857142857 0.045454545454545456 0.2727272727272727 0.04220779220779221 0.2694805194805195 0.045454545454545456 0.2662337662337662 0.045454545454545456 0.23376623376623376 0.048701298701298704 0.2305194805194805 0.048701298701298704 0.20454545454545456 0.05194805194805195 0.2012987012987013 0.05194805194805195 0.17532467532467533 0.06168831168831169 0.1590909090909091 0.09090909090909091 0.1590909090909091 0.10064935064935066 0.1525974025974026 0.10714285714285714 0.1525974025974026 0.11038961038961038 0.14935064935064934 0.11688311688311688 0.14935064935064934 0.12012987012987013 0.1461038961038961 0.1461038961038961 0.1461038961038961 0.14935064935064934 0.14285714285714285 0.14935064935064934 0.1331168831168831 0.1525974025974026 0.12987012987012986 0.14935064935064934 0.11363636363636363 0.14285714285714285 0.10714285714285714 0.14285714285714285 0.1038961038961039 0.1396103896103896 0.10064935064935066 0.1396103896103896 0.02922077922077922 0.13636363636363635 0.02922077922077922 0.12987012987012986 0.022727272727272728 0.12987012987012986 0.006493506493506494