0 0.1346153846153846 0.3324175824175824 0.1346153846153846 0.34065934065934067 0.13186813186813187 0.3434065934065934 0.13186813186813187 0.35714285714285715 0.12912087912087913 0.3598901098901099 0.12912087912087913 0.38186813186813184 0.12637362637362637 0.38461538461538464 0.12637362637362637 0.40384615384615385 0.12087912087912088 0.41208791208791207 0.12087912087912088 0.42032967032967034 0.11813186813186813 0.4230769230769231 0.11813186813186813 0.45054945054945056 0.11538461538461539 0.4532967032967033 0.11538461538461539 0.4697802197802198 0.11813186813186813 0.4725274725274725 0.11813186813186813 0.4807692307692308 0.12087912087912088 0.4835164835164835 0.12087912087912088 0.510989010989011 0.11813186813186813 0.5137362637362637 0.11813186813186813 0.5357142857142857 0.12087912087912088 0.5357142857142857 0.12362637362637363 0.5384615384615384 0.14285714285714285 0.5384615384615384 0.14560439560439561 0.5412087912087912 0.22252747252747251 0.5412087912087912 0.22527472527472528 0.5439560439560439 0.24175824175824176 0.5439560439560439 0.2445054945054945 0.5467032967032966 0.2967032967032967 0.5467032967032966 0.29945054945054944 0.5494505494505495 0.3076923076923077 0.5494505494505495 0.31043956043956045 0.5521978021978022 0.31868131868131866 0.5521978021978022 0.32142857142857145 0.554945054945055 0.34065934065934067 0.554945054945055 0.3434065934065934 0.5521978021978022 0.3708791208791209 0.5521978021978022 0.37362637362637363 0.5494505494505495 0.40384615384615385 0.5494505494505495 0.4065934065934066 0.5521978021978022 0.46153846153846156 0.5521978021978022 0.4642857142857143 0.554945054945055 0.4835164835164835 0.554945054945055 0.48626373626373626 0.5576923076923077 0.4945054945054945 0.5576923076923077 0.49725274725274726 0.5604395604395604 0.510989010989011 0.5604395604395604 0.5137362637362637 0.5631868131868132 0.5247252747252747 0.5631868131868132 0.5274725274725275 0.5659340659340659 0.5659340659340659 0.5659340659340659 0.5686813186813187 0.5631868131868132 0.6016483516483516 0.5631868131868132 0.6043956043956044 0.5604395604395604 0.6318681318681318 0.5604395604395604 0.6346153846153846 0.5631868131868132 0.6923076923076923 0.5631868131868132 0.695054945054945 0.5659340659340659 0.7472527472527473 0.5659340659340659 0.75 0.5686813186813187 0.7884615384615384 0.5686813186813187 0.7912087912087912 0.5714285714285714 0.8076923076923077 0.5714285714285714 0.8159340659340659 0.5769230769230769 0.8241758241758241 0.5769230769230769 0.8324175824175825 0.5824175824175825 0.8461538461538461 0.5824175824175825 0.8489010989010989 0.5851648351648352 0.8653846153846154 0.5851648351648352 0.8681318681318682 0.5824175824175825 0.8928571428571429 0.5824175824175825 0.8956043956043956 0.5796703296703297 0.945054945054945 0.5796703296703297 0.9478021978021978 0.5769230769230769 0.9505494505494505 0.5769230769230769 0.9642857142857143 0.5604395604395604 0.9642857142857143 0.5384615384615384 0.967032967032967 0.5357142857142857 0.967032967032967 0.5247252747252747 0.9642857142857143 0.521978021978022 0.9642857142857143 0.5137362637362637 0.967032967032967 0.510989010989011 0.967032967032967 0.5 0.9697802197802198 0.49725274725274726 0.9697802197802198 0.49175824175824173 0.9725274725274725 0.489010989010989 0.9725274725274725 0.45879120879120877 0.9752747252747253 0.45604395604395603 0.9752747252747253 0.42857142857142855 0.9725274725274725 0.4258241758241758 0.9725274725274725 0.3983516483516483 0.9697802197802198 0.3956043956043956 0.9697802197802198 0.3708791208791209 0.967032967032967 0.36813186813186816 0.967032967032967 0.3516483516483517 0.9642857142857143 0.3489010989010989 0.9642857142857143 0.3434065934065934 0.9587912087912088 0.33516483516483514 0.9505494505494505 0.33516483516483514 0.9478021978021978 0.3324175824175824 0.9423076923076923 0.3324175824175824 0.9395604395604396 0.32967032967032966 0.9313186813186813 0.32967032967032966 0.9203296703296703 0.32142857142857145 0.9120879120879121 0.31868131868131866 0.9065934065934066 0.3131868131868132 0.9010989010989011 0.3131868131868132 0.8873626373626373 0.30494505494505497 0.8763736263736264 0.30494505494505497 0.8736263736263736 0.3076923076923077 0.8489010989010989 0.3076923076923077 0.8461538461538461 0.30494505494505497 0.8214285714285714 0.30494505494505497 0.8186813186813187 0.3076923076923077 0.8104395604395604 0.3076923076923077 0.8076923076923077 0.31043956043956045 0.7307692307692307 0.31043956043956045 0.728021978021978 0.3076923076923077 0.7087912087912088 0.3076923076923077 0.7060439560439561 0.30494505494505497 0.6923076923076923 0.30494505494505497 0.6895604395604396 0.3021978021978022 0.6483516483516484 0.3021978021978022 0.6456043956043956 0.30494505494505497 0.6181318681318682 0.30494505494505497 0.6153846153846154 0.3021978021978022 0.5824175824175825 0.3021978021978022 0.5796703296703297 0.29945054945054944 0.5576923076923077 0.29945054945054944 0.554945054945055 0.2967032967032967 0.5384615384615384 0.2967032967032967 0.5357142857142857 0.29395604395604397 0.521978021978022 0.29395604395604397 0.5192307692307693 0.29120879120879123 0.48626373626373626 0.29120879120879123 0.4835164835164835 0.28846153846153844 0.4478021978021978 0.28846153846153844 0.44505494505494503 0.29120879120879123 0.41483516483516486 0.29120879120879123 0.41208791208791207 0.29395604395604397 0.3516483516483517 0.29395604395604397 0.3489010989010989 0.2967032967032967 0.27197802197802196 0.2967032967032967 0.2692307692307692 0.29395604395604397 0.26373626373626374 0.29395604395604397 0.260989010989011 0.29120879120879123 0.25274725274725274 0.29120879120879123 0.25 0.28846153846153844 0.21153846153846154 0.28846153846153844 0.2087912087912088 0.29120879120879123 0.19230769230769232 0.29120879120879123 0.18956043956043955 0.29395604395604397 0.17307692307692307 0.29395604395604397 0.17032967032967034 0.2967032967032967 0.1620879120879121 0.2967032967032967 0.15934065934065933 0.29945054945054944 0.15384615384615385 0.29945054945054944 0.14835164835164835 0.30494505494505497 0.14835164835164835 0.31043956043956045 0.14285714285714285 0.3159340659340659 0.14285714285714285 0.31868131868131866
0 0.17307692307692307 0.6153846153846154 0.17307692307692307 0.6181318681318682 0.17032967032967034 0.6208791208791209 0.17032967032967034 0.6456043956043956 0.17307692307692307 0.6483516483516484 0.17307692307692307 0.7005494505494505 0.17032967032967034 0.7032967032967034 0.17032967032967034 0.7142857142857143 0.16758241758241757 0.717032967032967 0.17032967032967034 0.7197802197802198 0.16758241758241757 0.7225274725274725 0.16758241758241757 0.7472527472527473 0.17032967032967034 0.75 0.17032967032967034 0.771978021978022 0.16758241758241757 0.7747252747252747 0.16758241758241757 0.7884615384615384 0.16483516483516483 0.7912087912087912 0.16483516483516483 0.7967032967032966 0.1620879120879121 0.7994505494505495 0.1620879120879121 0.8021978021978022 0.15934065934065933 0.804945054945055 0.15934065934065933 0.8131868131868132 0.1620879120879121 0.8159340659340659 0.1620879120879121 0.8186813186813187 0.16483516483516483 0.8214285714285714 0.16483516483516483 0.8269230769230769 0.17032967032967034 0.8324175824175825 0.17032967032967034 0.8379120879120879 0.17307692307692307 0.8406593406593407 0.17307692307692307 0.8434065934065934 0.17582417582417584 0.8461538461538461 0.17582417582417584 0.8489010989010989 0.17857142857142858 0.8516483516483516 0.17857142857142858 0.8543956043956044 0.18956043956043955 0.8543956043956044 0.19230769230769232 0.8571428571428571 0.2087912087912088 0.8571428571428571 0.21153846153846154 0.8598901098901099 0.22527472527472528 0.8598901098901099 0.22802197802197802 0.8626373626373627 0.2445054945054945 0.8626373626373627 0.24725274725274726 0.8653846153846154 0.25824175824175827 0.8653846153846154 0.260989010989011 0.8681318681318682 0.2802197802197802 0.8681318681318682 0.28296703296703296 0.8653846153846154 0.31043956043956045 0.8653846153846154 0.3131868131868132 0.8681318681318682 0.33791208791208793 0.8681318681318682 0.34065934065934067 0.8653846153846154 0.3516483516483517 0.8653846153846154 0.3543956043956044 0.8681318681318682 0.38461538461538464 0.8681318681318682 0.3873626373626374 0.8708791208791209 0.4065934065934066 0.8708791208791209 0.40934065934065933 0.8736263736263736 0.42857142857142855 0.8736263736263736 0.43131868131868134 0.8763736263736264 0.44505494505494503 0.8763736263736264 0.4478021978021978 0.8791208791208791 0.45604395604395603 0.8791208791208791 0.45879120879120877 0.8818681318681318 0.5027472527472527 0.8818681318681318 0.5054945054945055 0.8791208791208791 0.5357142857142857 0.8791208791208791 0.5384615384615384 0.8763736263736264 0.5467032967032966 0.8763736263736264 0.5494505494505495 0.8736263736263736 0.5604395604395604 0.8736263736263736 0.5659340659340659 0.8681318681318682 0.5659340659340659 0.8653846153846154 0.5686813186813187 0.8626373626373627 0.5686813186813187 0.8598901098901099 0.5741758241758241 0.8543956043956044 0.5741758241758241 0.8516483516483516 0.5796703296703297 0.8461538461538461 0.5796703296703297 0.8434065934065934 0.5824175824175825 0.8406593406593407 0.5824175824175825 0.8351648351648352 0.5851648351648352 0.8324175824175825 0.5851648351648352 0.8131868131868132 0.5879120879120879 0.8104395604395604 0.5879120879120879 0.7967032967032966 0.5851648351648352 0.7939560439560439 0.5851648351648352 0.771978021978022 0.5879120879120879 0.7692307692307693 0.5879120879120879 0.7472527472527473 0.5851648351648352 0.7445054945054945 0.5851648351648352 0.739010989010989 0.5824175824175825 0.7362637362637363 0.5824175824175825 0.7335164835164835 0.5796703296703297 0.7307692307692307 0.5824175824175825 0.728021978021978 0.5824175824175825 0.7032967032967034 0.5796703296703297 0.7005494505494505 0.5796703296703297 0.6923076923076923 0.5824175824175825 0.6895604395604396 0.5824175824175825 0.6813186813186813 0.5796703296703297 0.6785714285714286 0.5796703296703297 0.6730769230769231 0.5769230769230769 0.6703296703296703 0.5769230769230769 0.6648351648351648 0.5741758241758241 0.6620879120879121 0.5741758241758241 0.6565934065934066 0.5714285714285714 0.6538461538461539 0.5714285714285714 0.6510989010989011 0.5659340659340659 0.6456043956043956 0.5631868131868132 0.6456043956043956 0.5604395604395604 0.6428571428571429 0.554945054945055 0.6428571428571429 0.5521978021978022 0.6401098901098901 0.5494505494505495 0.6401098901098901 0.5467032967032966 0.6373626373626373 0.5439560439560439 0.6373626373626373 0.5412087912087912 0.6346153846153846 0.5384615384615384 0.6346153846153846 0.5357142857142857 0.6318681318681318 0.5274725274725275 0.6318681318681318 0.5247252747252747 0.6291208791208791 0.4945054945054945 0.6291208791208791 0.49175824175824173 0.6263736263736264 0.47527472527472525 0.6263736263736264 0.4725274725274725 0.6236263736263736 0.4642857142857143 0.6236263736263736 0.46153846153846156 0.6208791208791209 0.4532967032967033 0.6208791208791209 0.45054945054945056 0.6181318681318682 0.40934065934065933 0.6181318681318682 0.4065934065934066 0.6208791208791209 0.38186813186813184 0.6208791208791209 0.3791208791208791 0.6236263736263736 0.3598901098901099 0.6236263736263736 0.35714285714285715 0.6208791208791209 0.3434065934065934 0.6208791208791209 0.34065934065934067 0.6181318681318682 0.3159340659340659 0.6181318681318682 0.3131868131868132 0.6153846153846154 0.31043956043956045 0.6153846153846154 0.3076923076923077 0.6126373626373627 0.3021978021978022 0.6126373626373627 0.29945054945054944 0.6098901098901099 0.29395604395604397 0.6098901098901099 0.29120879120879123 0.6071428571428571 0.260989010989011 0.6071428571428571 0.25824175824175827 0.6098901098901099 0.24175824175824176 0.6098901098901099 0.23901098901098902 0.6126373626373627 0.2032967032967033 0.6126373626373627 0.20054945054945056 0.6098901098901099 0.19505494505494506 0.6098901098901099 0.19230769230769232 0.6126373626373627 0.1813186813186813 0.6126373626373627 0.17857142857142858 0.6153846153846154 0.17582417582417584 0.6126373626373627
0 0.6565934065934066 0.027472527472527472 0.6565934065934066 0.03021978021978022 0.6510989010989011 0.03571428571428571 0.6510989010989011 0.04120879120879121 0.6483516483516484 0.04395604395604396 0.6483516483516484 0.04945054945054945 0.6456043956043956 0.0521978021978022 0.6456043956043956 0.06593406593406594 0.6428571428571429 0.06868131868131869 0.6456043956043956 0.07142857142857142 0.6456043956043956 0.07417582417582418 0.6428571428571429 0.07692307692307693 0.6428571428571429 0.09065934065934066 0.6401098901098901 0.09340659340659341 0.6401098901098901 0.12912087912087913 0.6373626373626373 0.13186813186813187 0.6373626373626373 0.14835164835164835 0.6346153846153846 0.1510989010989011 0.6346153846153846 0.1565934065934066 0.6318681318681318 0.15934065934065933 0.6318681318681318 0.16483516483516483 0.6291208791208791 0.16758241758241757 0.6291208791208791 0.17582417582417584 0.6263736263736264 0.17857142857142858 0.6263736263736264 0.21703296703296704 0.6236263736263736 0.21978021978021978 0.6263736263736264 0.22252747252747251 0.6263736263736264 0.25 0.6373626373626373 0.25 0.6401098901098901 0.25274725274725274 0.6456043956043956 0.25274725274725274 0.6483516483516484 0.2554945054945055 0.6565934065934066 0.2554945054945055 0.6593406593406593 0.25274725274725274 0.6648351648351648 0.25274725274725274 0.6675824175824175 0.2554945054945055 0.7115384615384616 0.2554945054945055 0.7142857142857143 0.25824175824175827 0.771978021978022 0.25824175824175827 0.7747252747252747 0.260989010989011 0.8021978021978022 0.260989010989011 0.804945054945055 0.25824175824175827 0.8159340659340659 0.25824175824175827 0.8186813186813187 0.260989010989011 0.8269230769230769 0.260989010989011 0.8296703296703297 0.25824175824175827 0.8324175824175825 0.260989010989011 0.8379120879120879 0.260989010989011 0.8406593406593407 0.25824175824175827 0.8434065934065934 0.25824175824175827 0.8461538461538461 0.260989010989011 0.8736263736263736 0.260989010989011 0.8763736263736264 0.26373626373626374 0.8873626373626373 0.26373626373626374 0.8901098901098901 0.2664835164835165 0.9010989010989011 0.2664835164835165 0.9038461538461539 0.2692307692307692 0.9120879120879121 0.2692307692307692 0.9148351648351648 0.27197802197802196 0.9175824175824175 0.27197802197802196 0.9203296703296703 0.27472527472527475 0.9285714285714286 0.27472527472527475 0.9313186813186813 0.2774725274725275 0.945054945054945 0.2774725274725275 0.9478021978021978 0.2802197802197802 0.9587912087912088 0.2802197802197802 0.9615384615384616 0.28296703296703296 0.967032967032967 0.28296703296703296 0.9697802197802198 0.2802197802197802 0.9835164835164835 0.2802197802197802 0.9862637362637363 0.2774725274725275 0.9972527472527473 0.2774725274725275 0.9972527472527473 0 0.8598901098901099 0 0.8571428571428571 0.0027472527472527475 0.8214285714285714 0.0027472527472527475 0.8186813186813187 0 0.771978021978022 0 0.7692307692307693 0.0027472527472527475 0.7637362637362637 0.0027472527472527475 0.760989010989011 0 0.7060439560439561 0 0.7032967032967034 0.0027472527472527475 0.6978021978021978 0.0027472527472527475 0.695054945054945 0.005494505494505495 0.6895604395604396 0.005494505494505495 0.6868131868131868 0.008241758241758242 0.6840659340659341 0.008241758241758242 0.6813186813186813 0.01098901098901099 0.6758241758241759 0.01098901098901099 0.6730769230769231 0.013736263736263736 0.6703296703296703 0.013736263736263736
0 0.6593406593406593 0.6538461538461539 0.6593406593406593 0.6565934065934066 0.6565934065934066 0.6593406593406593 0.6565934065934066 0.6620879120879121 0.6538461538461539 0.6648351648351648 0.6538461538461539 0.6703296703296703 0.6510989010989011 0.6730769230769231 0.6510989010989011 0.6785714285714286 0.6483516483516484 0.6813186813186813 0.6483516483516484 0.6840659340659341 0.6428571428571429 0.6895604395604396 0.6428571428571429 0.7005494505494505 0.6456043956043956 0.7032967032967034 0.6456043956043956 0.7362637362637363 0.6483516483516484 0.739010989010989 0.6483516483516484 0.7554945054945055 0.6510989010989011 0.7582417582417582 0.6510989010989011 0.760989010989011 0.6565934065934066 0.7664835164835165 0.6565934065934066 0.8104395604395604 0.6538461538461539 0.8131868131868132 0.6565934065934066 0.8159340659340659 0.6538461538461539 0.8186813186813187 0.6538461538461539 0.8461538461538461 0.6510989010989011 0.8489010989010989 0.6538461538461539 0.8516483516483516 0.6510989010989011 0.8543956043956044 0.6510989010989011 0.8681318681318682 0.6483516483516484 0.8708791208791209 0.6483516483516484 0.8736263736263736 0.6456043956043956 0.8763736263736264 0.6456043956043956 0.8818681318681318 0.6483516483516484 0.8846153846153846 0.6483516483516484 0.8873626373626373 0.6510989010989011 0.8901098901098901 0.6510989010989011 0.8928571428571429 0.6565934065934066 0.8928571428571429 0.6593406593406593 0.8956043956043956 0.6620879120879121 0.8956043956043956 0.6648351648351648 0.8928571428571429 0.6813186813186813 0.8928571428571429 0.6840659340659341 0.8956043956043956 0.6923076923076923 0.8956043956043956 0.695054945054945 0.8983516483516484 0.7005494505494505 0.8983516483516484 0.7032967032967034 0.9010989010989011 0.7142857142857143 0.9010989010989011 0.717032967032967 0.9038461538461539 0.7252747252747253 0.9038461538461539 0.728021978021978 0.9065934065934066 0.7335164835164835 0.9065934065934066 0.7362637362637363 0.9093406593406593 0.7417582417582418 0.9093406593406593 0.7445054945054945 0.9120879120879121 0.7664835164835165 0.9120879120879121 0.7692307692307693 0.9093406593406593 0.782967032967033 0.9093406593406593 0.7857142857142857 0.9065934065934066 0.7967032967032966 0.9065934065934066 0.7994505494505495 0.9038461538461539 0.8324175824175825 0.9038461538461539 0.8351648351648352 0.9065934065934066 0.8434065934065934 0.9065934065934066 0.8461538461538461 0.9093406593406593 0.8901098901098901 0.9093406593406593 0.8928571428571429 0.9065934065934066 0.8983516483516484 0.9065934065934066 0.9010989010989011 0.9038461538461539 0.9093406593406593 0.9038461538461539 0.9120879120879121 0.9010989010989011 0.9203296703296703 0.9010989010989011 0.9230769230769231 0.9038461538461539 0.9505494505494505 0.9038461538461539 0.9532967032967034 0.9065934065934066 0.9615384615384616 0.9065934065934066 0.9642857142857143 0.9093406593406593 0.967032967032967 0.9093406593406593 0.9697802197802198 0.9120879120879121 0.978021978021978 0.9120879120879121 0.9807692307692307 0.9148351648351648 0.9972527472527473 0.9148351648351648 0.9972527472527473 0.6538461538461539 0.989010989010989 0.6538461538461539 0.9862637362637363 0.6510989010989011 0.9725274725274725 0.6510989010989011 0.9697802197802198 0.6483516483516484 0.9395604395604396 0.6483516483516484 0.9368131868131868 0.6456043956043956 0.9340659340659341 0.6456043956043956 0.9313186813186813 0.6483516483516484 0.9093406593406593 0.6483516483516484 0.9065934065934066 0.6456043956043956 0.8983516483516484 0.6456043956043956 0.8956043956043956 0.6483516483516484 0.8901098901098901 0.6483516483516484 0.8873626373626373 0.6510989010989011 0.8214285714285714 0.6510989010989011 0.8186813186813187 0.6483516483516484 0.782967032967033 0.6483516483516484 0.7802197802197802 0.6456043956043956 0.7087912087912088 0.6456043956043956 0.7060439560439561 0.6428571428571429 0.6785714285714286 0.6428571428571429 0.6758241758241759 0.6456043956043956 0.6703296703296703 0.6456043956043956 0.6675824175824175 0.6483516483516484 0.6648351648351648 0.6483516483516484
0 0 0.5961538461538461 0 0.8543956043956044 0.016483516483516484 0.8543956043956044 0.019230769230769232 0.8571428571428571 0.024725274725274724 0.8571428571428571 0.027472527472527472 0.8598901098901099 0.03571428571428571 0.8598901098901099 0.038461538461538464 0.8626373626373627 0.07142857142857142 0.8626373626373627 0.07417582417582418 0.8598901098901099 0.09065934065934066 0.8598901098901099 0.09340659340659341 0.8571428571428571 0.0989010989010989 0.8571428571428571 0.10164835164835165 0.8543956043956044 0.10164835164835165 0.8434065934065934 0.1043956043956044 0.8406593406593407 0.1043956043956044 0.8351648351648352 0.10714285714285714 0.8324175824175825 0.10714285714285714 0.7857142857142857 0.10989010989010989 0.782967032967033 0.10989010989010989 0.6785714285714286 0.11263736263736264 0.6758241758241759 0.11263736263736264 0.6593406593406593 0.11538461538461539 0.6565934065934066 0.11538461538461539 0.6373626373626373 0.11263736263736264 0.6346153846153846 0.11263736263736264 0.6263736263736264 0.10989010989010989 0.6236263736263736 0.10989010989010989 0.6181318681318682 0.1043956043956044 0.6126373626373627 0.10164835164835165 0.6126373626373627 0.0989010989010989 0.6098901098901099 0.09615384615384616 0.6098901098901099 0.09340659340659341 0.6071428571428571 0.09065934065934066 0.6071428571428571 0.08791208791208792 0.6043956043956044 0.08241758241758242 0.6043956043956044 0.07967032967032966 0.6016483516483516 0.07417582417582418 0.6016483516483516 0.07142857142857142 0.5989010989010989 0.06593406593406594 0.5989010989010989 0.06318681318681318 0.5961538461538461 0.03296703296703297 0.5961538461538461 0.03021978021978022 0.5989010989010989 0.0027472527472527475 0.5989010989010989
0 0 0.25824175824175827 0 0.5357142857142857 0.019230769230769232 0.5357142857142857 0.02197802197802198 0.5384615384615384 0.03021978021978022 0.5384615384615384 0.03296703296703297 0.5412087912087912 0.04120879120879121 0.5412087912087912 0.04395604395604396 0.5439560439560439 0.046703296703296704 0.5412087912087912 0.057692307692307696 0.5412087912087912 0.06043956043956044 0.5384615384615384 0.06593406593406594 0.5384615384615384 0.06868131868131869 0.5357142857142857 0.07142857142857142 0.5357142857142857 0.07417582417582418 0.532967032967033 0.07417582417582418 0.5137362637362637 0.07142857142857142 0.510989010989011 0.07142857142857142 0.4340659340659341 0.07417582417582418 0.43131868131868134 0.07417582417582418 0.4230769230769231 0.07692307692307693 0.42032967032967034 0.07692307692307693 0.41483516483516486 0.07417582417582418 0.41208791208791207 0.07417582417582418 0.3516483516483517 0.07692307692307693 0.3489010989010989 0.07692307692307693 0.32967032967032966 0.07967032967032966 0.3269230769230769 0.07967032967032966 0.32142857142857145 0.08241758241758242 0.31868131868131866 0.08241758241758242 0.3021978021978022 0.07417582417582418 0.3021978021978022 0.07142857142857142 0.30494505494505497 0.06593406593406594 0.30494505494505497 0.06318681318681318 0.3021978021978022 0.06318681318681318 0.29395604395604397 0.06593406593406594 0.29120879120879123 0.06868131868131869 0.29120879120879123 0.06868131868131869 0.28846153846153844 0.06593406593406594 0.2857142857142857 0.06593406593406594 0.27472527472527475 0.06868131868131869 0.27197802197802196 0.07692307692307693 0.27197802197802196 0.07967032967032966 0.27472527472527475 0.08241758241758242 0.27472527472527475 0.07692307692307693 0.2692307692307692 0.07692307692307693 0.2664835164835165 0.054945054945054944 0.2664835164835165 0.0521978021978022 0.26373626373626374 0.046703296703296704 0.26373626373626374 0.04395604395604396 0.260989010989011 0.03571428571428571 0.260989010989011 0.03296703296703297 0.25824175824175827
0 0.5989010989010989 0.978021978021978 0.5989010989010989 0.9972527472527473 0.9972527472527473 0.9972527472527473 0.9972527472527473 0.9587912087912088 0.9807692307692307 0.9587912087912088 0.978021978021978 0.9560439560439561 0.9725274725274725 0.9560439560439561 0.9697802197802198 0.9532967032967034 0.9615384615384616 0.9532967032967034 0.9587912087912088 0.9560439560439561 0.9532967032967034 0.9560439560439561 0.9505494505494505 0.9587912087912088 0.9423076923076923 0.9587912087912088 0.9395604395604396 0.9615384615384616 0.9148351648351648 0.9615384615384616 0.9120879120879121 0.9587912087912088 0.8983516483516484 0.9587912087912088 0.8956043956043956 0.9560439560439561 0.8791208791208791 0.9560439560439561 0.8763736263736264 0.9587912087912088 0.8626373626373627 0.9587912087912088 0.8598901098901099 0.9560439560439561 0.8571428571428571 0.9560439560439561 0.8543956043956044 0.9532967032967034 0.8516483516483516 0.9532967032967034 0.8489010989010989 0.9505494505494505 0.8461538461538461 0.9505494505494505 0.8434065934065934 0.9478021978021978 0.8379120879120879 0.9478021978021978 0.8351648351648352 0.945054945054945 0.8269230769230769 0.945054945054945 0.8241758241758241 0.9423076923076923 0.8021978021978022 0.9423076923076923 0.7994505494505495 0.945054945054945 0.7939560439560439 0.945054945054945 0.7912087912087912 0.9423076923076923 0.7472527472527473 0.9423076923076923 0.7445054945054945 0.945054945054945 0.7252747252747253 0.945054945054945 0.7225274725274725 0.9478021978021978 0.7115384615384616 0.9478021978021978 0.7087912087912088 0.945054945054945 0.7060439560439561 0.945054945054945 0.7032967032967034 0.9423076923076923 0.7005494505494505 0.9423076923076923 0.6978021978021978 0.9395604395604396 0.6785714285714286 0.9395604395604396 0.6758241758241759 0.9368131868131868 0.6675824175824175 0.9368131868131868 0.6648351648351648 0.9340659340659341 0.6593406593406593 0.9340659340659341 0.6565934065934066 0.9368131868131868 0.6538461538461539 0.9368131868131868 0.6510989010989011 0.9395604395604396 0.6456043956043956 0.9395604395604396 0.6428571428571429 0.9423076923076923 0.6181318681318682 0.9423076923076923 0.6153846153846154 0.945054945054945 0.6043956043956044 0.945054945054945 0.6043956043956044 0.967032967032967 0.6016483516483516 0.9697802197802198 0.6016483516483516 0.9752747252747253
1 0.0989010989010989 0 0.0989010989010989 0.013736263736263736 0.10164835164835165 0.016483516483516484 0.10164835164835165 0.03571428571428571 0.1043956043956044 0.038461538461538464 0.1043956043956044 0.04120879120879121 0.10714285714285714 0.04395604395604396 0.10714285714285714 0.04945054945054945 0.10989010989010989 0.0521978021978022 0.10989010989010989 0.06043956043956044 0.11538461538461539 0.06593406593406594 0.12362637362637363 0.06593406593406594 0.1346153846153846 0.07692307692307693 0.1346153846153846 0.09340659340659341 0.12912087912087913 0.0989010989010989 0.12912087912087913 0.10164835164835165 0.12637362637362637 0.1043956043956044 0.12362637362637363 0.1043956043956044 0.12087912087912088 0.10714285714285714 0.12087912087912088 0.10989010989010989 0.11538461538461539 0.11538461538461539 0.11538461538461539 0.12362637362637363 0.11263736263736264 0.12637362637362637 0.11263736263736264 0.1401098901098901 0.11538461538461539 0.14285714285714285 0.11538461538461539 0.14560439560439561 0.11813186813186813 0.14835164835164835 0.11813186813186813 0.15384615384615385 0.12087912087912088 0.1565934065934066 0.12087912087912088 0.1813186813186813 0.12362637362637363 0.18406593406593408 0.12362637362637363 0.18681318681318682 0.12912087912087913 0.19230769230769232 0.12912087912087913 0.20054945054945056 0.12637362637362637 0.2032967032967033 0.12087912087912088 0.2032967032967033 0.12087912087912088 0.22252747252747251 0.11813186813186813 0.22527472527472528 0.12362637362637363 0.22527472527472528 0.12637362637362637 0.22802197802197802 0.13186813186813187 0.22802197802197802 0.1346153846153846 0.23076923076923078 0.14285714285714285 0.23076923076923078 0.14560439560439561 0.23351648351648352 0.15934065934065933 0.23351648351648352 0.1620879120879121 0.23626373626373626 0.17582417582417584 0.23626373626373626 0.17857142857142858 0.23351648351648352 0.18956043956043955 0.23351648351648352 0.19230769230769232 0.23076923076923078 0.2032967032967033 0.23076923076923078 0.20604395604395603 0.22802197802197802 0.21703296703296704 0.22802197802197802 0.21978021978021978 0.22527472527472528 0.22252747252747251 0.22527472527472528 0.22527472527472528 0.22802197802197802 0.23351648351648352 0.22802197802197802 0.23626373626373626 0.23076923076923078 0.23901098901098902 0.23076923076923078 0.24175824175824176 0.23351648351648352 0.25 0.23351648351648352 0.25274725274725274 0.23626373626373626 0.260989010989011 0.23626373626373626 0.26373626373626374 0.23901098901098902 0.27472527472527475 0.23901098901098902 0.2774725274725275 0.24175824175824176 0.30494505494505497 0.24175824175824176 0.3076923076923077 0.23901098901098902 0.31043956043956045 0.24175824175824176 0.31868131868131866 0.24175824175824176 0.32142857142857145 0.23901098901098902 0.3241758241758242 0.24175824175824176 0.3543956043956044 0.24175824175824176 0.35714285714285715 0.2445054945054945 0.45879120879120877 0.2445054945054945 0.46153846153846156 0.24725274725274726 0.47527472527472525 0.24725274725274726 0.47802197802197804 0.2445054945054945 0.49175824175824173 0.2445054945054945 0.4945054945054945 0.24175824175824176 0.5247252747252747 0.24175824175824176 0.5274725274725275 0.23901098901098902 0.5357142857142857 0.23901098901098902 0.5384615384615384 0.23626373626373626 0.5412087912087912 0.23626373626373626 0.5439560439560439 0.23351648351648352 0.5494505494505495 0.23351648351648352 0.5604395604395604 0.22252747252747251 0.5631868131868132 0.22252747252747251 0.5714285714285714 0.21428571428571427 0.5714285714285714 0.21153846153846154 0.5769230769230769 0.20604395604395603 0.5769230769230769 0.2032967032967033 0.5796703296703297 0.20054945054945056 0.5796703296703297 0.19505494505494506 0.5824175824175825 0.19230769230769232 0.5824175824175825 0.18406593406593408 0.5851648351648352 0.1813186813186813 0.5851648351648352 0.17307692307692307 0.5879120879120879 0.17032967032967034 0.5879120879120879 0.1620879120879121 0.5906593406593407 0.15934065934065933 0.5906593406593407 0.1510989010989011 0.5934065934065934 0.14835164835164835 0.5934065934065934 0.12362637362637363 0.5906593406593407 0.12087912087912088 0.5906593406593407 0.1043956043956044 0.5879120879120879 0.10164835164835165 0.5879120879120879 0.08516483516483517 0.5851648351648352 0.08241758241758242 0.5851648351648352 0.027472527472527472 0.5879120879120879 0.024725274725274724 0.5879120879120879 0.01098901098901099 0.5906593406593407 0.008241758241758242 0.5906593406593407 0
1 0.057692307692307696 0.9945054945054945 0.057692307692307696 0.9972527472527473 0.5494505494505495 0.9972527472527473 0.5494505494505495 0.9807692307692307 0.5467032967032966 0.978021978021978 0.5467032967032966 0.9725274725274725 0.5439560439560439 0.9697802197802198 0.5439560439560439 0.967032967032967 0.5412087912087912 0.9642857142857143 0.5412087912087912 0.9560439560439561 0.5384615384615384 0.9532967032967034 0.5384615384615384 0.9478021978021978 0.5357142857142857 0.945054945054945 0.532967032967033 0.945054945054945 0.5302197802197802 0.9423076923076923 0.5027472527472527 0.9423076923076923 0.5 0.945054945054945 0.49725274725274726 0.9423076923076923 0.4835164835164835 0.9423076923076923 0.4807692307692308 0.9395604395604396 0.4368131868131868 0.9395604395604396 0.43131868131868134 0.9340659340659341 0.4258241758241758 0.9340659340659341 0.4230769230769231 0.9313186813186813 0.38461538461538464 0.9313186813186813 0.38186813186813184 0.9285714285714286 0.37637362637362637 0.9285714285714286 0.37362637362637363 0.9313186813186813 0.36538461538461536 0.9313186813186813 0.3626373626373626 0.9340659340659341 0.34065934065934067 0.9340659340659341 0.33791208791208793 0.9313186813186813 0.3241758241758242 0.9313186813186813 0.32142857142857145 0.9285714285714286 0.29945054945054944 0.9285714285714286 0.2967032967032967 0.9258241758241759 0.2774725274725275 0.9258241758241759 0.27472527472527475 0.9230769230769231 0.2445054945054945 0.9230769230769231 0.24175824175824176 0.9203296703296703 0.22527472527472528 0.9203296703296703 0.22252747252747251 0.9175824175824175 0.21428571428571427 0.9175824175824175 0.21153846153846154 0.9148351648351648 0.1978021978021978 0.9148351648351648 0.19505494505494506 0.9175824175824175 0.1813186813186813 0.9175824175824175 0.17857142857142858 0.9203296703296703 0.16758241758241757 0.9203296703296703 0.16483516483516483 0.9230769230769231 0.15384615384615385 0.9230769230769231 0.1510989010989011 0.9258241758241759 0.12362637362637363 0.9258241758241759 0.12087912087912088 0.9230769230769231 0.09340659340659341 0.9230769230769231 0.09065934065934066 0.9203296703296703 0.07967032967032966 0.9203296703296703 0.07967032967032966 0.9230769230769231 0.07417582417582418 0.9285714285714286 0.07142857142857142 0.9285714285714286 0.07142857142857142 0.9313186813186813 0.06593406593406594 0.9368131868131868 0.06593406593406594 0.945054945054945 0.06868131868131869 0.9478021978021978 0.06868131868131869 0.9505494505494505 0.07142857142857142 0.9532967032967034 0.07142857142857142 0.9697802197802198 0.06868131868131869 0.9725274725274725 0.06868131868131869 0.9752747252747253 0.06593406593406594 0.978021978021978 0.06593406593406594 0.9807692307692307 0.06043956043956044 0.9862637362637363 0.06043956043956044 0.9917582417582418
1 0 0 0 0.22252747252747251 0.019230769230769232 0.22252747252747251 0.02197802197802198 0.21978021978021978 0.03296703296703297 0.21978021978021978 0.03571428571428571 0.22252747252747251 0.04945054945054945 0.22252747252747251 0.0521978021978022 0.22527472527472528 0.06868131868131869 0.22527472527472528 0.07142857142857142 0.22252747252747251 0.07417582417582418 0.22252747252747251 0.07692307692307693 0.21978021978021978 0.08241758241758242 0.21978021978021978 0.08516483516483517 0.21703296703296704 0.0989010989010989 0.21703296703296704 0.0989010989010989 0.21428571428571427 0.09615384615384616 0.21153846153846154 0.09615384615384616 0.20054945054945056 0.09340659340659341 0.1978021978021978 0.08791208791208792 0.1978021978021978 0.08516483516483517 0.19505494505494506 0.08516483516483517 0.18681318681318682 0.08791208791208792 0.18406593406593408 0.09340659340659341 0.18406593406593408 0.09615384615384616 0.18681318681318682 0.09615384615384616 0.18406593406593408 0.09340659340659341 0.1813186813186813 0.09340659340659341 0.17857142857142858 0.09065934065934066 0.17582417582417584 0.09065934065934066 0.16758241758241757 0.08791208791208792 0.16483516483516483 0.08791208791208792 0.15934065934065933 0.08516483516483517 0.1565934065934066 0.08516483516483517 0.1510989010989011 0.08241758241758242 0.14835164835164835 0.08241758241758242 0.14285714285714285 0.07967032967032966 0.1401098901098901 0.07967032967032966 0.12087912087912088 0.08241758241758242 0.11813186813186813 0.08241758241758242 0.09340659340659341 0.07967032967032966 0.09065934065934066 0.07967032967032966 0.08791208791208792 0.07692307692307693 0.08516483516483517 0.07692307692307693 0.08241758241758242 0.07417582417582418 0.07967032967032966 0.07417582417582418 0.07692307692307693 0.07142857142857142 0.07417582417582418 0.07142857142857142 0.06593406593406594 0.06868131868131869 0.06318681318681318 0.06868131868131869 0.046703296703296704 0.07142857142857142 0.04395604395604396 0.07142857142857142 0.024725274725274724 0.07417582417582418 0.02197802197802198 0.07417582417582418 0.008241758241758242 0.07692307692307693 0.005494505494505495 0.07692307692307693 0
1 0 0.9230769230769231 0 0.9972527472527473 0.046703296703296704 0.9972527472527473 0.046703296703296704 0.9752747252747253 0.04395604395604396 0.9725274725274725 0.04120879120879121 0.9725274725274725 0.038461538461538464 0.9697802197802198 0.038461538461538464 0.967032967032967 0.03296703296703297 0.9615384615384616 0.03296703296703297 0.9505494505494505 0.03021978021978022 0.9478021978021978 0.03021978021978022 0.9395604395604396 0.03296703296703297 0.9368131868131868 0.03021978021978022 0.9368131868131868 0.027472527472527472 0.9340659340659341 0.02197802197802198 0.9340659340659341 0.019230769230769232 0.9313186813186813 0.016483516483516484 0.9313186813186813 0.013736263736263736 0.9285714285714286 0.008241758241758242 0.9285714285714286 0.005494505494505495 0.9258241758241759 0.0027472527472527475 0.9258241758241759
2 0.09615384615384616 0 0.07967032967032966 0 0.07967032967032966 0.005494505494505495 0.07692307692307693 0.008241758241758242 0.07692307692307693 0.02197802197802198 0.07417582417582418 0.024725274725274724 0.07417582417582418 0.04395604395604396 0.07142857142857142 0.046703296703296704 0.07142857142857142 0.06318681318681318 0.07417582417582418 0.06593406593406594 0.07417582417582418 0.07417582417582418 0.08516483516483517 0.09340659340659341 0.08516483516483517 0.11813186813186813 0.08241758241758242 0.12087912087912088 0.08241758241758242 0.1401098901098901 0.08516483516483517 0.14285714285714285 0.08516483516483517 0.14835164835164835 0.08791208791208792 0.1510989010989011 0.08791208791208792 0.1565934065934066 0.09065934065934066 0.15934065934065933 0.09065934065934066 0.16483516483516483 0.09340659340659341 0.16758241758241757 0.09340659340659341 0.17582417582417584 0.0989010989010989 0.18406593406593408 0.0989010989010989 0.18681318681318682 0.09615384615384616 0.18956043956043955 0.09340659340659341 0.18681318681318682 0.08791208791208792 0.18681318681318682 0.08791208791208792 0.19505494505494506 0.09340659340659341 0.19505494505494506 0.0989010989010989 0.20054945054945056 0.0989010989010989 0.21153846153846154 0.10164835164835165 0.21428571428571427 0.10164835164835165 0.21703296703296704 0.09615384615384616 0.22527472527472528 0.09615384615384616 0.24175824175824176 0.0989010989010989 0.2445054945054945 0.0989010989010989 0.25274725274725274 0.10714285714285714 0.26373626373626374 0.10714285714285714 0.28296703296703296 0.1043956043956044 0.2857142857142857 0.1043956043956044 0.29120879120879123 0.10164835164835165 0.29395604395604397 0.10164835164835165 0.29945054945054944 0.0989010989010989 0.3021978021978022 0.0989010989010989 0.3269230769230769 0.09615384615384616 0.32967032967032966 0.09615384615384616 0.33516483516483514 0.09065934065934066 0.3434065934065934 0.09065934065934066 0.3543956043956044 0.09340659340659341 0.35714285714285715 0.09340659340659341 0.39285714285714285 0.08791208791208792 0.3983516483516483 0.08791208791208792 0.40384615384615385 0.07967032967032966 0.4175824175824176 0.07967032967032966 0.4230769230769231 0.07692307692307693 0.4258241758241758 0.07692307692307693 0.4340659340659341 0.07417582417582418 0.4368131868131868 0.07417582417582418 0.510989010989011 0.07692307692307693 0.5137362637362637 0.07692307692307693 0.5302197802197802 0.08241758241758242 0.5384615384615384 0.07967032967032966 0.5412087912087912 0.07967032967032966 0.5521978021978022 0.07142857142857142 0.5631868131868132 0.07142857142857142 0.5686813186813187 0.06868131868131869 0.5714285714285714 0.06868131868131869 0.5824175824175825 0.06593406593406594 0.5851648351648352 0.06593406593406594 0.5961538461538461 0.07142857142857142 0.5961538461538461 0.07417582417582418 0.5989010989010989 0.08791208791208792 0.6016483516483516 0.09065934065934066 0.6043956043956044 0.1043956043956044 0.6098901098901099 0.11263736263736264 0.6181318681318682 0.11263736263736264 0.6236263736263736 0.11538461538461539 0.6263736263736264 0.11538461538461539 0.6346153846153846 0.11813186813186813 0.6373626373626373 0.11813186813186813 0.6565934065934066 0.11538461538461539 0.6593406593406593 0.11538461538461539 0.6758241758241759 0.11263736263736264 0.6785714285714286 0.11263736263736264 0.782967032967033 0.10989010989010989 0.7857142857142857 0.10989010989010989 0.8324175824175825 0.10714285714285714 0.8351648351648352 0.10714285714285714 0.8406593406593407 0.1043956043956044 0.8434065934065934 0.1043956043956044 0.8598901098901099 0.10164835164835165 0.8626373626373627 0.10164835164835165 0.8681318681318682 0.09340659340659341 0.8763736263736264 0.09065934065934066 0.8763736263736264 0.08791208791208792 0.8791208791208791 0.07967032967032966 0.8818681318681318 0.07417582417582418 0.8873626373626373 0.06593406593406594 0.8901098901098901 0.054945054945054944 0.9010989010989011 0.0521978021978022 0.9010989010989011 0.04945054945054945 0.9038461538461539 0.005494505494505495 0.9038461538461539 0 0.9093406593406593 0 0.9203296703296703 0.0027472527472527475 0.9230769230769231 0.005494505494505495 0.9230769230769231 0.008241758241758242 0.9258241758241759 0.013736263736263736 0.9258241758241759 0.02197802197802198 0.9313186813186813 0.027472527472527472 0.9313186813186813 0.03571428571428571 0.9368131868131868 0.03296703296703297 0.9395604395604396 0.03296703296703297 0.9478021978021978 0.03571428571428571 0.9505494505494505 0.03571428571428571 0.9615384615384616 0.04120879120879121 0.967032967032967 0.04120879120879121 0.9697802197802198 0.04395604395604396 0.9697802197802198 0.04945054945054945 0.9752747252747253 0.04945054945054945 0.9972527472527473 0.054945054945054944 0.9972527472527473 0.054945054945054944 0.9945054945054945 0.057692307692307696 0.9917582417582418 0.057692307692307696 0.9862637362637363 0.06318681318681318 0.9807692307692307 0.06318681318681318 0.978021978021978 0.06868131868131869 0.9697802197802198 0.06868131868131869 0.9532967032967034 0.06318681318681318 0.945054945054945 0.06318681318681318 0.9368131868131868 0.06868131868131869 0.9313186813186813 0.06868131868131869 0.9285714285714286 0.07692307692307693 0.9230769230769231 0.07967032967032966 0.9093406593406593 0.08516483516483517 0.9038461538461539 0.1043956043956044 0.8956043956043956 0.11263736263736264 0.8873626373626373 0.11263736263736264 0.8846153846153846 0.12087912087912088 0.8708791208791209 0.12087912087912088 0.8571428571428571 0.12362637362637363 0.8543956043956044 0.12362637362637363 0.8131868131868132 0.12087912087912088 0.8104395604395604 0.12087912087912088 0.7994505494505495 0.11813186813186813 0.7967032967032966 0.11813186813186813 0.7747252747252747 0.12087912087912088 0.771978021978022 0.12087912087912088 0.760989010989011 0.12637362637362637 0.7527472527472527 0.12637362637362637 0.7445054945054945 0.12912087912087913 0.7417582417582418 0.12912087912087913 0.7032967032967034 0.12637362637362637 0.7005494505494505 0.12637362637362637 0.6895604395604396 0.12362637362637363 0.6868131868131868 0.12637362637362637 0.6840659340659341 0.12637362637362637 0.6730769230769231 0.12912087912087913 0.6703296703296703 0.12912087912087913 0.6483516483516484 0.12637362637362637 0.6456043956043956 0.12637362637362637 0.6428571428571429 0.13186813186813187 0.6346153846153846 0.13186813186813187 0.6098901098901099 0.12087912087912088 0.5961538461538461 0.11538461538461539 0.5961538461538461 0.11263736263736264 0.5934065934065934 0.09340659340659341 0.5934065934065934 0.09065934065934066 0.5906593406593407 0.09065934065934066 0.5824175824175825 0.08791208791208792 0.5796703296703297 0.09340659340659341 0.5714285714285714 0.09340659340659341 0.5631868131868132 0.09615384615384616 0.5604395604395604 0.09615384615384616 0.5467032967032966 0.0989010989010989 0.5439560439560439 0.0989010989010989 0.5274725274725275 0.09615384615384616 0.5247252747252747 0.09615384615384616 0.5192307692307693 0.09340659340659341 0.5164835164835165 0.09340659340659341 0.5054945054945055 0.08791208791208792 0.49725274725274726 0.08791208791208792 0.48626373626373626 0.09340659340659341 0.47802197802197804 0.09340659340659341 0.45604395604395603 0.09065934065934066 0.4532967032967033 0.09065934065934066 0.4423076923076923 0.09615384615384616 0.4340659340659341 0.09615384615384616 0.4258241758241758 0.1043956043956044 0.41483516483516486 0.10714285714285714 0.3956043956043956 0.10989010989010989 0.39285714285714285 0.10989010989010989 0.3873626373626374 0.11263736263736264 0.38461538461538464 0.11263736263736264 0.36538461538461536 0.10989010989010989 0.3626373626373626 0.10989010989010989 0.35714285714285715 0.10714285714285714 0.3543956043956044 0.10989010989010989 0.3516483516483517 0.10989010989010989 0.3434065934065934 0.11538461538461539 0.33516483516483514 0.11538461538461539 0.32142857142857145 0.11813186813186813 0.31868131868131866 0.11813186813186813 0.3076923076923077 0.12087912087912088 0.30494505494505497 0.12087912087912088 0.29395604395604397 0.12637362637362637 0.2857142857142857 0.12637362637362637 0.2774725274725275 0.12912087912087913 0.27472527472527475 0.12912087912087913 0.25274725274725274 0.12637362637362637 0.25 0.12637362637362637 0.2445054945054945 0.11538461538461539 0.23076923076923078 0.11538461538461539 0.22527472527472528 0.11813186813186813 0.22252747252747251 0.11813186813186813 0.2032967032967033 0.12087912087912088 0.20054945054945056 0.12637362637362637 0.20054945054945056 0.12637362637362637 0.19230769230769232 0.11813186813186813 0.1813186813186813 0.11813186813186813 0.1565934065934066 0.11538461538461539 0.15384615384615385 0.11538461538461539 0.14835164835164835 0.10989010989010989 0.1401098901098901 0.10989010989010989 0.12637362637362637 0.11263736263736264 0.12362637362637363 0.11263736263736264 0.11538461538461539 0.11813186813186813 0.10989010989010989 0.11813186813186813 0.10714285714285714 0.12362637362637363 0.10164835164835165 0.12637362637362637 0.10164835164835165 0.12637362637362637 0.0989010989010989 0.13186813186813187 0.09340659340659341 0.13186813186813187 0.07692307692307693 0.12362637362637363 0.06868131868131869 0.11538461538461539 0.06868131868131869 0.10714285714285714 0.06043956043956044 0.10714285714285714 0.0521978021978022 0.1043956043956044 0.04945054945054945 0.1043956043956044 0.04395604395604396 0.0989010989010989 0.03571428571428571 0.0989010989010989 0.016483516483516484 0.09615384615384616 0.013736263736263736
2 0.08791208791208792 0.26373626373626374 0.07967032967032966 0.26373626373626374 0.07967032967032966 0.2692307692307692 0.08516483516483517 0.27472527472527475 0.08241758241758242 0.2774725274725275 0.07967032967032966 0.2774725274725275 0.07692307692307693 0.27472527472527475 0.06868131868131869 0.27472527472527475 0.06868131868131869 0.2857142857142857 0.07142857142857142 0.28846153846153844 0.07142857142857142 0.29120879120879123 0.06868131868131869 0.29395604395604397 0.06593406593406594 0.29395604395604397 0.06593406593406594 0.3021978021978022 0.07142857142857142 0.3021978021978022 0.07417582417582418 0.29945054945054944 0.08241758241758242 0.29945054945054944 0.08516483516483517 0.2967032967032967 0.08516483516483517 0.29395604395604397 0.08791208791208792 0.29120879120879123 0.08791208791208792 0.28296703296703296 0.09065934065934066 0.2802197802197802 0.09065934065934066 0.27197802197802196 0.08791208791208792 0.2692307692307692