0 0.23003194888178913 0.12140575079872204 0.23003194888178913 0.134185303514377 0.2268370607028754 0.13738019169329074 0.2268370607028754 0.16293929712460065 0.22364217252396165 0.16613418530351437 0.22364217252396165 0.1757188498402556 0.21725239616613418 0.1853035143769968 0.21725239616613418 0.19488817891373802 0.2108626198083067 0.20447284345047922 0.2108626198083067 0.21405750798722045 0.20766773162939298 0.21725239616613418 0.2108626198083067 0.22364217252396165 0.2108626198083067 0.24281150159744408 0.21405750798722045 0.24600638977635783 0.21405750798722045 0.25878594249201275 0.21725239616613418 0.26198083067092653 0.21725239616613418 0.2939297124600639 0.2108626198083067 0.30670926517571884 0.2108626198083067 0.31629392971246006 0.20447284345047922 0.3258785942492013 0.20447284345047922 0.3801916932907348 0.20766773162939298 0.38338658146964855 0.20766773162939298 0.38977635782747605 0.21725239616613418 0.38977635782747605 0.23003194888178913 0.3961661341853035 0.25878594249201275 0.3961661341853035 0.28753993610223644 0.41214057507987223 0.329073482428115 0.41214057507987223 0.33226837060702874 0.3993610223642173 0.34185303514376997 0.3929712460063898 0.3450479233226837 0.3865814696485623 0.34185303514376997 0.38338658146964855 0.34185303514376997 0.3738019169329074 0.33226837060702874 0.36421725239616615 0.33226837060702874 0.3546325878594249 0.3450479233226837 0.34185303514376997 0.3450479233226837 0.3194888178913738 0.34185303514376997 0.3194888178913738 0.33226837060702874 0.30990415335463256 0.33226837060702874 0.3035143769968051 0.3354632587859425 0.3003194888178914 0.329073482428115 0.28753993610223644 0.31309904153354634 0.2779552715654952 0.31309904153354634 0.2715654952076677 0.30990415335463256 0.2715654952076677 0.29073482428115016 0.24920127795527156 0.28753993610223644 0.2523961661341853 0.26198083067092653 0.2523961661341853 0.25878594249201275 0.24920127795527156 0.25878594249201275 0.24281150159744408 0.26517571884984026 0.23322683706070288 0.28753993610223644 0.23322683706070288 0.2939297124600639 0.23003194888178913 0.2939297124600639 0.22364217252396165 0.2971246006389776 0.22044728434504793 0.2971246006389776 0.20766773162939298 0.3003194888178914 0.20447284345047922 0.3003194888178914 0.19169329073482427 0.3035143769968051 0.18849840255591055 0.30990415335463256 0.18849840255591055 0.31629392971246006 0.19488817891373802 0.31309904153354634 0.2268370607028754 0.30670926517571884 0.23961661341853036 0.31309904153354634 0.24600638977635783 0.31309904153354634 0.25559105431309903 0.31629392971246006 0.25559105431309903 0.329073482428115 0.268370607028754 0.329073482428115 0.2715654952076677 0.33226837060702874 0.2715654952076677 0.34185303514376997 0.28115015974440893 0.34185303514376997 0.28434504792332266 0.3546325878594249 0.2939297124600639 0.3546325878594249 0.3003194888178914 0.3610223642172524 0.30670926517571884 0.36741214057507987 0.3194888178913738 0.36741214057507987 0.3258785942492013 0.3610223642172524 0.329073482428115 0.36421725239616615 0.33226837060702874 0.36421725239616615 0.3450479233226837 0.3514376996805112 0.35782747603833864 0.35782747603833864 0.3706070287539936 0.35782747603833864 0.3961661341853035 0.3514376996805112 0.40894568690095845 0.3450479233226837 0.41214057507987223 0.3738019169329074 0.41214057507987223 0.3769968051118211 0.4057507987220447 0.38338658146964855 0.4057507987220447 0.38338658146964855 0.3993610223642173 0.3865814696485623 0.3961661341853035 0.3993610223642173 0.3993610223642173 0.3993610223642173 0.3610223642172524 0.40894568690095845 0.34185303514376997 0.40894568690095845 0.3354632587859425 0.41533546325878595 0.329073482428115 0.41533546325878595 0.3194888178913738 0.4185303514376997 0.31309904153354634 0.4281150159744409 0.30670926517571884 0.4281150159744409 0.3003194888178914 0.43450479233226835 0.2939297124600639 0.4440894568690096 0.29073482428115016 0.4440894568690096 0.28753993610223644 0.4536741214057508 0.2779552715654952 0.46006389776357826 0.2779552715654952 0.46325878594249204 0.2747603833865815 0.476038338658147 0.2779552715654952 0.476038338658147 0.2715654952076677 0.48242811501597443 0.26517571884984026 0.48242811501597443 0.26198083067092653 0.48881789137380194 0.25559105431309903 0.49201277955271566 0.25559105431309903 0.49201277955271566 0.24281150159744408 0.5079872204472844 0.22364217252396165 0.5143769968051118 0.22364217252396165 0.5175718849840255 0.2268370607028754 0.5175718849840255 0.23961661341853036 0.5079872204472844 0.24920127795527156 0.5047923322683706 0.268370607028754 0.4984025559105431 0.2715654952076677 0.4952076677316294 0.2779552715654952 0.49201277955271566 0.2779552715654952 0.48881789137380194 0.2939297124600639 0.48242811501597443 0.3003194888178914 0.476038338658147 0.3003194888178914 0.46325878594249204 0.29073482428115016 0.4536741214057508 0.3035143769968051 0.4440894568690096 0.30670926517571884 0.44089456869009586 0.31629392971246006 0.43130990415335463 0.3258785942492013 0.43130990415335463 0.33226837060702874 0.4249201277955272 0.34185303514376997 0.4249201277955272 0.34824281150159747 0.4185303514376997 0.35782747603833864 0.4185303514376997 0.36741214057507987 0.41533546325878595 0.3706070287539936 0.41533546325878595 0.3865814696485623 0.4185303514376997 0.38977635782747605 0.4185303514376997 0.3961661341853035 0.4249201277955272 0.3961661341853035 0.4281150159744409 0.3993610223642173 0.4249201277955272 0.4185303514376997 0.43769968051118213 0.4249201277955272 0.44089456869009586 0.4217252396166134 0.5143769968051118 0.4217252396166134 0.5175718849840255 0.4249201277955272 0.536741214057508 0.4249201277955272 0.5399361022364217 0.4281150159744409 0.549520766773163 0.4281150159744409 0.5527156549520766 0.43130990415335463 0.6070287539936102 0.43130990415335463 0.610223642172524 0.43450479233226835 0.6293929712460063 0.43450479233226835 0.6325878594249201 0.43769968051118213 0.65814696485623 0.44089456869009586 0.6613418530351438 0.4440894568690096 0.670926517571885 0.4440894568690096 0.6741214057507987 0.4472843450479233 0.7028753993610224 0.4504792332268371 0.7060702875399361 0.4536741214057508 0.7156549520766773 0.4536741214057508 0.7380191693290735 0.46325878594249204 0.7539936102236422 0.46325878594249204 0.7571884984025559 0.46006389776357826 0.7827476038338658 0.46006389776357826 0.805111821086262 0.4696485623003195 0.8338658146964856 0.4696485623003195 0.8370607028753994 0.4728434504792332 0.9041533546325878 0.4728434504792332 0.9105431309904153 0.476038338658147 0.9137380191693291 0.4728434504792332 0.952076677316294 0.4728434504792332 0.9552715654952076 0.4696485623003195 0.9648562300319489 0.4696485623003195 0.9680511182108626 0.46645367412140576 0.9808306709265175 0.46645367412140576 0.9904153354632588 0.4728434504792332 0.9968051118210862 0.4728434504792332 0.9968051118210862 0.18210862619808307 0.9840255591054313 0.18210862619808307 0.9712460063897763 0.1757188498402556 0.9552715654952076 0.16293929712460065 0.939297124600639 0.16613418530351437 0.9297124600638977 0.17252396166134185 0.9137380191693291 0.17252396166134185 0.9105431309904153 0.16932907348242812 0.8945686900958466 0.16932907348242812 0.8913738019169329 0.16613418530351437 0.8242811501597445 0.16613418530351437 0.8210862619808307 0.16293929712460065 0.8083067092651757 0.16293929712460065 0.805111821086262 0.1597444089456869 0.7795527156549521 0.1597444089456869 0.7763578274760383 0.15654952076677317 0.7571884984025559 0.15654952076677317 0.7539936102236422 0.15335463258785942 0.744408945686901 0.15335463258785942 0.7412140575079872 0.1501597444089457 0.731629392971246 0.1501597444089457 0.7284345047923323 0.15335463258785942 0.7092651757188498 0.15335463258785942 0.7060702875399361 0.15654952076677317 0.6996805111821086 0.15654952076677317 0.6964856230031949 0.15335463258785942 0.6677316293929713 0.15335463258785942 0.6645367412140575 0.1501597444089457 0.6549520766773163 0.1501597444089457 0.6421725239616614 0.14376996805111822 0.5878594249201278 0.14376996805111822 0.5814696485623003 0.14696485623003194 0.5782747603833865 0.14376996805111822 0.5686900958466453 0.14376996805111822 0.5654952076677316 0.14057507987220447 0.5559105431309904 0.14057507987220447 0.5527156549520766 0.13738019169329074 0.5271565495207667 0.14057507987220447 0.5239616613418531 0.14376996805111822 0.5143769968051118 0.14376996805111822 0.5111821086261981 0.14057507987220447 0.4952076677316294 0.14057507987220447 0.49201277955271566 0.13738019169329074 0.4792332268370607 0.13738019169329074 0.476038338658147 0.134185303514377 0.4440894568690096 0.134185303514377 0.44089456869009586 0.13738019169329074 0.4217252396166134 0.13738019169329074 0.4185303514376997 0.134185303514377 0.3993610223642173 0.134185303514377 0.38977635782747605 0.12779552715654952 0.3706070287539936 0.12460063897763578 0.36741214057507987 0.12140575079872204 0.3610223642172524 0.12460063897763578 0.34824281150159747 0.12460063897763578 0.3450479233226837 0.12779552715654952 0.33226837060702874 0.12779552715654952 0.329073482428115 0.12460063897763578 0.3035143769968051 0.12460063897763578 0.3003194888178914 0.12140575079872204 0.28434504792332266 0.12140575079872204 0.28115015974440893 0.1182108626198083 0.24600638977635783 0.1182108626198083 0.24281150159744408 0.12140575079872204
0 0.46645367412140576 0.4952076677316294 0.46645367412140576 0.4984025559105431 0.46325878594249204 0.5015974440894568 0.46325878594249204 0.5047923322683706 0.46006389776357826 0.5079872204472844 0.46006389776357826 0.5143769968051118 0.45686900958466453 0.5175718849840255 0.45686900958466453 0.5239616613418531 0.4536741214057508 0.5271565495207667 0.4536741214057508 0.5335463258785943 0.4504792332268371 0.536741214057508 0.4504792332268371 0.5399361022364217 0.4472843450479233 0.5431309904153354 0.4472843450479233 0.5654952076677316 0.44089456869009586 0.5718849840255591 0.44089456869009586 0.5750798722044729 0.43450479233226835 0.5814696485623003 0.43450479233226835 0.6070287539936102 0.44089456869009586 0.6134185303514377 0.44089456869009586 0.6198083067092651 0.4440894568690096 0.6230031948881789 0.4440894568690096 0.6293929712460063 0.4472843450479233 0.6325878594249201 0.4472843450479233 0.6357827476038339 0.4504792332268371 0.6389776357827476 0.4504792332268371 0.6421725239616614 0.4472843450479233 0.645367412140575 0.4472843450479233 0.6549520766773163 0.4440894568690096 0.65814696485623 0.4440894568690096 0.6613418530351438 0.43769968051118213 0.6677316293929713 0.43769968051118213 0.670926517571885 0.43450479233226835 0.6741214057507987 0.43450479233226835 0.7188498402555911 0.43769968051118213 0.7220447284345048 0.43769968051118213 0.7284345047923323 0.44089456869009586 0.731629392971246 0.44089456869009586 0.7507987220447284 0.4440894568690096 0.7539936102236422 0.4440894568690096 0.7571884984025559 0.44089456869009586 0.7603833865814696 0.44089456869009586 0.7667731629392971 0.4504792332268371 0.7667731629392971 0.4536741214057508 0.7699680511182109 0.4696485623003195 0.7699680511182109 0.4728434504792332 0.7731629392971247 0.48881789137380194 0.7731629392971247 0.49201277955271566 0.7763578274760383 0.5111821086261981 0.7763578274760383 0.5143769968051118 0.7795527156549521 0.5399361022364217 0.7795527156549521 0.5431309904153354 0.7827476038338658 0.5686900958466453 0.7827476038338658 0.5718849840255591 0.7859424920127795 0.5942492012779552 0.7859424920127795 0.597444089456869 0.7891373801916933 0.6198083067092651 0.7891373801916933 0.6230031948881789 0.792332268370607 0.6357827476038339 0.792332268370607 0.6389776357827476 0.7955271565495208 0.6517571884984026 0.7955271565495208 0.6549520766773163 0.7987220447284346 0.6805111821086262 0.7987220447284346 0.6837060702875399 0.8019169329073482 0.6869009584664537 0.8019169329073482 0.6900958466453674 0.805111821086262 0.6932907348242812 0.805111821086262 0.6996805111821086 0.8115015974440895 0.7028753993610224 0.8115015974440895 0.7060702875399361 0.8146964856230032 0.7092651757188498 0.8146964856230032 0.7124600638977636 0.8178913738019169 0.7156549520766773 0.8146964856230032 0.7188498402555911 0.8146964856230032 0.7220447284345048 0.8115015974440895 0.7284345047923323 0.8115015974440895 0.731629392971246 0.8083067092651757 0.7348242811501597 0.8083067092651757 0.7380191693290735 0.805111821086262 0.7731629392971247 0.805111821086262 0.7763578274760383 0.8083067092651757 0.7859424920127795 0.8083067092651757 0.7891373801916933 0.8115015974440895 0.7955271565495208 0.8115015974440895 0.7987220447284346 0.8146964856230032 0.8083067092651757 0.8146964856230032 0.8115015974440895 0.8178913738019169 0.8242811501597445 0.8178913738019169 0.8274760383386581 0.8210862619808307 0.8849840255591054 0.8210862619808307 0.8881789137380192 0.8242811501597445 0.8945686900958466 0.8242811501597445 0.8977635782747604 0.8274760383386581 0.9009584664536742 0.8242811501597445 0.9041533546325878 0.8242811501597445 0.9073482428115016 0.8210862619808307 0.9105431309904153 0.8210862619808307 0.9137380191693291 0.8178913738019169 0.9169329073482428 0.8178913738019169 0.9169329073482428 0.8115015974440895 0.9201277955271565 0.8083067092651757 0.9201277955271565 0.8019169329073482 0.9233226837060703 0.7987220447284346 0.9233226837060703 0.7891373801916933 0.9265175718849841 0.7859424920127795 0.9265175718849841 0.7763578274760383 0.9297124600638977 0.7731629392971247 0.9297124600638977 0.7667731629392971 0.939297124600639 0.7571884984025559 0.939297124600639 0.7476038338658147 0.9361022364217252 0.744408945686901 0.9361022364217252 0.7412140575079872 0.9329073482428115 0.7380191693290735 0.9329073482428115 0.7284345047923323 0.9297124600638977 0.7252396166134185 0.9297124600638977 0.7092651757188498 0.9265175718849841 0.7060702875399361 0.9297124600638977 0.7028753993610224 0.9297124600638977 0.6837060702875399 0.9329073482428115 0.6805111821086262 0.9329073482428115 0.6741214057507987 0.9361022364217252 0.670926517571885 0.9361022364217252 0.6485623003194888 0.9424920127795527 0.6421725239616614 0.9424920127795527 0.6389776357827476 0.9456869009584664 0.6357827476038339 0.9456869009584664 0.6006389776357828 0.9424920127795527 0.597444089456869 0.9424920127795527 0.5942492012779552 0.9456869009584664 0.5910543130990416 0.9456869009584664 0.5750798722044729 0.9488817891373802 0.5718849840255591 0.9488817891373802 0.5686900958466453 0.9584664536741214 0.5591054313099042 0.9584664536741214 0.5527156549520766 0.9616613418530351 0.549520766773163 0.9616613418530351 0.5431309904153354 0.9584664536741214 0.5399361022364217 0.9584664536741214 0.5335463258785943 0.9552715654952076 0.5335463258785943 0.952076677316294 0.5303514376996805 0.9424920127795527 0.5303514376996805 0.939297124600639 0.5271565495207667 0.9329073482428115 0.5271565495207667 0.9297124600638977 0.5239616613418531 0.9265175718849841 0.5239616613418531 0.9233226837060703 0.5207667731629393 0.9201277955271565 0.5207667731629393 0.9169329073482428 0.5175718849840255 0.8881789137380192 0.5175718849840255 0.8849840255591054 0.5143769968051118 0.865814696485623 0.5143769968051118 0.8626198083067093 0.5111821086261981 0.8594249201277955 0.5143769968051118 0.853035143769968 0.5143769968051118 0.8498402555910544 0.5175718849840255 0.8434504792332268 0.5175718849840255 0.8402555910543131 0.5207667731629393 0.8306709265175719 0.5207667731629393 0.8274760383386581 0.5239616613418531 0.8115015974440895 0.5239616613418531 0.8083067092651757 0.5207667731629393 0.7827476038338658 0.5207667731629393 0.7795527156549521 0.5175718849840255 0.7699680511182109 0.5175718849840255 0.7667731629392971 0.5143769968051118 0.7603833865814696 0.5143769968051118 0.7571884984025559 0.5111821086261981 0.7476038338658147 0.5111821086261981 0.744408945686901 0.5079872204472844 0.7348242811501597 0.5079872204472844 0.731629392971246 0.5047923322683706 0.7252396166134185 0.5047923322683706 0.7220447284345048 0.5079872204472844 0.6996805111821086 0.5079872204472844 0.6964856230031949 0.5111821086261981 0.6613418530351438 0.5111821086261981 0.65814696485623 0.5079872204472844 0.6325878594249201 0.5079872204472844 0.6293929712460063 0.5047923322683706 0.6261980830670927 0.5047923322683706 0.6230031948881789 0.5015974440894568 0.6198083067092651 0.5015974440894568 0.6166134185303515 0.4984025559105431 0.610223642172524 0.4984025559105431 0.6070287539936102 0.4952076677316294 0.5591054313099042 0.4952076677316294 0.5559105431309904 0.4984025559105431 0.5079872204472844 0.4984025559105431 0.5047923322683706 0.4952076677316294 0.4952076677316294 0.4952076677316294 0.49201277955271566 0.49201277955271566 0.4696485623003195 0.49201277955271566
0 0.1757188498402556 0.7859424920127795 0.1757188498402556 0.8115015974440895 0.17252396166134185 0.8146964856230032 0.17252396166134185 0.8722044728434505 0.16932907348242812 0.8753993610223643 0.16932907348242812 0.8881789137380192 0.16613418530351437 0.8913738019169329 0.16613418530351437 0.8977635782747604 0.1597444089456869 0.9041533546325878 0.1597444089456869 0.9329073482428115 0.15654952076677317 0.9361022364217252 0.15654952076677317 0.939297124600639 0.1597444089456869 0.9424920127795527 0.15654952076677317 0.9456869009584664 0.15654952076677317 0.9584664536741214 0.15335463258785942 0.9616613418530351 0.15335463258785942 0.9936102236421726 0.1501597444089457 0.9968051118210862 0.9968051118210862 0.9968051118210862 0.9968051118210862 0.8785942492012779 0.9808306709265175 0.8785942492012779 0.9776357827476039 0.8817891373801917 0.9744408945686901 0.8785942492012779 0.9584664536741214 0.8785942492012779 0.9552715654952076 0.8753993610223643 0.9488817891373802 0.8753993610223643 0.9456869009584664 0.8722044728434505 0.939297124600639 0.8722044728434505 0.9361022364217252 0.8690095846645367 0.9169329073482428 0.8690095846645367 0.9073482428115016 0.8626198083067093 0.8881789137380192 0.8626198083067093 0.8849840255591054 0.865814696485623 0.8722044728434505 0.865814696485623 0.8690095846645367 0.8690095846645367 0.853035143769968 0.8690095846645367 0.8498402555910544 0.865814696485623 0.8242811501597445 0.865814696485623 0.8210862619808307 0.8626198083067093 0.8146964856230032 0.8626198083067093 0.8115015974440895 0.8594249201277955 0.7603833865814696 0.8594249201277955 0.7571884984025559 0.8562300319488818 0.7380191693290735 0.8562300319488818 0.7348242811501597 0.853035143769968 0.7156549520766773 0.853035143769968 0.7124600638977636 0.8498402555910544 0.6996805111821086 0.8498402555910544 0.6964856230031949 0.8466453674121406 0.6900958466453674 0.8466453674121406 0.6869009584664537 0.8434504792332268 0.6805111821086262 0.8434504792332268 0.6773162939297125 0.8402555910543131 0.670926517571885 0.8402555910543131 0.6677316293929713 0.8370607028753994 0.65814696485623 0.8370607028753994 0.6549520766773163 0.8338658146964856 0.645367412140575 0.8338658146964856 0.6421725239616614 0.8306709265175719 0.6357827476038339 0.8306709265175719 0.6261980830670927 0.8242811501597445 0.6070287539936102 0.8242811501597445 0.6038338658146964 0.8210862619808307 0.597444089456869 0.8210862619808307 0.5942492012779552 0.8242811501597445 0.5910543130990416 0.8242811501597445 0.5878594249201278 0.8210862619808307 0.5399361022364217 0.8210862619808307 0.536741214057508 0.8242811501597445 0.5015974440894568 0.8242811501597445 0.4984025559105431 0.8210862619808307 0.476038338658147 0.8210862619808307 0.4728434504792332 0.8178913738019169 0.4504792332268371 0.8178913738019169 0.4472843450479233 0.8146964856230032 0.4185303514376997 0.8146964856230032 0.41533546325878595 0.8115015974440895 0.3993610223642173 0.8115015974440895 0.3961661341853035 0.8083067092651757 0.3706070287539936 0.8083067092651757 0.36741214057507987 0.805111821086262 0.36421725239616615 0.805111821086262 0.3546325878594249 0.7987220447284346 0.3450479233226837 0.7987220447284346 0.3354632587859425 0.792332268370607 0.329073482428115 0.792332268370607 0.3258785942492013 0.7891373801916933 0.3226837060702875 0.7891373801916933 0.31309904153354634 0.7827476038338658 0.3035143769968051 0.7827476038338658 0.3003194888178914 0.7795527156549521 0.2715654952076677 0.7795527156549521 0.268370607028754 0.7827476038338658 0.2523961661341853 0.7827476038338658 0.24920127795527156 0.7859424920127795 0.2268370607028754 0.7859424920127795 0.22364217252396165 0.7891373801916933 0.22044728434504793 0.7859424920127795 0.20766773162939298 0.7859424920127795 0.20447284345047922 0.7827476038338658 0.17891373801916932 0.7827476038338658
0 0.476038338658147 0 0.476038338658147 0.025559105431309903 0.4792332268370607 0.02875399361022364 0.4792332268370607 0.0670926517571885 0.476038338658147 0.07028753993610223 0.476038338658147 0.0926517571884984 0.5079872204472844 0.0926517571884984 0.5111821086261981 0.09584664536741214 0.5143769968051118 0.09584664536741214 0.5175718849840255 0.09904153354632587 0.5239616613418531 0.09904153354632587 0.5271565495207667 0.10223642172523961 0.5431309904153354 0.10223642172523961 0.5463258785942492 0.09904153354632587 0.5846645367412141 0.09904153354632587 0.5878594249201278 0.10223642172523961 0.597444089456869 0.10223642172523961 0.6006389776357828 0.10543130990415335 0.6070287539936102 0.10543130990415335 0.610223642172524 0.10862619808306709 0.6134185303514377 0.10862619808306709 0.6166134185303515 0.11182108626198083 0.6325878594249201 0.11182108626198083 0.6357827476038339 0.10862619808306709 0.6421725239616614 0.10862619808306709 0.645367412140575 0.10543130990415335 0.6837060702875399 0.10543130990415335 0.6869009584664537 0.10862619808306709 0.7060702875399361 0.10862619808306709 0.7092651757188498 0.11182108626198083 0.7284345047923323 0.11182108626198083 0.731629392971246 0.11501597444089456 0.7476038338658147 0.11501597444089456 0.7507987220447284 0.1182108626198083 0.7603833865814696 0.1182108626198083 0.7635782747603834 0.12140575079872204 0.7699680511182109 0.12140575079872204 0.7731629392971247 0.12460063897763578 0.7955271565495208 0.12460063897763578 0.7987220447284346 0.12140575079872204 0.8083067092651757 0.12140575079872204 0.8115015974440895 0.1182108626198083 0.8434504792332268 0.1182108626198083 0.8466453674121406 0.12140575079872204 0.8562300319488818 0.12140575079872204 0.8594249201277955 0.12460063897763578 0.8690095846645367 0.12460063897763578 0.8722044728434505 0.12779552715654952 0.8881789137380192 0.12779552715654952 0.8913738019169329 0.12460063897763578 0.8945686900958466 0.12460063897763578 0.8977635782747604 0.12779552715654952 0.9233226837060703 0.12779552715654952 0.9265175718849841 0.13099041533546327 0.9456869009584664 0.13099041533546327 0.9488817891373802 0.12779552715654952 0.9712460063897763 0.12779552715654952 0.9840255591054313 0.11501597444089456 0.9840255591054313 0.11182108626198083 0.9936102236421726 0.10223642172523961 0.9936102236421726 0.09904153354632587 0.9904153354632588 0.09584664536741214 0.9904153354632588 0.08945686900958466 0.987220447284345 0.08626198083067092 0.987220447284345 0.07667731629392971 0.9840255591054313 0.07348242811501597 0.9840255591054313 0.05750798722044728 0.9808306709265175 0.054313099041533544 0.9808306709265175 0.04792332268370607 0.9776357827476039 0.04472843450479233 0.9776357827476039 0.04153354632587859 0.9808306709265175 0.038338658146964855 0.9808306709265175 0.02875399361022364 0.9840255591054313 0.025559105431309903 0.9840255591054313 0
0 0 0.09904153354632587 0 0.3706070287539936 0.009584664536741214 0.3706070287539936 0.012779552715654952 0.3738019169329074 0.019169329073482427 0.3738019169329074 0.022364217252396165 0.3769968051118211 0.02875399361022364 0.3769968051118211 0.03194888178913738 0.3801916932907348 0.051118210862619806 0.3801916932907348 0.054313099041533544 0.38338658146964855 0.07987220447284345 0.38338658146964855 0.08306709265175719 0.3801916932907348 0.08945686900958466 0.3801916932907348 0.0926517571884984 0.38338658146964855 0.10543130990415335 0.38338658146964855 0.10862619808306709 0.3865814696485623 0.12460063897763578 0.3865814696485623 0.12779552715654952 0.38977635782747605 0.134185303514377 0.38977635782747605 0.13738019169329074 0.3929712460063898 0.15335463258785942 0.3929712460063898 0.15654952076677317 0.3961661341853035 0.1597444089456869 0.3929712460063898 0.16932907348242812 0.3929712460063898 0.17252396166134185 0.38977635782747605 0.1757188498402556 0.38977635782747605 0.1757188498402556 0.34185303514376997 0.17891373801916932 0.33865814696485624 0.17891373801916932 0.33226837060702874 0.18210862619808307 0.329073482428115 0.18210862619808307 0.3258785942492013 0.1853035143769968 0.3226837060702875 0.1853035143769968 0.28434504792332266 0.18210862619808307 0.28115015974440893 0.18210862619808307 0.26198083067092653 0.1853035143769968 0.25878594249201275 0.1853035143769968 0.24600638977635783 0.18849840255591055 0.24281150159744408 0.18849840255591055 0.2268370607028754 0.19169329073482427 0.22364217252396165 0.19169329073482427 0.20766773162939298 0.18849840255591055 0.20447284345047922 0.18849840255591055 0.17252396166134185 0.19169329073482427 0.16932907348242812 0.19169329073482427 0.15335463258785942 0.19488817891373802 0.1501597444089457 0.19488817891373802 0.12779552715654952 0.19169329073482427 0.12460063897763578 0.18849840255591055 0.12460063897763578 0.1853035143769968 0.12140575079872204 0.18210862619808307 0.12140575079872204 0.1757188498402556 0.11501597444089456 0.16932907348242812 0.11501597444089456 0.16613418530351437 0.11182108626198083 0.1597444089456869 0.11182108626198083 0.15654952076677317 0.10862619808306709 0.15335463258785942 0.10862619808306709 0.1501597444089457 0.10543130990415335 0.13099041533546327 0.10543130990415335 0.12779552715654952 0.10862619808306709 0.11501597444089456 0.10862619808306709 0.11182108626198083 0.10543130990415335 0.09584664536741214 0.10543130990415335 0.0926517571884984 0.10223642172523961 0.07348242811501597 0.10223642172523961 0.07028753993610223 0.09904153354632587 0.051118210862619806 0.09904153354632587 0.04792332268370607 0.10223642172523961 0.038338658146964855 0.10223642172523961 0.03514376996805112 0.10543130990415335 0.02875399361022364 0.10543130990415335 0.025559105431309903 0.10223642172523961 0.012779552715654952 0.10223642172523961 0.009584664536741214 0.09904153354632587
0 0 0.7603833865814696 0 0.9968051118210862 0.13099041533546327 0.9968051118210862 0.13099041533546327 0.9936102236421726 0.12460063897763578 0.987220447284345 0.12460063897763578 0.9840255591054313 0.12140575079872204 0.9808306709265175 0.12140575079872204 0.9424920127795527 0.12460063897763578 0.939297124600639 0.12460063897763578 0.9329073482428115 0.12779552715654952 0.9297124600638977 0.12779552715654952 0.9233226837060703 0.134185303514377 0.9169329073482428 0.13099041533546327 0.9137380191693291 0.134185303514377 0.9105431309904153 0.134185303514377 0.8945686900958466 0.13738019169329074 0.8913738019169329 0.13738019169329074 0.8817891373801917 0.134185303514377 0.8785942492012779 0.134185303514377 0.8722044728434505 0.13099041533546327 0.8690095846645367 0.13099041533546327 0.8370607028753994 0.134185303514377 0.8338658146964856 0.134185303514377 0.8146964856230032 0.13099041533546327 0.8115015974440895 0.13099041533546327 0.7795527156549521 0.134185303514377 0.7763578274760383 0.134185303514377 0.7731629392971247 0.13099041533546327 0.7731629392971247 0.12779552715654952 0.7699680511182109 0.12460063897763578 0.7699680511182109 0.12140575079872204 0.7667731629392971 0.1182108626198083 0.7667731629392971 0.11501597444089456 0.7699680511182109 0.10543130990415335 0.7699680511182109 0.10223642172523961 0.7667731629392971 0.06389776357827476 0.7667731629392971 0.06070287539936102 0.7635782747603834 0.051118210862619806 0.7635782747603834 0.04792332268370607 0.7603833865814696 0.038338658146964855 0.7603833865814696 0.03514376996805112 0.7571884984025559 0.03194888178913738 0.7603833865814696
0 0.9968051118210862 0.5559105431309904 0.9968051118210862 0.5654952076677316 0.9936102236421726 0.5686900958466453 0.9936102236421726 0.5718849840255591 0.9904153354632588 0.5750798722044729 0.9904153354632588 0.5814696485623003 0.9936102236421726 0.5846645367412141 0.9936102236421726 0.597444089456869 0.9968051118210862 0.6006389776357828 0.9968051118210862 0.6389776357827476 0.9936102236421726 0.6421725239616614 0.9936102236421726 0.6900958466453674 0.9904153354632588 0.6932907348242812 0.9904153354632588 0.6964856230031949 0.987220447284345 0.6996805111821086 0.987220447284345 0.7060702875399361 0.9840255591054313 0.7092651757188498 0.9840255591054313 0.7284345047923323 0.9808306709265175 0.731629392971246 0.9808306709265175 0.7380191693290735 0.9776357827476039 0.7412140575079872 0.9776357827476039 0.7635782747603834 0.9744408945686901 0.7667731629392971 0.9744408945686901 0.7699680511182109 0.9776357827476039 0.7731629392971247 0.9776357827476039 0.7955271565495208 0.9808306709265175 0.7987220447284346 0.9808306709265175 0.8019169329073482 0.9840255591054313 0.805111821086262 0.9840255591054313 0.8178913738019169 0.987220447284345 0.8210862619808307 0.987220447284345 0.8242811501597445 0.9936102236421726 0.8306709265175719 0.9968051118210862 0.8306709265175719
1 0.0670926517571885 0.4536741214057508 0.0670926517571885 0.46325878594249204 0.06389776357827476 0.46645367412140576 0.06389776357827476 0.4696485623003195 0.0670926517571885 0.4728434504792332 0.0670926517571885 0.476038338658147 0.07028753993610223 0.4792332268370607 0.07028753993610223 0.49201277955271566 0.0670926517571885 0.4952076677316294 0.0670926517571885 0.4984025559105431 0.06389776357827476 0.5015974440894568 0.06389776357827476 0.5047923322683706 0.06070287539936102 0.5079872204472844 0.06070287539936102 0.5271565495207667 0.06389776357827476 0.5303514376996805 0.06389776357827476 0.5399361022364217 0.0670926517571885 0.5431309904153354 0.0670926517571885 0.5686900958466453 0.06389776357827476 0.5718849840255591 0.06389776357827476 0.5750798722044729 0.05750798722044728 0.5814696485623003 0.05750798722044728 0.5846645367412141 0.054313099041533544 0.5878594249201278 0.051118210862619806 0.5878594249201278 0.04792332268370607 0.5910543130990416 0.04472843450479233 0.5910543130990416 0.04153354632587859 0.5942492012779552 0.038338658146964855 0.5942492012779552 0.03514376996805112 0.597444089456869 0.03514376996805112 0.6293929712460063 0.038338658146964855 0.6325878594249201 0.038338658146964855 0.6549520766773163 0.03514376996805112 0.65814696485623 0.03514376996805112 0.6613418530351438 0.051118210862619806 0.6773162939297125 0.051118210862619806 0.6805111821086262 0.054313099041533544 0.6837060702875399 0.054313099041533544 0.6900958466453674 0.04792332268370607 0.6964856230031949 0.04472843450479233 0.6964856230031949 0.03514376996805112 0.7060702875399361 0.03194888178913738 0.7060702875399361 0.03194888178913738 0.7156549520766773 0.03514376996805112 0.7188498402555911 0.054313099041533544 0.7188498402555911 0.06070287539936102 0.7252396166134185 0.0670926517571885 0.7252396166134185 0.07028753993610223 0.7284345047923323 0.12779552715654952 0.7284345047923323 0.13099041533546327 0.731629392971246 0.15654952076677317 0.731629392971246 0.1597444089456869 0.7348242811501597 0.16932907348242812 0.7348242811501597 0.17252396166134185 0.7380191693290735 0.18210862619808307 0.7380191693290735 0.1853035143769968 0.7412140575079872 0.19808306709265175 0.7412140575079872 0.2012779552715655 0.744408945686901 0.21405750798722045 0.744408945686901 0.21725239616613418 0.7476038338658147 0.23322683706070288 0.7476038338658147 0.2364217252396166 0.7507987220447284 0.2523961661341853 0.7507987220447284 0.25559105431309903 0.7539936102236422 0.2747603833865815 0.7539936102236422 0.2779552715654952 0.7571884984025559 0.3035143769968051 0.7571884984025559 0.30670926517571884 0.7603833865814696 0.34824281150159747 0.7603833865814696 0.3514376996805112 0.7571884984025559 0.3546325878594249 0.7571884984025559 0.35782747603833864 0.7539936102236422 0.3610223642172524 0.7539936102236422 0.36421725239616615 0.7507987220447284 0.36741214057507987 0.7507987220447284 0.3706070287539936 0.7476038338658147 0.3738019169329074 0.7476038338658147 0.3801916932907348 0.7412140575079872 0.38338658146964855 0.7412140575079872 0.38977635782747605 0.7348242811501597 0.3929712460063898 0.7348242811501597 0.3929712460063898 0.7220447284345048 0.3961661341853035 0.7188498402555911 0.3961661341853035 0.7060702875399361 0.3993610223642173 0.7028753993610224 0.3993610223642173 0.610223642172524 0.402555910543131 0.6070287539936102 0.402555910543131 0.5463258785942492 0.4057507987220447 0.5431309904153354 0.4057507987220447 0.5175718849840255 0.40894568690095845 0.5143769968051118 0.40894568690095845 0.4984025559105431 0.4057507987220447 0.4984025559105431 0.402555910543131 0.4952076677316294 0.402555910543131 0.49201277955271566 0.3993610223642173 0.48881789137380194 0.3865814696485623 0.48881789137380194 0.38338658146964855 0.48562300319488816 0.3801916932907348 0.48562300319488816 0.3769968051118211 0.48242811501597443 0.36421725239616615 0.48242811501597443 0.3610223642172524 0.4792332268370607 0.35782747603833864 0.4792332268370607 0.3546325878594249 0.476038338658147 0.34185303514376997 0.476038338658147 0.33865814696485624 0.4728434504792332 0.30990415335463256 0.4728434504792332 0.30670926517571884 0.4696485623003195 0.2939297124600639 0.4696485623003195 0.29073482428115016 0.46645367412140576 0.2715654952076677 0.46645367412140576 0.268370607028754 0.46325878594249204 0.24600638977635783 0.46325878594249204 0.24281150159744408 0.46006389776357826 0.2268370607028754 0.46006389776357826 0.22364217252396165 0.45686900958466453 0.22044728434504793 0.45686900958466453 0.21725239616613418 0.4536741214057508 0.20766773162939298 0.4536741214057508 0.20447284345047922 0.4504792332268371 0.19488817891373802 0.4504792332268371 0.19169329073482427 0.4472843450479233 0.18210862619808307 0.4472843450479233 0.17891373801916932 0.4440894568690096 0.17891373801916932 0.44089456869009586 0.17252396166134185 0.44089456869009586 0.16932907348242812 0.4440894568690096 0.15335463258785942 0.4440894568690096 0.1501597444089457 0.44089456869009586 0.14057507987220447 0.44089456869009586 0.13738019169329074 0.43769968051118213 0.11182108626198083 0.43769968051118213 0.10862619808306709 0.43450479233226835 0.10543130990415335 0.43450479233226835 0.10223642172523961 0.43769968051118213 0.09904153354632587 0.43769968051118213 0.0926517571884984 0.4440894568690096 0.08626198083067092 0.4440894568690096 0.08306709265175719 0.4472843450479233 0.07667731629392971 0.4472843450479233 0.07348242811501597 0.4504792332268371 0.07028753993610223 0.4504792332268371
1 0 0 0 0.05750798722044728 0.009584664536741214 0.05750798722044728 0.012779552715654952 0.06070287539936102 0.025559105431309903 0.06070287539936102 0.02875399361022364 0.06389776357827476 0.03194888178913738 0.06389776357827476 0.03514376996805112 0.0670926517571885 0.04153354632587859 0.0670926517571885 0.04472843450479233 0.07028753993610223 0.0670926517571885 0.07028753993610223 0.0670926517571885 0.06070287539936102 0.07028753993610223 0.05750798722044728 0.07028753993610223 0.051118210862619806 0.07348242811501597 0.04792332268370607 0.07348242811501597 0.04472843450479233 0.07028753993610223 0.04153354632587859 0.07028753993610223 0.038338658146964855 0.0670926517571885 0.03514376996805112 0.0670926517571885 0.03194888178913738 0.06389776357827476 0.02875399361022364 0.06389776357827476 0.022364217252396165 0.0670926517571885 0.019169329073482427 0.0670926517571885 0.01597444089456869 0.07028753993610223 0.012779552715654952 0.07028753993610223 0.006389776357827476 0.07348242811501597 0.003194888178913738 0.08306709265175719 0.003194888178913738 0.08626198083067092 0.006389776357827476 0.08626198083067092 0.022364217252396165 0.08945686900958466 0.025559105431309903 0.0926517571884984 0.025559105431309903 0.09584664536741214 0.02875399361022364 0.09584664536741214 0.04153354632587859 0.0926517571884984 0.04472843450479233 0.0926517571884984 0.054313099041533544 0.09584664536741214 0.054313099041533544 0.10543130990415335 0.06389776357827476 0.10543130990415335 0.0670926517571885 0.15335463258785942 0.0670926517571885 0.15654952076677317 0.07028753993610223 0.21725239616613418 0.07028753993610223 0.22044728434504793 0.07348242811501597 0.268370607028754 0.07348242811501597 0.2715654952076677 0.07667731629392971 0.2971246006389776 0.07667731629392971 0.3003194888178914 0.07987220447284345 0.3226837060702875 0.07987220447284345 0.3258785942492013 0.08306709265175719 0.33865814696485624 0.08306709265175719 0.34185303514376997 0.07987220447284345 0.36421725239616615 0.07987220447284345 0.36741214057507987 0.07667731629392971 0.4185303514376997 0.07667731629392971 0.4281150159744409 0.0670926517571885 0.4281150159744409 0.06389776357827476 0.43130990415335463 0.06070287539936102 0.43130990415335463 0.05750798722044728 0.43450479233226835 0.054313099041533544 0.43450479233226835 0.038338658146964855 0.43769968051118213 0.03514376996805112 0.43769968051118213 0
1 0.025559105431309903 0.4249201277955272 0 0.4249201277955272 0 0.5750798722044729 0 0.5718849840255591 0.012779552715654952 0.5591054313099042 0.01597444089456869 0.5591054313099042 0.019169329073482427 0.5559105431309904 0.022364217252396165 0.5559105431309904 0.025559105431309903 0.5527156549520766 0.025559105431309903 0.5399361022364217 0.022364217252396165 0.536741214057508 0.022364217252396165 0.5143769968051118 0.02875399361022364 0.5079872204472844 0.02875399361022364 0.5015974440894568 0.03194888178913738 0.4984025559105431 0.03194888178913738 0.4952076677316294 0.03514376996805112 0.49201277955271566 0.03514376996805112 0.4504792332268371 0.038338658146964855 0.4472843450479233 0.038338658146964855 0.4440894568690096 0.03514376996805112 0.44089456869009586 0.03514376996805112 0.43769968051118213 0.03194888178913738 0.43450479233226835 0.03194888178913738 0.4281150159744409 0.02875399361022364 0.4281150159744409
1 0 0.5942492012779552 0 0.6996805111821086 0 0.6900958466453674 0.006389776357827476 0.6837060702875399 0.012779552715654952 0.6837060702875399 0.012779552715654952 0.6805111821086262 0.01597444089456869 0.6773162939297125 0.01597444089456869 0.6741214057507987 0.022364217252396165 0.6677316293929713 0.022364217252396165 0.6517571884984026 0.01597444089456869 0.645367412140575 0.01597444089456869 0.6357827476038339 0.012779552715654952 0.6325878594249201 0.012779552715654952 0.6293929712460063 0.009584664536741214 0.6261980830670927 0.009584664536741214 0.6230031948881789 0.006389776357827476 0.6198083067092651 0.006389776357827476 0.6134185303514377 0.003194888178913738 0.610223642172524 0.003194888178913738 0.6070287539936102 0 0.6038338658146964
2 0.07348242811501597 0.006389776357827476 0.07348242811501597 0.012779552715654952 0.0670926517571885 0.022364217252396165 0.0670926517571885 0.02875399361022364 0.07667731629392971 0.04472843450479233 0.07348242811501597 0.051118210862619806 0.07348242811501597 0.05750798722044728 0.07028753993610223 0.06070287539936102 0.07028753993610223 0.08306709265175719 0.07348242811501597 0.08626198083067092 0.07348242811501597 0.09904153354632587 0.0926517571884984 0.09904153354632587 0.09584664536741214 0.10223642172523961 0.11182108626198083 0.10223642172523961 0.11501597444089456 0.10543130990415335 0.12779552715654952 0.10543130990415335 0.13099041533546327 0.10223642172523961 0.1501597444089457 0.10223642172523961 0.1597444089456869 0.10862619808306709 0.1757188498402556 0.11182108626198083 0.18210862619808307 0.1182108626198083 0.19169329073482427 0.12140575079872204 0.19808306709265175 0.12779552715654952 0.19808306709265175 0.1501597444089457 0.19488817891373802 0.15335463258785942 0.19488817891373802 0.16932907348242812 0.19169329073482427 0.17252396166134185 0.19169329073482427 0.20447284345047922 0.19488817891373802 0.20766773162939298 0.19488817891373802 0.22364217252396165 0.19169329073482427 0.2268370607028754 0.19169329073482427 0.24281150159744408 0.18849840255591055 0.24600638977635783 0.18849840255591055 0.25878594249201275 0.1853035143769968 0.26198083067092653 0.1853035143769968 0.28115015974440893 0.18849840255591055 0.28434504792332266 0.18849840255591055 0.3226837060702875 0.17891373801916932 0.34185303514376997 0.17891373801916932 0.38977635782747605 0.16932907348242812 0.3961661341853035 0.1597444089456869 0.3961661341853035 0.15654952076677317 0.402555910543131 0.14696485623003194 0.402555910543131 0.14376996805111822 0.4057507987220447 0.12140575079872204 0.40894568690095845 0.10223642172523961 0.4185303514376997 0.0926517571884984 0.4185303514376997 0.08945686900958466 0.41533546325878595 0.04792332268370607 0.41533546325878595 0.038338658146964855 0.4249201277955272 0.03514376996805112 0.4249201277955272 0.03514376996805112 0.43450479233226835 0.04153354632587859 0.4472843450479233 0.038338658146964855 0.4504792332268371 0.038338658146964855 0.49201277955271566 0.03194888178913738 0.5015974440894568 0.03194888178913738 0.5079872204472844 0.025559105431309903 0.5143769968051118 0.025559105431309903 0.536741214057508 0.02875399361022364 0.5399361022364217 0.02875399361022364 0.5527156549520766 0.022364217252396165 0.5591054313099042 0.012779552715654952 0.5623003194888179 0.003194888178913738 0.5718849840255591 0 0.5782747603833865 0 0.5910543130990416 0.003194888178913738 0.5942492012779552 0.003194888178913738 0.6038338658146964 0.019169329073482427 0.6357827476038339 0.019169329073482427 0.645367412140575 0.025559105431309903 0.6517571884984026 0.025559105431309903 0.6677316293929713 0.019169329073482427 0.6741214057507987 0.01597444089456869 0.6837060702875399 0.003194888178913738 0.6900958466453674 0.003194888178913738 0.6996805111821086 0.012779552715654952 0.7060702875399361 0.012779552715654952 0.7188498402555911 0.01597444089456869 0.7220447284345048 0.01597444089456869 0.731629392971246 0.038338658146964855 0.7571884984025559 0.04792332268370607 0.7571884984025559 0.051118210862619806 0.7603833865814696 0.06070287539936102 0.7603833865814696 0.06389776357827476 0.7635782747603834 0.10223642172523961 0.7635782747603834 0.10543130990415335 0.7667731629392971 0.11501597444089456 0.7667731629392971 0.12140575079872204 0.7635782747603834 0.13738019169329074 0.7731629392971247 0.134185303514377 0.7795527156549521 0.134185303514377 0.8115015974440895 0.13738019169329074 0.8146964856230032 0.13738019169329074 0.8338658146964856 0.134185303514377 0.8370607028753994 0.134185303514377 0.8690095846645367 0.14057507987220447 0.8817891373801917 0.14057507987220447 0.8913738019169329 0.13738019169329074 0.8945686900958466 0.13738019169329074 0.9105431309904153 0.134185303514377 0.9137380191693291 0.13738019169329074 0.9169329073482428 0.13099041533546327 0.9233226837060703 0.13099041533546327 0.9297124600638977 0.12460063897763578 0.9424920127795527 0.12460063897763578 0.9808306709265175 0.13099041533546327 0.9904153354632588 0.13738019169329074 0.9904153354632588 0.13738019169329074 0.9552715654952076 0.134185303514377 0.952076677316294 0.14057507987220447 0.9424920127795527 0.14057507987220447 0.9233226837060703 0.14376996805111822 0.9201277955271565 0.14057507987220447 0.9169329073482428 0.14376996805111822 0.9137380191693291 0.14376996805111822 0.9073482428115016 0.1501597444089457 0.9009584664536742 0.15654952076677317 0.9009584664536742 0.16293929712460065 0.8977635782747604 0.16293929712460065 0.8913738019169329 0.16613418530351437 0.8881789137380192 0.16613418530351437 0.8753993610223643 0.16932907348242812 0.8722044728434505 0.16932907348242812 0.8434504792332268 0.16293929712460065 0.8434504792332268 0.1501597444089457 0.8306709265175719 0.1501597444089457 0.8242811501597445 0.14696485623003194 0.8210862619808307 0.14696485623003194 0.8115015974440895 0.15335463258785942 0.805111821086262 0.15335463258785942 0.7795527156549521 0.14696485623003194 0.7731629392971247 0.14696485623003194 0.7699680511182109 0.14057507987220447 0.7699680511182109 0.12779552715654952 0.7635782747603834 0.12140575079872204 0.7507987220447284 0.11501597444089456 0.7476038338658147 0.09904153354632587 0.7476038338658147 0.09584664536741214 0.744408945686901 0.07348242811501597 0.7412140575079872 0.06389776357827476 0.731629392971246 0.06070287539936102 0.731629392971246 0.054313099041533544 0.7220447284345048 0.03514376996805112 0.7220447284345048 0.02875399361022364 0.7156549520766773 0.02875399361022364 0.7060702875399361 0.051118210862619806 0.6900958466453674 0.051118210862619806 0.6837060702875399 0.04792332268370607 0.6773162939297125 0.03194888178913738 0.6613418530351438 0.03514376996805112 0.6549520766773163 0.03514376996805112 0.6325878594249201 0.03194888178913738 0.6293929712460063 0.03194888178913738 0.597444089456869 0.038338658146964855 0.5910543130990416 0.054313099041533544 0.5846645367412141 0.054313099041533544 0.5814696485623003 0.06389776357827476 0.5686900958466453 0.06389776357827476 0.5431309904153354 0.06070287539936102 0.5399361022364217 0.06070287539936102 0.5303514376996805 0.05750798722044728 0.5271565495207667 0.05750798722044728 0.5079872204472844 0.0670926517571885 0.49201277955271566 0.0670926517571885 0.4792332268370607 0.06070287539936102 0.4696485623003195 0.06389776357827476 0.46325878594249204 0.06389776357827476 0.4536741214057508 0.07028753993610223 0.4472843450479233 0.07667731629392971 0.4440894568690096 0.08306709265175719 0.4440894568690096 0.08626198083067092 0.44089456869009586 0.0926517571884984 0.44089456869009586 0.10543130990415335 0.43130990415335463 0.11182108626198083 0.43450479233226835 0.13738019169329074 0.43450479233226835 0.14057507987220447 0.43769968051118213 0.1501597444089457 0.43769968051118213 0.15335463258785942 0.44089456869009586 0.16932907348242812 0.44089456869009586 0.17891373801916932 0.43130990415335463 0.18210862619808307 0.43130990415335463 0.1853035143769968 0.4249201277955272 0.19169329073482427 0.4217252396166134 0.19169329073482427 0.40894568690095845 0.19488817891373802 0.4057507987220447 0.19488817891373802 0.3769968051118211 0.19808306709265175 0.3738019169329074 0.19808306709265175 0.36741214057507987 0.19488817891373802 0.36421725239616615 0.19488817891373802 0.3354632587859425 0.20766773162939298 0.31629392971246006 0.20766773162939298 0.30990415335463256 0.20447284345047922 0.30670926517571884 0.20447284345047922 0.28115015974440893 0.2012779552715655 0.2779552715654952 0.19808306709265175 0.26198083067092653 0.20447284345047922 0.25559105431309903 0.20447284345047922 0.23961661341853036 0.20766773162939298 0.2364217252396166 0.20766773162939298 0.22364217252396165 0.20447284345047922 0.21725239616613418 0.20766773162939298 0.21405750798722045 0.20766773162939298 0.20447284345047922 0.21405750798722045 0.19488817891373802 0.21405750798722045 0.16932907348242812 0.2108626198083067 0.16613418530351437 0.2108626198083067 0.1597444089456869 0.20447284345047922 0.15335463258785942 0.20447284345047922 0.14696485623003194 0.20766773162939298 0.14376996805111822 0.20766773162939298 0.12779552715654952 0.20447284345047922 0.12460063897763578 0.20447284345047922 0.11182108626198083 0.19808306709265175 0.09904153354632587 0.19169329073482427 0.0926517571884984 0.19169329073482427 0.08945686900958466 0.17891373801916932 0.08945686900958466 0.1757188498402556 0.0926517571884984 0.15335463258785942 0.08945686900958466 0.1501597444089457 0.0926517571884984 0.12460063897763578 0.0926517571884984 0.12140575079872204 0.09584664536741214 0.11501597444089456 0.09584664536741214 0.10223642172523961 0.08306709265175719 0.10223642172523961 0.06389776357827476 0.08945686900958466 0.054313099041533544 0.08945686900958466 0.04472843450479233 0.0926517571884984 0.04153354632587859 0.0926517571884984 0.02875399361022364 0.08945686900958466 0.02875399361022364 0.08306709265175719 0.022364217252396165 0.08306709265175719 0.006389776357827476
2 0.3035143769968051 0.19169329073482427 0.3035143769968051 0.20447284345047922 0.3003194888178914 0.20766773162939298 0.3003194888178914 0.22044728434504793 0.2971246006389776 0.22364217252396165 0.2971246006389776 0.23003194888178913 0.2939297124600639 0.23322683706070288 0.29073482428115016 0.23322683706070288 0.28753993610223644 0.2364217252396166 0.26517571884984026 0.2364217252396166 0.26517571884984026 0.23961661341853036 0.26198083067092653 0.24281150159744408 0.26198083067092653 0.24920127795527156 0.28753993610223644 0.24920127795527156 0.29073482428115016 0.24600638977635783 0.3003194888178914 0.25559105431309903 0.3003194888178914 0.25878594249201275 0.30990415335463256 0.268370607028754 0.31309904153354634 0.268370607028754 0.31629392971246006 0.2715654952076677 0.31629392971246006 0.2779552715654952 0.3194888178913738 0.2779552715654952 0.3258785942492013 0.28434504792332266 0.329073482428115 0.28434504792332266 0.33226837060702874 0.28753993610223644 0.33226837060702874 0.29073482428115016 0.3354632587859425 0.2939297124600639 0.3354632587859425 0.2971246006389776 0.33865814696485624 0.3003194888178914 0.3354632587859425 0.3035143769968051 0.3354632587859425 0.30990415335463256 0.34185303514376997 0.31629392971246006 0.3450479233226837 0.31629392971246006 0.34824281150159747 0.3194888178913738 0.34824281150159747 0.34185303514376997 0.3354632587859425 0.3546325878594249 0.3354632587859425 0.36421725239616615 0.3450479233226837 0.3738019169329074 0.3450479233226837 0.38338658146964855 0.34824281150159747 0.3865814696485623 0.3450479233226837 0.38977635782747605 0.3450479233226837 0.3929712460063898 0.33865814696485624 0.3993610223642173 0.3354632587859425 0.3993610223642173 0.3354632587859425 0.402555910543131 0.33226837060702874 0.4057507987220447 0.33226837060702874 0.41533546325878595 0.33865814696485624 0.41533546325878595 0.3450479233226837 0.40894568690095845 0.34824281150159747 0.40894568690095845 0.34824281150159747 0.4057507987220447 0.3514376996805112 0.402555910543131 0.3514376996805112 0.3993610223642173 0.3546325878594249 0.3961661341853035 0.3546325878594249 0.3706070287539936 0.3514376996805112 0.36741214057507987 0.3514376996805112 0.36421725239616615 0.34824281150159747 0.3610223642172524 0.34824281150159747 0.35782747603833864 0.3610223642172524 0.3450479233226837 0.3610223642172524 0.33226837060702874 0.35782747603833864 0.329073482428115 0.3610223642172524 0.3258785942492013 0.36421725239616615 0.3258785942492013 0.36421725239616615 0.3194888178913738 0.3610223642172524 0.31629392971246006 0.3610223642172524 0.31309904153354634 0.35782747603833864 0.30990415335463256 0.35782747603833864 0.30670926517571884 0.3514376996805112 0.3003194888178914 0.3514376996805112 0.2939297124600639 0.34824281150159747 0.2939297124600639 0.33865814696485624 0.28434504792332266 0.33865814696485624 0.28115015974440893 0.33226837060702874 0.2747603833865815 0.329073482428115 0.2747603833865815 0.3258785942492013 0.2715654952076677 0.3258785942492013 0.268370607028754 0.31629392971246006 0.25878594249201275 0.31309904153354634 0.25878594249201275 0.30990415335463256 0.25559105431309903 0.30990415335463256 0.24600638977635783 0.3035143769968051 0.23961661341853036 0.30670926517571884 0.2364217252396166 0.30670926517571884 0.23003194888178913 0.30990415335463256 0.2268370607028754 0.30990415335463256 0.2108626198083067 0.31309904153354634 0.20766773162939298 0.31309904153354634 0.19488817891373802 0.30990415335463256 0.19169329073482427
2 0.5143769968051118 0.2268370607028754 0.5079872204472844 0.2268370607028754 0.5079872204472844 0.23003194888178913 0.4952076677316294 0.24281150159744408 0.4952076677316294 0.25559105431309903 0.49201277955271566 0.25878594249201275 0.48881789137380194 0.25878594249201275 0.48562300319488816 0.26198083067092653 0.48562300319488816 0.26517571884984026 0.4792332268370607 0.2715654952076677 0.4792332268370607 0.2779552715654952 0.476038338658147 0.28115015974440893 0.4728434504792332 0.28115015974440893 0.4696485623003195 0.2779552715654952 0.46325878594249204 0.2779552715654952 0.46006389776357826 0.28115015974440893 0.4536741214057508 0.28115015974440893 0.4472843450479233 0.28753993610223644 0.4472843450479233 0.29073482428115016 0.4440894568690096 0.2939297124600639 0.44089456869009586 0.2939297124600639 0.43769968051118213 0.2971246006389776 0.43450479233226835 0.2971246006389776 0.43130990415335463 0.3003194888178914 0.43130990415335463 0.30670926517571884 0.4249201277955272 0.31309904153354634 0.4217252396166134 0.31309904153354634 0.4217252396166134 0.31629392971246006 0.4185303514376997 0.3194888178913738 0.4185303514376997 0.329073482428115 0.41214057507987223 0.3354632587859425 0.41214057507987223 0.34185303514376997 0.40894568690095845 0.3450479233226837 0.40894568690095845 0.34824281150159747 0.4057507987220447 0.3514376996805112 0.4057507987220447 0.35782747603833864 0.402555910543131 0.3610223642172524 0.402555910543131 0.3993610223642173 0.3993610223642173 0.402555910543131 0.3961661341853035 0.402555910543131 0.3929712460063898 0.3993610223642173 0.3865814696485623 0.3993610223642173 0.3865814696485623 0.4057507987220447 0.38338658146964855 0.40894568690095845 0.3769968051118211 0.40894568690095845 0.3769968051118211 0.41533546325878595 0.4057507987220447 0.41533546325878595 0.40894568690095845 0.41214057507987223 0.41214057507987223 0.41214057507987223 0.41533546325878595 0.41533546325878595 0.4217252396166134 0.41533546325878595 0.4217252396166134 0.40894568690095845 0.4249201277955272 0.4057507987220447 0.4249201277955272 0.3993610223642173 0.4185303514376997 0.3993610223642173 0.41533546325878595 0.3961661341853035 0.41533546325878595 0.38977635782747605 0.41214057507987223 0.3865814696485623 0.41214057507987223 0.3706070287539936 0.41533546325878595 0.36741214057507987 0.41533546325878595 0.35782747603833864 0.4185303514376997 0.3546325878594249 0.4185303514376997 0.3514376996805112 0.4217252396166134 0.34824281150159747 0.4217252396166134 0.34185303514376997 0.4249201277955272 0.33865814696485624 0.4249201277955272 0.3354632587859425 0.4281150159744409 0.33226837060702874 0.4281150159744409 0.3258785942492013 0.43769968051118213 0.31629392971246006 0.43769968051118213 0.31309904153354634 0.44089456869009586 0.30990415335463256 0.44089456869009586 0.30670926517571884 0.4440894568690096 0.3035143769968051 0.4472843450479233 0.3035143769968051 0.4504792332268371 0.3003194888178914 0.4536741214057508 0.3003194888178914 0.4536741214057508 0.2971246006389776 0.46325878594249204 0.28753993610223644 0.46645367412140576 0.29073482428115016 0.4696485623003195 0.29073482428115016 0.476038338658147 0.2971246006389776 0.48242811501597443 0.2971246006389776 0.48562300319488816 0.2939297124600639 0.48562300319488816 0.28753993610223644 0.48881789137380194 0.28434504792332266 0.48881789137380194 0.2779552715654952 0.49201277955271566 0.2747603833865815 0.4952076677316294 0.2747603833865815 0.4952076677316294 0.2715654952076677 0.4984025559105431 0.268370607028754 0.5015974440894568 0.268370607028754 0.5015974440894568 0.26198083067092653 0.5047923322683706 0.25878594249201275 0.5047923322683706 0.24920127795527156 0.5143769968051118 0.23961661341853036