0 0.17523364485981308 0.7733644859813084 0.17523364485981308 0.9042056074766355 0.2803738317757009 0.9042056074766355 0.2827102803738318 0.9065420560747663 0.2897196261682243 0.9065420560747663 0.29205607476635514 0.9042056074766355 0.3037383177570093 0.9042056074766355 0.3060747663551402 0.9065420560747663 0.34579439252336447 0.9065420560747663 0.34813084112149534 0.9042056074766355 0.3855140186915888 0.9042056074766355 0.3878504672897196 0.9065420560747663 0.43457943925233644 0.9065420560747663 0.4369158878504673 0.9042056074766355 0.5373831775700935 0.9042056074766355 0.5397196261682243 0.9065420560747663 0.6191588785046729 0.9065420560747663 0.6191588785046729 0.9018691588785047 0.6214953271028038 0.8995327102803738 0.6214953271028038 0.8387850467289719 0.6121495327102804 0.8387850467289719 0.6098130841121495 0.8364485981308412 0.6074766355140186 0.8364485981308412 0.6051401869158879 0.8341121495327103 0.6051401869158879 0.8294392523364486 0.6074766355140186 0.8271028037383178 0.6191588785046729 0.8271028037383178 0.6214953271028038 0.8294392523364486 0.6214953271028038 0.8130841121495327 0.6238317757009346 0.8107476635514018 0.6238317757009346 0.8014018691588785 0.6214953271028038 0.7990654205607477 0.6214953271028038 0.764018691588785 0.48598130841121495 0.764018691588785 0.48364485981308414 0.7616822429906542 0.48130841121495327 0.764018691588785 0.47897196261682246 0.764018691588785 0.4766355140186916 0.7616822429906542 0.4696261682242991 0.7616822429906542 0.4672897196261682 0.764018691588785 0.411214953271028 0.764018691588785 0.4088785046728972 0.7616822429906542 0.3901869158878505 0.7616822429906542 0.3878504672897196 0.764018691588785 0.2967289719626168 0.764018691588785 0.29439252336448596 0.7616822429906542 0.2827102803738318 0.7616822429906542 0.2803738317757009 0.764018691588785 0.25 0.764018691588785 0.24766355140186916 0.7616822429906542 0.24065420560747663 0.7616822429906542 0.2383177570093458 0.764018691588785 0.20093457943925233 0.764018691588785 0.1985981308411215 0.7616822429906542 0.19626168224299065 0.764018691588785 0.18457943925233644 0.764018691588785
0 0.5327102803738317 0.602803738317757 0.5327102803738317 0.7383177570093458 0.5514018691588785 0.7383177570093458 0.5537383177570093 0.7406542056074766 0.5864485981308412 0.7406542056074766 0.5887850467289719 0.7383177570093458 0.7733644859813084 0.7383177570093458 0.7757009345794392 0.735981308411215 0.8130841121495327 0.735981308411215 0.8154205607476636 0.7383177570093458 0.866822429906542 0.7383177570093458 0.8691588785046729 0.735981308411215 0.9135514018691588 0.735981308411215 0.9158878504672897 0.7383177570093458 0.9252336448598131 0.7383177570093458 0.927570093457944 0.735981308411215 0.955607476635514 0.735981308411215 0.9579439252336449 0.7336448598130841 0.9719626168224299 0.7336448598130841 0.9719626168224299 0.616822429906542 0.969626168224299 0.6144859813084113 0.969626168224299 0.6051401869158879 0.9672897196261683 0.602803738317757 0.9672897196261683 0.6004672897196262 0.9088785046728972 0.6004672897196262 0.9065420560747663 0.5981308411214953 0.8364485981308412 0.5981308411214953 0.8341121495327103 0.6004672897196262 0.8317757009345794 0.6004672897196262 0.8294392523364486 0.5981308411214953 0.822429906542056 0.5981308411214953 0.8200934579439252 0.6004672897196262 0.8154205607476636 0.6004672897196262 0.8130841121495327 0.5981308411214953 0.7453271028037384 0.5981308411214953 0.7429906542056075 0.6004672897196262 0.7383177570093458 0.6004672897196262 0.735981308411215 0.5981308411214953 0.7289719626168224 0.5981308411214953 0.7266355140186916 0.6004672897196262 0.6939252336448598 0.6004672897196262 0.6915887850467289 0.5981308411214953 0.6752336448598131 0.5981308411214953 0.6728971962616822 0.6004672897196262 0.6635514018691588 0.6004672897196262 0.6612149532710281 0.5981308411214953 0.6191588785046729 0.5981308411214953 0.616822429906542 0.6004672897196262 0.602803738317757 0.6004672897196262 0.6004672897196262 0.5981308411214953 0.5630841121495327 0.5981308411214953 0.5607476635514018 0.6004672897196262 0.5350467289719626 0.6004672897196262
0 0.17289719626168223 0.43457943925233644 0.17289719626168223 0.4392523364485981 0.17523364485981308 0.441588785046729 0.17523364485981308 0.4439252336448598 0.17289719626168223 0.4462616822429907 0.17289719626168223 0.45093457943925236 0.17523364485981308 0.4532710280373832 0.17523364485981308 0.5630841121495327 0.18925233644859812 0.5630841121495327 0.19158878504672897 0.5654205607476636 0.22897196261682243 0.5654205607476636 0.23130841121495327 0.5630841121495327 0.2850467289719626 0.5630841121495327 0.28738317757009346 0.5654205607476636 0.3364485981308411 0.5654205607476636 0.338785046728972 0.5630841121495327 0.3574766355140187 0.5630841121495327 0.3598130841121495 0.5654205607476636 0.37383177570093457 0.5654205607476636 0.37616822429906543 0.5630841121495327 0.4485981308411215 0.5630841121495327 0.45093457943925236 0.5654205607476636 0.45560747663551404 0.5654205607476636 0.45794392523364486 0.5630841121495327 0.4696261682242991 0.5630841121495327 0.4719626168224299 0.5654205607476636 0.5630841121495327 0.5654205607476636 0.5654205607476636 0.5630841121495327 0.5771028037383178 0.5630841121495327 0.5794392523364486 0.5654205607476636 0.616822429906542 0.5654205607476636 0.6191588785046729 0.5630841121495327 0.6191588785046729 0.48130841121495327 0.6214953271028038 0.47897196261682246 0.6214953271028038 0.4742990654205608 0.6191588785046729 0.4719626168224299 0.6191588785046729 0.45560747663551404 0.6214953271028038 0.4532710280373832 0.6214953271028038 0.4439252336448598 0.6191588785046729 0.441588785046729 0.6191588785046729 0.42990654205607476 0.5864485981308412 0.42990654205607476 0.5841121495327103 0.42757009345794394 0.5817757009345794 0.42990654205607476 0.5771028037383178 0.42990654205607476 0.5747663551401869 0.42757009345794394 0.5654205607476636 0.42757009345794394 0.5630841121495327 0.42990654205607476 0.4696261682242991 0.42990654205607476 0.4672897196261682 0.42757009345794394 0.4649532710280374 0.42990654205607476 0.3574766355140187 0.42990654205607476 0.35514018691588783 0.42757009345794394 0.34579439252336447 0.42757009345794394 0.34345794392523366 0.42990654205607476 0.2383177570093458 0.42990654205607476 0.23598130841121495 0.42757009345794394 0.2336448598130841 0.42990654205607476 0.1822429906542056 0.42990654205607476 0.17990654205607476 0.4322429906542056 0.17523364485981308 0.4322429906542056
0 0.17523364485981308 0.10046728971962617 0.17523364485981308 0.102803738317757 0.17757009345794392 0.10514018691588785 0.17757009345794392 0.12149532710280374 0.17990654205607476 0.12383177570093458 0.17990654205607476 0.13551401869158877 0.1822429906542056 0.1378504672897196 0.1822429906542056 0.1542056074766355 0.18457943925233644 0.15654205607476634 0.18457943925233644 0.18691588785046728 0.18691588785046728 0.18925233644859812 0.18691588785046728 0.20093457943925233 0.18925233644859812 0.20327102803738317 0.18925233644859812 0.20794392523364486 0.20093457943925233 0.21962616822429906 0.205607476635514 0.21962616822429906 0.20794392523364486 0.2219626168224299 0.21261682242990654 0.2219626168224299 0.21495327102803738 0.22429906542056074 0.2266355140186916 0.22429906542056074 0.22897196261682243 0.2266355140186916 0.3130841121495327 0.2266355140186916 0.31542056074766356 0.22897196261682243 0.3247663551401869 0.22897196261682243 0.32710280373831774 0.2266355140186916 0.3808411214953271 0.2266355140186916 0.38317757009345793 0.22897196261682243 0.4135514018691589 0.22897196261682243 0.4158878504672897 0.2266355140186916 0.43457943925233644 0.2266355140186916 0.4369158878504673 0.22897196261682243 0.6144859813084113 0.22897196261682243 0.6144859813084113 0.11448598130841121 0.616822429906542 0.11214953271028037 0.616822429906542 0.10046728971962617 0.6144859813084113 0.09813084112149532 0.514018691588785 0.09813084112149532 0.5116822429906542 0.09579439252336448 0.2897196261682243 0.09579439252336448 0.2897196261682243 0.10046728971962617 0.29439252336448596 0.10514018691588785 0.29439252336448596 0.11448598130841121 0.29205607476635514 0.11682242990654206 0.28738317757009346 0.11682242990654206 0.2827102803738318 0.11214953271028037 0.2827102803738318 0.10981308411214953 0.2757009345794392 0.102803738317757 0.2757009345794392 0.09579439252336448 0.27102803738317754 0.10046728971962617 0.27102803738317754 0.102803738317757 0.26869158878504673 0.10514018691588785 0.2546728971962617 0.10514018691588785 0.2523364485981308 0.102803738317757 0.24532710280373832 0.102803738317757 0.24532710280373832 0.10747663551401869 0.24299065420560748 0.10981308411214953 0.23598130841121495 0.10981308411214953 0.2336448598130841 0.10747663551401869 0.22897196261682243 0.10747663551401869 0.2266355140186916 0.10981308411214953 0.22429906542056074 0.10981308411214953 0.21962616822429906 0.11448598130841121 0.21495327102803738 0.11448598130841121 0.21261682242990654 0.11682242990654206 0.20093457943925233 0.11682242990654206 0.1985981308411215 0.11448598130841121 0.1939252336448598 0.11448598130841121 0.19158878504672897 0.11214953271028037 0.19158878504672897 0.10514018691588785 0.1939252336448598 0.102803738317757 0.20093457943925233 0.102803738317757 0.20327102803738317 0.10514018691588785 0.20794392523364486 0.10514018691588785 0.2102803738317757 0.102803738317757 0.21728971962616822 0.102803738317757 0.2219626168224299 0.09813084112149532 0.2266355140186916 0.09813084112149532 0.22897196261682243 0.09579439252336448 0.23130841121495327 0.09579439252336448 0.21261682242990654 0.09579439252336448 0.2102803738317757 0.09813084112149532 0.1822429906542056 0.09813084112149532 0.17990654205607476 0.10046728971962617
0 0.969626168224299 0.26635514018691586 0.8878504672897196 0.26635514018691586 0.8855140186915887 0.26401869158878505 0.8714953271028038 0.26401869158878505 0.8691588785046729 0.2616822429906542 0.8457943925233645 0.2616822429906542 0.8434579439252337 0.26401869158878505 0.6565420560747663 0.26401869158878505 0.6588785046728972 0.26635514018691586 0.6588785046728972 0.26869158878504673 0.6635514018691588 0.2733644859813084 0.6658878504672897 0.2803738317757009 0.6705607476635514 0.2850467289719626 0.6705607476635514 0.29906542056074764 0.6752336448598131 0.3037383177570093 0.6752336448598131 0.308411214953271 0.6799065420560748 0.3130841121495327 0.6799065420560748 0.31542056074766356 0.6822429906542056 0.31542056074766356 0.6892523364485982 0.32009345794392524 0.6892523364485982 0.3247663551401869 0.6915887850467289 0.32710280373831774 0.6915887850467289 0.3317757009345794 0.6939252336448598 0.3341121495327103 0.6939252336448598 0.338785046728972 0.7009345794392523 0.34579439252336447 0.7009345794392523 0.35046728971962615 0.6985981308411215 0.352803738317757 0.6915887850467289 0.352803738317757 0.6892523364485982 0.35046728971962615 0.6869158878504673 0.34345794392523366 0.6799065420560748 0.3364485981308411 0.6799065420560748 0.3294392523364486 0.6728971962616822 0.3247663551401869 0.6728971962616822 0.32009345794392524 0.6705607476635514 0.32009345794392524 0.6682242990654206 0.3177570093457944 0.6658878504672897 0.3107476635514019 0.6635514018691588 0.3107476635514019 0.6635514018691588 0.3130841121495327 0.6658878504672897 0.31542056074766356 0.6658878504672897 0.32710280373831774 0.6635514018691588 0.3294392523364486 0.6635514018691588 0.3317757009345794 0.6565420560747663 0.338785046728972 0.6565420560747663 0.3598130841121495 0.6542056074766355 0.3621495327102804 0.6542056074766355 0.3644859813084112 0.6495327102803738 0.3691588785046729 0.6495327102803738 0.38317757009345793 0.647196261682243 0.3855140186915888 0.6425233644859814 0.3855140186915888 0.6401869158878505 0.38317757009345793 0.6401869158878505 0.37850467289719625 0.6378504672897196 0.37616822429906543 0.6378504672897196 0.36682242990654207 0.6425233644859814 0.3621495327102804 0.6425233644859814 0.3598130841121495 0.6448598130841121 0.3574766355140187 0.6448598130841121 0.34345794392523366 0.647196261682243 0.3411214953271028 0.647196261682243 0.3294392523364486 0.6518691588785047 0.3247663551401869 0.6518691588785047 0.31542056074766356 0.6542056074766355 0.3130841121495327 0.6542056074766355 0.29439252336448596 0.6518691588785047 0.29205607476635514 0.6518691588785047 0.2780373831775701 0.647196261682243 0.2733644859813084 0.647196261682243 0.27102803738317754 0.6448598130841121 0.26869158878504673 0.6448598130841121 0.26401869158878505 0.633177570093458 0.26401869158878505 0.6308411214953271 0.26635514018691586 0.6051401869158879 0.26635514018691586 0.602803738317757 0.26401869158878505 0.5677570093457944 0.26401869158878505 0.5654205607476636 0.26635514018691586 0.5514018691588785 0.26635514018691586 0.5490654205607477 0.26869158878504673 0.5420560747663551 0.26869158878504673 0.5397196261682243 0.27102803738317754 0.5397196261682243 0.2780373831775701 0.5373831775700935 0.2803738317757009 0.5373831775700935 0.3037383177570093 0.5350467289719626 0.3060747663551402 0.5350467289719626 0.3177570093457944 0.5373831775700935 0.32009345794392524 0.5350467289719626 0.32242990654205606 0.5350467289719626 0.37383177570093457 0.5373831775700935 0.37616822429906543 0.5373831775700935 0.3855140186915888 0.544392523364486 0.3901869158878505 0.5560747663551402 0.3901869158878505 0.5584112149532711 0.3925233644859813 0.5981308411214953 0.3925233644859813 0.6004672897196262 0.39485981308411217 0.6355140186915887 0.39485981308411217 0.6378504672897196 0.397196261682243 0.6705607476635514 0.397196261682243 0.6728971962616822 0.39485981308411217 0.7570093457943925 0.39485981308411217 0.7593457943925234 0.3925233644859813 0.8060747663551402 0.3925233644859813 0.8084112149532711 0.39485981308411217 0.822429906542056 0.39485981308411217 0.8247663551401869 0.3925233644859813 0.8317757009345794 0.3925233644859813 0.8341121495327103 0.3901869158878505 0.8411214953271028 0.3901869158878505 0.8434579439252337 0.3878504672897196 0.8644859813084113 0.3878504672897196 0.866822429906542 0.3855140186915888 0.8808411214953271 0.3855140186915888 0.883177570093458 0.38317757009345793 0.897196261682243 0.38317757009345793 0.8995327102803738 0.3808411214953271 0.9018691588785047 0.3808411214953271 0.9042056074766355 0.38317757009345793 0.9322429906542056 0.38317757009345793 0.9345794392523364 0.3855140186915888 0.9532710280373832 0.3855140186915888 0.9626168224299065 0.37383177570093457 0.9626168224299065 0.3598130841121495 0.9649532710280374 0.3574766355140187 0.9649532710280374 0.34813084112149534 0.9672897196261683 0.34579439252336447 0.9672897196261683 0.338785046728972 0.969626168224299 0.3364485981308411 0.969626168224299 0.29205607476635514 0.9719626168224299 0.2897196261682243 0.9719626168224299 0.2850467289719626 0.969626168224299 0.2827102803738318
0 0 0.5957943925233645 0 0.7336448598130841 0.011682242990654205 0.7336448598130841 0.014018691588785047 0.7313084112149533 0.030373831775700934 0.7313084112149533 0.03271028037383177 0.7289719626168224 0.04906542056074766 0.7289719626168224 0.0514018691588785 0.7266355140186916 0.09345794392523364 0.7266355140186916 0.09579439252336448 0.7289719626168224 0.10514018691588785 0.7289719626168224 0.10747663551401869 0.7266355140186916 0.11214953271028037 0.7266355140186916 0.11448598130841121 0.7242990654205608 0.12383177570093458 0.7242990654205608 0.1261682242990654 0.7219626168224299 0.14953271028037382 0.7219626168224299 0.15186915887850466 0.719626168224299 0.16121495327102803 0.719626168224299 0.16355140186915887 0.7172897196261683 0.21495327102803738 0.7172897196261683 0.21728971962616822 0.719626168224299 0.2266355140186916 0.719626168224299 0.22897196261682243 0.7219626168224299 0.24299065420560748 0.7219626168224299 0.24532710280373832 0.719626168224299 0.24766355140186916 0.719626168224299 0.24766355140186916 0.7172897196261683 0.25 0.7149532710280374 0.25 0.7079439252336449 0.2523364485981308 0.705607476635514 0.2523364485981308 0.6869158878504673 0.2546728971962617 0.6845794392523364 0.2546728971962617 0.6612149532710281 0.2570093457943925 0.6588785046728972 0.2570093457943925 0.5981308411214953 0.2383177570093458 0.5981308411214953 0.23598130841121495 0.5957943925233645 0.2336448598130841 0.5981308411214953 0.21728971962616822 0.5981308411214953 0.21495327102803738 0.5957943925233645 0.21261682242990654 0.5981308411214953 0.2102803738317757 0.5981308411214953 0.20794392523364486 0.5957943925233645 0.1939252336448598 0.5957943925233645 0.19158878504672897 0.5981308411214953 0.16822429906542055 0.5981308411214953 0.1658878504672897 0.5957943925233645 0.16121495327102803 0.5957943925233645 0.1588785046728972 0.5981308411214953 0.15654205607476634 0.5981308411214953 0.1542056074766355 0.5957943925233645 0.1425233644859813 0.5957943925233645 0.14018691588785046 0.5981308411214953 0.12149532710280374 0.5981308411214953 0.1191588785046729 0.5957943925233645 0.04906542056074766 0.5957943925233645 0.04672897196261682 0.5981308411214953 0.04205607476635514 0.5981308411214953 0.0397196261682243 0.5957943925233645
0 0 0.26869158878504673 0 0.39953271028037385 0.17523364485981308 0.39953271028037385 0.17757009345794392 0.397196261682243 0.23130841121495327 0.397196261682243 0.2336448598130841 0.39485981308411217 0.24299065420560748 0.39485981308411217 0.24766355140186916 0.3901869158878505 0.24766355140186916 0.38317757009345793 0.25 0.3808411214953271 0.25 0.3177570093457944 0.2523364485981308 0.31542056074766356 0.2523364485981308 0.308411214953271 0.25 0.3060747663551402 0.25 0.2967289719626168 0.2523364485981308 0.29439252336448596 0.2523364485981308 0.28738317757009346 0.25 0.2850467289719626 0.25 0.2780373831775701 0.24766355140186916 0.2757009345794392 0.24766355140186916 0.2733644859813084 0.24299065420560748 0.2733644859813084 0.24065420560747663 0.27102803738317754 0.22897196261682243 0.27102803738317754 0.2266355140186916 0.26869158878504673
0 0.6518691588785047 0.7616822429906542 0.6518691588785047 0.897196261682243 0.6542056074766355 0.8995327102803738 0.7172897196261683 0.8995327102803738 0.719626168224299 0.897196261682243 0.735981308411215 0.897196261682243 0.7383177570093458 0.8995327102803738 0.7570093457943925 0.8995327102803738 0.7593457943925234 0.897196261682243 0.764018691588785 0.897196261682243 0.7663551401869159 0.8995327102803738 0.8107476635514018 0.8995327102803738 0.8130841121495327 0.897196261682243 0.852803738317757 0.897196261682243 0.8551401869158879 0.8995327102803738 0.8644859813084113 0.8995327102803738 0.866822429906542 0.897196261682243 0.8714953271028038 0.897196261682243 0.8714953271028038 0.8761682242990654 0.8691588785046729 0.8738317757009346 0.8691588785046729 0.8598130841121495 0.8714953271028038 0.8574766355140186 0.8714953271028038 0.8434579439252337 0.8691588785046729 0.8411214953271028 0.8691588785046729 0.8154205607476636 0.866822429906542 0.8130841121495327 0.866822429906542 0.7920560747663551 0.8691588785046729 0.7897196261682243 0.8691588785046729 0.7827102803738317 0.866822429906542 0.780373831775701 0.866822429906542 0.7733644859813084 0.8691588785046729 0.7710280373831776 0.8691588785046729 0.7570093457943925 0.8317757009345794 0.7570093457943925 0.8294392523364486 0.7546728971962616 0.8271028037383178 0.7570093457943925 0.7429906542056075 0.7570093457943925 0.7406542056074766 0.7546728971962616 0.7383177570093458 0.7570093457943925 0.6565420560747663 0.7570093457943925
0 0.530373831775701 0.9369158878504673 0.530373831775701 0.969626168224299 0.5327102803738317 0.9719626168224299 0.5327102803738317 0.9836448598130841 0.5350467289719626 0.985981308411215 0.5350467289719626 0.9976635514018691 0.9672897196261683 0.9976635514018691 0.9672897196261683 0.9883177570093458 0.9649532710280374 0.985981308411215 0.9649532710280374 0.9439252336448598 0.9626168224299065 0.9415887850467289 0.9626168224299065 0.9369158878504673 0.9602803738317757 0.9369158878504673 0.9579439252336449 0.9345794392523364 0.9392523364485982 0.9345794392523364 0.9369158878504673 0.9322429906542056 0.8901869158878505 0.9322429906542056 0.8878504672897196 0.9299065420560748 0.8808411214953271 0.9299065420560748 0.8785046728971962 0.9322429906542056 0.8551401869158879 0.9322429906542056 0.852803738317757 0.9299065420560748 0.8294392523364486 0.9299065420560748 0.8271028037383178 0.9322429906542056 0.8247663551401869 0.9322429906542056 0.822429906542056 0.9299065420560748 0.8200934579439252 0.9322429906542056 0.8177570093457944 0.9322429906542056 0.8154205607476636 0.9299065420560748 0.8084112149532711 0.9299065420560748 0.8060747663551402 0.9322429906542056 0.794392523364486 0.9322429906542056 0.7920560747663551 0.9299065420560748 0.7873831775700935 0.9299065420560748 0.7850467289719626 0.9322429906542056 0.780373831775701 0.9322429906542056 0.7780373831775701 0.9299065420560748 0.6518691588785047 0.9299065420560748 0.6495327102803738 0.927570093457944 0.647196261682243 0.9299065420560748 0.6214953271028038 0.9299065420560748 0.6191588785046729 0.927570093457944 0.616822429906542 0.927570093457944 0.6144859813084113 0.9299065420560748 0.6121495327102804 0.9299065420560748 0.6098130841121495 0.927570093457944 0.6004672897196262 0.927570093457944 0.5981308411214953 0.9299065420560748 0.5934579439252337 0.9299065420560748 0.5911214953271028 0.927570093457944 0.5864485981308412 0.927570093457944 0.5841121495327103 0.9299065420560748 0.5817757009345794 0.9299065420560748 0.5794392523364486 0.927570093457944 0.5747663551401869 0.927570093457944 0.572429906542056 0.9299065420560748 0.5654205607476636 0.9299065420560748 0.5630841121495327 0.927570093457944 0.5397196261682243 0.927570093457944 0.5373831775700935 0.9299065420560748 0.5327102803738317 0.9299065420560748 0.5327102803738317 0.9345794392523364
0 0.6542056074766355 0.43457943925233644 0.6588785046728972 0.4392523364485981 0.6588785046728972 0.4439252336448598 0.6612149532710281 0.4462616822429907 0.6612149532710281 0.4532710280373832 0.6588785046728972 0.45560747663551404 0.6542056074766355 0.45560747663551404 0.6518691588785047 0.4532710280373832 0.6495327102803738 0.4532710280373832 0.6495327102803738 0.5514018691588785 0.647196261682243 0.5537383177570093 0.647196261682243 0.5607476635514018 0.6495327102803738 0.5630841121495327 0.866822429906542 0.5630841121495327 0.866822429906542 0.5584112149532711 0.8644859813084113 0.5560747663551402 0.8644859813084113 0.544392523364486 0.8691588785046729 0.5397196261682243 0.8691588785046729 0.5070093457943925 0.866822429906542 0.5046728971962616 0.8691588785046729 0.5023364485981309 0.8691588785046729 0.4719626168224299 0.866822429906542 0.4696261682242991 0.866822429906542 0.46261682242990654 0.8691588785046729 0.4602803738317757 0.8691588785046729 0.4322429906542056 0.866822429906542 0.42990654205607476 0.866822429906542 0.42757009345794394 0.6588785046728972 0.42757009345794394 0.6588785046728972 0.4322429906542056 0.6565420560747663 0.43457943925233644
0 0.6448598130841121 0.09813084112149532 0.6448598130841121 0.13317757009345793 0.6425233644859814 0.13551401869158877 0.6425233644859814 0.16355140186915887 0.6448598130841121 0.1658878504672897 0.6448598130841121 0.22897196261682243 0.8037383177570093 0.22897196261682243 0.8060747663551402 0.2266355140186916 0.8271028037383178 0.2266355140186916 0.8294392523364486 0.22897196261682243 0.8364485981308412 0.22897196261682243 0.8387850467289719 0.2266355140186916 0.8644859813084113 0.2266355140186916 0.8644859813084113 0.18925233644859812 0.8621495327102804 0.18691588785046728 0.8621495327102804 0.11448598130841121 0.8644859813084113 0.11214953271028037 0.8644859813084113 0.09813084112149532 0.8621495327102804 0.09579439252336448 0.7149532710280374 0.09579439252336448 0.7126168224299065 0.09813084112149532 0.6962616822429907 0.09813084112149532 0.6939252336448598 0.09579439252336448 0.6495327102803738 0.09579439252336448 0.647196261682243 0.09813084112149532
0 0.29205607476635514 0.602803738317757 0.29205607476635514 0.6074766355140186 0.2897196261682243 0.6098130841121495 0.2897196261682243 0.633177570093458 0.28738317757009346 0.6355140186915887 0.28738317757009346 0.6658878504672897 0.2850467289719626 0.6682242990654206 0.2850467289719626 0.7032710280373832 0.28738317757009346 0.705607476635514 0.28738317757009346 0.7079439252336449 0.2897196261682243 0.7102803738317757 0.2897196261682243 0.7126168224299065 0.29439252336448596 0.7172897196261683 0.29906542056074764 0.7172897196261683 0.3014018691588785 0.719626168224299 0.31542056074766356 0.719626168224299 0.3177570093457944 0.7219626168224299 0.3574766355140187 0.7219626168224299 0.3598130841121495 0.719626168224299 0.4485981308411215 0.719626168224299 0.45093457943925236 0.7219626168224299 0.46261682242990654 0.7219626168224299 0.4649532710280374 0.719626168224299 0.48130841121495327 0.719626168224299 0.48364485981308414 0.7172897196261683 0.49065420560747663 0.7172897196261683 0.4953271028037383 0.7126168224299065 0.4953271028037383 0.7102803738317757 0.4976635514018692 0.7079439252336449 0.4976635514018692 0.6939252336448598 0.5 0.6915887850467289 0.5 0.6355140186915887 0.5023364485981309 0.633177570093458 0.5023364485981309 0.5934579439252337 0.3691588785046729 0.5934579439252337 0.36682242990654207 0.5911214953271028 0.3621495327102804 0.5911214953271028 0.3598130841121495 0.5934579439252337 0.32710280373831774 0.5934579439252337 0.3247663551401869 0.5957943925233645 0.3130841121495327 0.5957943925233645 0.3107476635514019 0.5981308411214953 0.2967289719626168 0.5981308411214953
0 0.29205607476635514 0.27102803738317754 0.29205607476635514 0.2733644859813084 0.2897196261682243 0.2757009345794392 0.2897196261682243 0.2803738317757009 0.28738317757009346 0.2827102803738318 0.28738317757009346 0.31542056074766356 0.2850467289719626 0.3177570093457944 0.2850467289719626 0.37616822429906543 0.28738317757009346 0.37850467289719625 0.28738317757009346 0.3808411214953271 0.2897196261682243 0.38317757009345793 0.2897196261682243 0.3855140186915888 0.29205607476635514 0.3855140186915888 0.29439252336448596 0.3878504672897196 0.3060747663551402 0.3878504672897196 0.308411214953271 0.3901869158878505 0.4462616822429907 0.3901869158878505 0.4485981308411215 0.3925233644859813 0.45093457943925236 0.3925233644859813 0.4532710280373832 0.3901869158878505 0.45560747663551404 0.3925233644859813 0.45794392523364486 0.3901869158878505 0.4883177570093458 0.3901869158878505 0.49065420560747663 0.3878504672897196 0.4929906542056075 0.3878504672897196 0.4929906542056075 0.3855140186915888 0.4953271028037383 0.38317757009345793 0.4953271028037383 0.37616822429906543 0.4976635514018692 0.37383177570093457 0.4976635514018692 0.34813084112149534 0.5 0.34579439252336447 0.5 0.31542056074766356 0.5023364485981309 0.3130841121495327 0.5023364485981309 0.26635514018691586 0.48598130841121495 0.26635514018691586 0.48364485981308414 0.26401869158878505 0.3341121495327103 0.26401869158878505 0.3317757009345794 0.26635514018691586 0.3060747663551402 0.26635514018691586 0.3037383177570093 0.26869158878504673 0.2967289719626168 0.26869158878504673 0.29439252336448596 0.27102803738317754
0 0.5373831775700935 0.04906542056074766 0.5397196261682243 0.0514018691588785 0.5397196261682243 0.053738317757009345 0.5420560747663551 0.056074766355140186 0.5467289719626168 0.056074766355140186 0.5490654205607477 0.05841121495327103 0.5817757009345794 0.05841121495327103 0.5841121495327103 0.06074766355140187 0.7990654205607477 0.06074766355140187 0.8014018691588785 0.0630841121495327 0.822429906542056 0.0630841121495327 0.8247663551401869 0.06074766355140187 0.8341121495327103 0.06074766355140187 0.8364485981308412 0.05841121495327103 0.8481308411214953 0.05841121495327103 0.8504672897196262 0.056074766355140186 0.8714953271028038 0.056074766355140186 0.8738317757009346 0.053738317757009345 0.8785046728971962 0.053738317757009345 0.8808411214953271 0.0514018691588785 0.9252336448598131 0.0514018691588785 0.927570093457944 0.053738317757009345 0.9485981308411215 0.053738317757009345 0.9509345794392523 0.056074766355140186 0.9532710280373832 0.056074766355140186 0.955607476635514 0.053738317757009345 0.9579439252336449 0.053738317757009345 0.9602803738317757 0.0514018691588785 0.9602803738317757 0.04906542056074766 0.9626168224299065 0.04672897196261682 0.9626168224299065 0.037383177570093455 0.9649532710280374 0.035046728971962614 0.9649532710280374 0.018691588785046728 0.9672897196261683 0.016355140186915886 0.9672897196261683 0.009345794392523364 0.969626168224299 0.007009345794392523 0.969626168224299 0 0.5373831775700935 0
0 0 0.7616822429906542 0 0.9042056074766355 0.14719626168224298 0.9042056074766355 0.1588785046728972 0.8925233644859814 0.1588785046728972 0.7873831775700935 0.16121495327102803 0.7850467289719626 0.16121495327102803 0.7780373831775701 0.1588785046728972 0.7757009345794392 0.1588785046728972 0.764018691588785 0.14719626168224298 0.764018691588785 0.14485981308411214 0.7616822429906542 0.1378504672897196 0.7616822429906542 0.13551401869158877 0.764018691588785 0.1308411214953271 0.764018691588785 0.12850467289719625 0.7616822429906542 0.1261682242990654 0.764018691588785 0.11682242990654206 0.764018691588785 0.11448598130841121 0.7616822429906542 0.10981308411214953 0.7616822429906542 0.10747663551401869 0.764018691588785 0.10514018691588785 0.764018691588785 0.102803738317757 0.7616822429906542
0 0.15654205607476634 0.42990654205607476 0.1542056074766355 0.42990654205607476 0.15186915887850466 0.42757009345794394 0.13551401869158877 0.42757009345794394 0.13317757009345793 0.42990654205607476 0 0.42990654205607476 0 0.5654205607476636 0.04439252336448598 0.5654205607476636 0.04672897196261682 0.5630841121495327 0.08411214953271028 0.5630841121495327 0.08644859813084112 0.5607476635514018 0.13317757009345793 0.5607476635514018 0.13551401869158877 0.5584112149532711 0.14485981308411214 0.5584112149532711 0.14719626168224298 0.5560747663551402 0.15186915887850466 0.5560747663551402 0.1542056074766355 0.5537383177570093 0.1542056074766355 0.5490654205607477 0.15654205607476634 0.5467289719626168
0 0 0.10046728971962617 0 0.23130841121495327 0.14719626168224298 0.23130841121495327 0.14719626168224298 0.21962616822429906 0.14485981308411214 0.21728971962616822 0.14719626168224298 0.21495327102803738 0.14719626168224298 0.19626168224299065 0.14485981308411214 0.1939252336448598 0.14485981308411214 0.1542056074766355 0.14719626168224298 0.15186915887850466 0.14719626168224298 0.13317757009345793 0.14953271028037382 0.1308411214953271 0.14953271028037382 0.12850467289719625 0.14719626168224298 0.1261682242990654 0.14719626168224298 0.11448598130841121 0.14485981308411214 0.11214953271028037 0.14485981308411214 0.10747663551401869 0.14018691588785046 0.102803738317757 0.12149532710280374 0.102803738317757 0.1191588785046729 0.10046728971962617 0.014018691588785047 0.10046728971962617 0.011682242990654205 0.09813084112149532 0.007009345794392523 0.09813084112149532 0.004672897196261682 0.10046728971962617
0 0 0.9228971962616822 0 0.9976635514018691 0.25 0.9976635514018691 0.25 0.9953271028037384 0.24766355140186916 0.9929906542056075 0.24766355140186916 0.9719626168224299 0.24532710280373832 0.969626168224299 0.24532710280373832 0.9485981308411215 0.24299065420560748 0.9462616822429907 0.24299065420560748 0.9415887850467289 0.24065420560747663 0.9392523364485982 0.24065420560747663 0.9369158878504673 0.23598130841121495 0.9322429906542056 0.2336448598130841 0.9322429906542056 0.23130841121495327 0.9299065420560748 0.22897196261682243 0.9299065420560748 0.2266355140186916 0.927570093457944 0.2219626168224299 0.927570093457944 0.21962616822429906 0.9252336448598131 0.205607476635514 0.9252336448598131 0.20327102803738317 0.9228971962616822 0.17757009345794392 0.9228971962616822 0.17523364485981308 0.9252336448598131 0.16822429906542055 0.9252336448598131 0.1658878504672897 0.9228971962616822 0.15654205607476634 0.9228971962616822 0.1542056074766355 0.9252336448598131 0.14485981308411214 0.9252336448598131 0.1425233644859813 0.9228971962616822 0.12149532710280374 0.9228971962616822 0.1191588785046729 0.9252336448598131 0.102803738317757 0.9252336448598131 0.10046728971962617 0.9228971962616822
0 0 0 0 0.06542056074766354 0.002336448598130841 0.06542056074766354 0.004672897196261682 0.0630841121495327 0.007009345794392523 0.0630841121495327 0.009345794392523364 0.06542056074766354 0.21495327102803738 0.06542056074766354 0.21728971962616822 0.0630841121495327 0.24766355140186916 0.0630841121495327 0.25 0.06074766355140187 0.26401869158878505 0.06074766355140187 0.26401869158878505 0.028037383177570093 0.2616822429906542 0.02570093457943925 0.2616822429906542 0
0 0.2780373831775701 0.9392523364485982 0.2780373831775701 0.9976635514018691 0.35046728971962615 0.9976635514018691 0.35046728971962615 0.9953271028037384 0.29906542056074764 0.9953271028037384 0.2967289719626168 0.9976635514018691 0.2897196261682243 0.9976635514018691 0.28738317757009346 0.9953271028037384 0.28738317757009346 0.9883177570093458 0.2897196261682243 0.985981308411215 0.29205607476635514 0.985981308411215 0.29439252336448596 0.9836448598130841 0.3037383177570093 0.9836448598130841 0.3060747663551402 0.9813084112149533 0.3130841121495327 0.9813084112149533 0.31542056074766356 0.9836448598130841 0.3621495327102804 0.9836448598130841 0.36682242990654207 0.9789719626168224 0.3691588785046729 0.9789719626168224 0.37149532710280375 0.9766355140186916 0.37616822429906543 0.9766355140186916 0.37850467289719625 0.9742990654205608 0.3808411214953271 0.9742990654205608 0.38317757009345793 0.9719626168224299 0.3878504672897196 0.9719626168224299 0.3901869158878505 0.969626168224299 0.397196261682243 0.969626168224299 0.39953271028037385 0.9672897196261683 0.40420560747663553 0.9672897196261683 0.40654205607476634 0.9649532710280374 0.411214953271028 0.9649532710280374 0.4135514018691589 0.9626168224299065 0.4158878504672897 0.9626168224299065 0.4182242990654206 0.9602803738317757 0.4205607476635514 0.9602803738317757 0.42289719626168226 0.9579439252336449 0.42990654205607476 0.9579439252336449 0.4322429906542056 0.9602803738317757 0.4322429906542056 0.9672897196261683 0.42990654205607476 0.969626168224299 0.42757009345794394 0.969626168224299 0.4252336448598131 0.9719626168224299 0.42289719626168226 0.9719626168224299 0.4205607476635514 0.9742990654205608 0.4158878504672897 0.9742990654205608 0.4135514018691589 0.9766355140186916 0.4088785046728972 0.9766355140186916 0.40654205607476634 0.9789719626168224 0.40186915887850466 0.9789719626168224 0.39953271028037385 0.9813084112149533 0.3925233644859813 0.9813084112149533 0.3901869158878505 0.9836448598130841 0.3878504672897196 0.9836448598130841 0.3855140186915888 0.985981308411215 0.38317757009345793 0.985981308411215 0.3808411214953271 0.9883177570093458 0.37616822429906543 0.9883177570093458 0.37149532710280375 0.9929906542056075 0.3691588785046729 0.9929906542056075 0.36682242990654207 0.9953271028037384 0.36682242990654207 0.9976635514018691 0.5023364485981309 0.9976635514018691 0.5023364485981309 0.927570093457944 0.48598130841121495 0.927570093457944 0.48364485981308414 0.9252336448598131 0.48130841121495327 0.9252336448598131 0.47897196261682246 0.927570093457944 0.46261682242990654 0.927570093457944 0.4602803738317757 0.9252336448598131 0.45560747663551404 0.9252336448598131 0.4532710280373832 0.927570093457944 0.4322429906542056 0.927570093457944 0.42990654205607476 0.9252336448598131 0.411214953271028 0.9252336448598131 0.4088785046728972 0.927570093457944 0.40420560747663553 0.927570093457944 0.40186915887850466 0.9252336448598131 0.397196261682243 0.9252336448598131 0.39485981308411217 0.927570093457944 0.3925233644859813 0.927570093457944 0.3901869158878505 0.9252336448598131 0.3878504672897196 0.927570093457944 0.38317757009345793 0.927570093457944 0.3808411214953271 0.9252336448598131 0.37850467289719625 0.9252336448598131 0.37616822429906543 0.927570093457944 0.37149532710280375 0.927570093457944 0.3691588785046729 0.9252336448598131 0.36682242990654207 0.927570093457944 0.3621495327102804 0.927570093457944 0.3598130841121495 0.9252336448598131 0.3574766355140187 0.927570093457944 0.35514018691588783 0.927570093457944 0.352803738317757 0.9252336448598131 0.28738317757009346 0.9252336448598131 0.2850467289719626 0.927570093457944 0.2850467289719626 0.9299065420560748 0.2803738317757009 0.9345794392523364 0.2803738317757009 0.9369158878504673
0 0.8995327102803738 0.764018691588785 0.897196261682243 0.7663551401869159 0.897196261682243 0.7710280373831776 0.8948598130841121 0.7733644859813084 0.8948598130841121 0.7850467289719626 0.8925233644859814 0.7873831775700935 0.8925233644859814 0.7990654205607477 0.8948598130841121 0.8014018691588785 0.8948598130841121 0.8060747663551402 0.897196261682243 0.8084112149532711 0.897196261682243 0.8574766355140186 0.8995327102803738 0.8598130841121495 0.8995327102803738 0.8714953271028038 0.9018691588785047 0.8738317757009346 0.9018691588785047 0.8785046728971962 0.9042056074766355 0.8808411214953271 0.9042056074766355 0.883177570093458 0.9065420560747663 0.8855140186915887 0.9065420560747663 0.8901869158878505 0.9088785046728972 0.8901869158878505 0.9112149532710281 0.8925233644859814 0.9182242990654206 0.8925233644859814 0.9205607476635514 0.8948598130841121 0.9299065420560748 0.8948598130841121 0.9322429906542056 0.897196261682243 0.9439252336448598 0.897196261682243 0.9462616822429907 0.8995327102803738 0.955607476635514 0.8995327102803738 0.9579439252336449 0.9018691588785047 0.9672897196261683 0.9018691588785047 0.969626168224299 0.9042056074766355 0.9976635514018691 0.9042056074766355 0.9976635514018691 0.7593457943925234 0.9719626168224299 0.7593457943925234 0.969626168224299 0.7616822429906542 0.9462616822429907 0.7616822429906542 0.9439252336448598 0.764018691588785
0 0.2850467289719626 0 0.2850467289719626 0.011682242990654205 0.28738317757009346 0.014018691588785047 0.28738317757009346 0.02570093457943925 0.2897196261682243 0.028037383177570093 0.2897196261682243 0.04439252336448598 0.29205607476635514 0.04672897196261682 0.29205607476635514 0.0514018691588785 0.29439252336448596 0.053738317757009345 0.29439252336448596 0.056074766355140186 0.29906542056074764 0.06074766355140187 0.3037383177570093 0.06074766355140187 0.3060747663551402 0.0630841121495327 0.4088785046728972 0.0630841121495327 0.411214953271028 0.06074766355140187 0.4135514018691589 0.06074766355140187 0.4158878504672897 0.0630841121495327 0.4252336448598131 0.0630841121495327 0.42757009345794394 0.06074766355140187 0.43457943925233644 0.06074766355140187 0.4369158878504673 0.0630841121495327 0.45093457943925236 0.0630841121495327 0.4532710280373832 0.06074766355140187 0.49065420560747663 0.06074766355140187 0.4929906542056075 0.05841121495327103 0.5023364485981309 0.05841121495327103 0.5023364485981309 0.056074766355140186 0.5046728971962616 0.053738317757009345 0.5046728971962616 0.04672897196261682 0.5070093457943925 0.04439252336448598 0.5070093457943925 0.03271028037383177 0.5093457943925234 0.030373831775700934 0.5093457943925234 0
0 0.8925233644859814 0.102803738317757 0.8925233644859814 0.10747663551401869 0.8901869158878505 0.10981308411214953 0.8901869158878505 0.1658878504672897 0.8925233644859814 0.16822429906542055 0.8925233644859814 0.2102803738317757 0.8948598130841121 0.21261682242990654 0.8948598130841121 0.21728971962616822 0.897196261682243 0.21962616822429906 0.8995327102803738 0.21962616822429906 0.9018691588785047 0.2219626168224299 0.9065420560747663 0.2219626168224299 0.9112149532710281 0.2266355140186916 0.9205607476635514 0.2266355140186916 0.9228971962616822 0.22897196261682243 0.9976635514018691 0.22897196261682243 0.9976635514018691 0.09813084112149532 0.985981308411215 0.09813084112149532 0.9836448598130841 0.09579439252336448 0.9485981308411215 0.09579439252336448 0.9485981308411215 0.09813084112149532 0.9462616822429907 0.10046728971962617 0.9252336448598131 0.10046728971962617 0.9228971962616822 0.102803738317757
0 0.8948598130841121 0.441588785046729 0.8948598130841121 0.4766355140186916 0.897196261682243 0.47897196261682246 0.897196261682243 0.48598130841121495 0.8948598130841121 0.4883177570093458 0.8948598130841121 0.4929906542056075 0.897196261682243 0.4953271028037383 0.897196261682243 0.530373831775701 0.8948598130841121 0.5327102803738317 0.8948598130841121 0.5654205607476636 0.897196261682243 0.5677570093457944 0.897196261682243 0.5700934579439252 0.8995327102803738 0.5700934579439252 0.9018691588785047 0.572429906542056 0.9158878504672897 0.572429906542056 0.9182242990654206 0.5700934579439252 0.9252336448598131 0.5700934579439252 0.927570093457944 0.572429906542056 0.927570093457944 0.5747663551401869 0.9369158878504673 0.5747663551401869 0.9392523364485982 0.572429906542056 0.9742990654205608 0.572429906542056 0.9766355140186916 0.5747663551401869 0.9976635514018691 0.5747663551401869 0.9976635514018691 0.4392523364485981 0.9485981308411215 0.4392523364485981 0.9462616822429907 0.441588785046729
0 0.9976635514018691 0.2733644859813084 0.9976635514018691 0.3107476635514019 0.9953271028037384 0.3130841121495327 0.9953271028037384 0.35514018691588783 0.9976635514018691 0.3574766355140187 0.9976635514018691 0.3621495327102804 0.9953271028037384 0.3644859813084112 0.9953271028037384 0.36682242990654207 0.9976635514018691 0.3691588785046729 0.9976635514018691 0.3901869158878505
0 0.9953271028037384 0.927570093457944 0.9976635514018691 0.927570093457944 0.9976635514018691 0.985981308411215 0.9953271028037384 0.985981308411215
2 0.9719626168224299 0 0.9719626168224299 0.007009345794392523 0.9672897196261683 0.018691588785046728 0.9672897196261683 0.035046728971962614 0.9649532710280374 0.037383177570093455 0.9649532710280374 0.04672897196261682 0.9579439252336449 0.056074766355140186 0.9415887850467289 0.0630841121495327 0.9228971962616822 0.0794392523364486 0.9158878504672897 0.0794392523364486 0.9112149532710281 0.08411214953271028 0.8878504672897196 0.08411214953271028 0.8785046728971962 0.09345794392523364 0.8785046728971962 0.10747663551401869 0.8714953271028038 0.11682242990654206 0.8714953271028038 0.13551401869158877 0.8761682242990654 0.14018691588785046 0.8738317757009346 0.1542056074766355 0.8785046728971962 0.1658878504672897 0.8761682242990654 0.18457943925233644 0.8808411214953271 0.19158878504672897 0.8808411214953271 0.20327102803738317 0.8761682242990654 0.2102803738317757 0.8761682242990654 0.21728971962616822 0.883177570093458 0.22897196261682243 0.897196261682243 0.24299065420560748 0.8878504672897196 0.2546728971962617 0.8878504672897196 0.26401869158878505 0.969626168224299 0.26401869158878505 0.9719626168224299 0.26635514018691586 0.9719626168224299 0.2827102803738318 0.9742990654205608 0.2897196261682243 0.9719626168224299 0.29205607476635514 0.9719626168224299 0.3364485981308411 0.969626168224299 0.338785046728972 0.9672897196261683 0.3574766355140187 0.9649532710280374 0.3598130841121495 0.9649532710280374 0.37383177570093457 0.9462616822429907 0.39485981308411217 0.9392523364485982 0.397196261682243 0.9299065420560748 0.4088785046728972 0.9299065420560748 0.4135514018691589 0.9228971962616822 0.4205607476635514 0.8925233644859814 0.4205607476635514 0.8855140186915887 0.42990654205607476 0.8855140186915887 0.43457943925233644 0.8761682242990654 0.4462616822429907 0.8761682242990654 0.46261682242990654 0.8855140186915887 0.47897196261682246 0.8855140186915887 0.5070093457943925 0.8808411214953271 0.514018691588785 0.8808411214953271 0.5233644859813084 0.883177570093458 0.5280373831775701 0.8808411214953271 0.5327102803738317 0.866822429906542 0.544392523364486 0.866822429906542 0.5560747663551402 0.8808411214953271 0.5677570093457944 0.8901869158878505 0.5794392523364486 0.9088785046728972 0.5887850467289719 0.9065420560747663 0.5911214953271028 0.9088785046728972 0.5981308411214953 0.9672897196261683 0.5981308411214953 0.9719626168224299 0.6051401869158879 0.9719626168224299 0.6144859813084113 0.9742990654205608 0.616822429906542 0.9742990654205608 0.7336448598130841 0.9719626168224299 0.735981308411215 0.9579439252336449 0.735981308411215 0.9509345794392523 0.7429906542056075 0.9485981308411215 0.7406542056074766 0.9158878504672897 0.7429906542056075 0.9088785046728972 0.7383177570093458 0.8925233644859814 0.7429906542056075 0.8808411214953271 0.7546728971962616 0.8691588785046729 0.7733644859813084 0.8691588785046729 0.780373831775701 0.8714953271028038 0.7827102803738317 0.8714953271028038 0.7897196261682243 0.8691588785046729 0.7920560747663551 0.8691588785046729 0.8130841121495327 0.8738317757009346 0.8154205607476636 0.8808411214953271 0.8247663551401869 0.8808411214953271 0.8481308411214953 0.8714953271028038 0.8598130841121495 0.8714953271028038 0.8738317757009346 0.8808411214953271 0.8855140186915887 0.8808411214953271 0.8995327102803738 0.883177570093458 0.9065420560747663 0.8948598130841121 0.9205607476635514 0.8995327102803738 0.9299065420560748 0.9369158878504673 0.9299065420560748 0.9392523364485982 0.9322429906542056 0.9579439252336449 0.9322429906542056 0.9626168224299065 0.9345794392523364 0.9672897196261683 0.9439252336448598 0.9672897196261683 0.985981308411215 0.969626168224299 0.9883177570093458 0.969626168224299 0.9976635514018691 0.9976635514018691 0.9976635514018691 0.9976635514018691 0.9883177570093458 0.9953271028037384 0.9836448598130841 0.9836448598130841 0.9742990654205608 0.9789719626168224 0.9649532710280374 0.9813084112149533 0.9345794392523364 0.9742990654205608 0.9228971962616822 0.9649532710280374 0.9182242990654206 0.955607476635514 0.9182242990654206 0.9509345794392523 0.9228971962616822 0.9392523364485982 0.9228971962616822 0.9369158878504673 0.9252336448598131 0.9205607476635514 0.9228971962616822 0.9135514018691588 0.9158878504672897 0.9135514018691588 0.9112149532710281 0.9042056074766355 0.9018691588785047 0.9042056074766355 0.8855140186915887 0.8995327102803738 0.8785046728971962 0.897196261682243 0.8598130841121495 0.8948598130841121 0.8574766355140186 0.8948598130841121 0.8084112149532711 0.883177570093458 0.7967289719626168 0.8878504672897196 0.7873831775700935 0.8925233644859814 0.7850467289719626 0.8925233644859814 0.7733644859813084 0.8948598130841121 0.7663551401869159 0.8995327102803738 0.7616822429906542 0.969626168224299 0.7593457943925234 0.9836448598130841 0.7453271028037384 0.9883177570093458 0.735981308411215 0.9836448598130841 0.7149532710280374 0.9789719626168224 0.7102803738317757 0.9789719626168224 0.6985981308411215 0.9836448598130841 0.6939252336448598 0.985981308411215 0.6869158878504673 0.9836448598130841 0.6588785046728972 0.9789719626168224 0.6542056074766355 0.9789719626168224 0.6098130841121495 0.9813084112149533 0.6074766355140186 0.9789719626168224 0.5981308411214953 0.9672897196261683 0.5911214953271028 0.9532710280373832 0.5911214953271028 0.9462616822429907 0.5864485981308412 0.9415887850467289 0.5864485981308412 0.9369158878504673 0.5817757009345794 0.9322429906542056 0.5817757009345794 0.9252336448598131 0.572429906542056 0.9018691588785047 0.5747663551401869 0.897196261682243 0.572429906542056 0.8925233644859814 0.5654205607476636 0.8925233644859814 0.5327102803738317 0.8948598130841121 0.530373831775701 0.8925233644859814 0.441588785046729 0.8948598130841121 0.4392523364485981 0.9462616822429907 0.4392523364485981 0.9462616822429907 0.43457943925233644 0.9509345794392523 0.42757009345794394 0.9672897196261683 0.4135514018691589 0.9719626168224299 0.40186915887850466 0.9836448598130841 0.3901869158878505 0.9906542056074766 0.37850467289719625 0.9883177570093458 0.36682242990654207 0.9836448598130841 0.3621495327102804 0.9836448598130841 0.338785046728972 0.9789719626168224 0.3317757009345794 0.9789719626168224 0.32009345794392524 0.9836448598130841 0.31542056074766356 0.9836448598130841 0.29906542056074764 0.9929906542056075 0.2850467289719626 0.9929906542056075 0.2780373831775701 0.9906542056074766 0.2733644859813084 0.9672897196261683 0.2546728971962617 0.955607476635514 0.24065420560747663 0.9415887850467289 0.2336448598130841 0.9158878504672897 0.23130841121495327 0.9065420560747663 0.22429906542056074 0.897196261682243 0.2219626168224299 0.8925233644859814 0.21728971962616822 0.8901869158878505 0.2102803738317757 0.8901869158878505 0.16822429906542055 0.8878504672897196 0.1658878504672897 0.8878504672897196 0.10981308411214953 0.8925233644859814 0.10046728971962617 0.9462616822429907 0.09813084112149532 0.9462616822429907 0.09345794392523364 0.9532710280373832 0.08644859813084112 0.9626168224299065 0.08644859813084112 0.9672897196261683 0.08177570093457943 0.9719626168224299 0.08177570093457943 0.9789719626168224 0.07476635514018691 0.9789719626168224 0.04205607476635514 0.9836448598130841 0.037383177570093455 0.9836448598130841 0.03271028037383177 0.9883177570093458 0.02570093457943925 0.9883177570093458 0.009345794392523364 0.9836448598130841 0
2 0.6542056074766355 0.26401869158878505 0.647196261682243 0.26401869158878505 0.647196261682243 0.26869158878504673 0.6495327102803738 0.27102803738317754 0.6495327102803738 0.2733644859813084 0.6542056074766355 0.2780373831775701 0.6542056074766355 0.29205607476635514 0.6565420560747663 0.29439252336448596 0.6565420560747663 0.3130841121495327 0.6542056074766355 0.31542056074766356 0.6542056074766355 0.3247663551401869 0.6495327102803738 0.3294392523364486 0.6495327102803738 0.3411214953271028 0.647196261682243 0.34345794392523366 0.647196261682243 0.3574766355140187 0.6448598130841121 0.3598130841121495 0.6448598130841121 0.3621495327102804 0.6401869158878505 0.36682242990654207 0.6401869158878505 0.37616822429906543 0.6425233644859814 0.37850467289719625 0.6425233644859814 0.38317757009345793 0.647196261682243 0.38317757009345793 0.647196261682243 0.3691588785046729 0.6518691588785047 0.3644859813084112 0.6518691588785047 0.3621495327102804 0.6542056074766355 0.3598130841121495 0.6542056074766355 0.338785046728972 0.6612149532710281 0.3317757009345794 0.6612149532710281 0.3294392523364486 0.6635514018691588 0.32710280373831774 0.6635514018691588 0.31542056074766356 0.6612149532710281 0.3130841121495327 0.6612149532710281 0.3107476635514019 0.6635514018691588 0.308411214953271 0.6658878504672897 0.308411214953271 0.6682242990654206 0.3107476635514019 0.6682242990654206 0.3130841121495327 0.6705607476635514 0.31542056074766356 0.6705607476635514 0.3177570093457944 0.6728971962616822 0.3177570093457944 0.6752336448598131 0.32009345794392524 0.6752336448598131 0.3247663551401869 0.677570093457944 0.3247663551401869 0.6822429906542056 0.3294392523364486 0.6822429906542056 0.3364485981308411 0.6892523364485982 0.34345794392523366 0.6892523364485982 0.34579439252336447 0.6915887850467289 0.34813084112149534 0.6915887850467289 0.35046728971962615 0.6985981308411215 0.35046728971962615 0.6985981308411215 0.34579439252336447 0.6915887850467289 0.338785046728972 0.6915887850467289 0.3341121495327103 0.6892523364485982 0.3317757009345794 0.6892523364485982 0.32710280373831774 0.6869158878504673 0.3247663551401869 0.6869158878504673 0.32009345794392524 0.6845794392523364 0.32009345794392524 0.6822429906542056 0.3177570093457944 0.6799065420560748 0.3177570093457944 0.677570093457944 0.31542056074766356 0.677570093457944 0.3130841121495327 0.6728971962616822 0.308411214953271 0.6728971962616822 0.3037383177570093 0.6682242990654206 0.29906542056074764 0.6682242990654206 0.2850467289719626 0.6635514018691588 0.2803738317757009 0.6635514018691588 0.2780373831775701 0.6612149532710281 0.2757009345794392 0.6612149532710281 0.2733644859813084 0.6565420560747663 0.26869158878504673 0.6565420560747663 0.26635514018691586
2 0.42990654205607476 0.9602803738317757 0.42289719626168226 0.9602803738317757 0.4205607476635514 0.9626168224299065 0.4182242990654206 0.9626168224299065 0.4158878504672897 0.9649532710280374 0.4135514018691589 0.9649532710280374 0.411214953271028 0.9672897196261683 0.40654205607476634 0.9672897196261683 0.40420560747663553 0.969626168224299 0.39953271028037385 0.969626168224299 0.397196261682243 0.9719626168224299 0.3901869158878505 0.9719626168224299 0.3878504672897196 0.9742990654205608 0.38317757009345793 0.9742990654205608 0.3808411214953271 0.9766355140186916 0.37850467289719625 0.9766355140186916 0.37616822429906543 0.9789719626168224 0.37149532710280375 0.9789719626168224 0.3691588785046729 0.9813084112149533 0.36682242990654207 0.9813084112149533 0.3621495327102804 0.985981308411215 0.31542056074766356 0.985981308411215 0.3130841121495327 0.9836448598130841 0.3060747663551402 0.9836448598130841 0.3037383177570093 0.985981308411215 0.29439252336448596 0.985981308411215 0.29205607476635514 0.9883177570093458 0.2897196261682243 0.9883177570093458 0.2897196261682243 0.9953271028037384 0.2967289719626168 0.9953271028037384 0.29906542056074764 0.9929906542056075 0.35046728971962615 0.9929906542056075 0.352803738317757 0.9953271028037384 0.352803738317757 0.9976635514018691 0.3644859813084112 0.9976635514018691 0.3644859813084112 0.9953271028037384 0.3691588785046729 0.9906542056074766 0.37149532710280375 0.9906542056074766 0.37616822429906543 0.985981308411215 0.3808411214953271 0.985981308411215 0.38317757009345793 0.9836448598130841 0.3855140186915888 0.9836448598130841 0.3878504672897196 0.9813084112149533 0.3901869158878505 0.9813084112149533 0.3925233644859813 0.9789719626168224 0.39953271028037385 0.9789719626168224 0.40186915887850466 0.9766355140186916 0.40654205607476634 0.9766355140186916 0.4088785046728972 0.9742990654205608 0.4135514018691589 0.9742990654205608 0.4158878504672897 0.9719626168224299 0.4205607476635514 0.9719626168224299 0.42289719626168226 0.969626168224299 0.4252336448598131 0.969626168224299 0.42757009345794394 0.9672897196261683 0.42990654205607476 0.9672897196261683
2 0.29205607476635514 0.10514018691588785 0.28738317757009346 0.10046728971962617 0.28738317757009346 0.09345794392523364 0.2827102803738318 0.09345794392523364 0.2803738317757009 0.0911214953271028 0.2780373831775701 0.0911214953271028 0.2757009345794392 0.08878504672897196 0.2733644859813084 0.08878504672897196 0.27102803738317754 0.0911214953271028 0.26635514018691586 0.0911214953271028 0.26401869158878505 0.09345794392523364 0.2616822429906542 0.0911214953271028 0.2546728971962617 0.0911214953271028 0.2523364485981308 0.09345794392523364 0.2336448598130841 0.09345794392523364 0.2336448598130841 0.09579439252336448 0.23130841121495327 0.09813084112149532 0.22897196261682243 0.09813084112149532 0.2266355140186916 0.10046728971962617 0.2219626168224299 0.10046728971962617 0.21728971962616822 0.10514018691588785 0.2102803738317757 0.10514018691588785 0.20794392523364486 0.10747663551401869 0.20327102803738317 0.10747663551401869 0.20093457943925233 0.10514018691588785 0.1939252336448598 0.10514018691588785 0.1939252336448598 0.11214953271028037 0.1985981308411215 0.11214953271028037 0.20093457943925233 0.11448598130841121 0.21261682242990654 0.11448598130841121 0.21495327102803738 0.11214953271028037 0.21962616822429906 0.11214953271028037 0.22429906542056074 0.10747663551401869 0.2266355140186916 0.10747663551401869 0.22897196261682243 0.10514018691588785 0.2336448598130841 0.10514018691588785 0.23598130841121495 0.10747663551401869 0.24299065420560748 0.10747663551401869 0.24299065420560748 0.102803738317757 0.24532710280373832 0.10046728971962617 0.2523364485981308 0.10046728971962617 0.2546728971962617 0.102803738317757 0.26869158878504673 0.102803738317757 0.26869158878504673 0.10046728971962617 0.2757009345794392 0.09345794392523364 0.2780373831775701 0.09579439252336448 0.2780373831775701 0.102803738317757 0.2850467289719626 0.10981308411214953 0.2850467289719626 0.11214953271028037 0.28738317757009346 0.11448598130841121 0.29205607476635514 0.11448598130841121
2 0.647196261682243 0.42757009345794394 0.647196261682243 0.4485981308411215 0.6495327102803738 0.45093457943925236 0.6518691588785047 0.45093457943925236 0.6542056074766355 0.4532710280373832 0.6588785046728972 0.4532710280373832 0.6588785046728972 0.4462616822429907 0.6565420560747663 0.4439252336448598 0.6565420560747663 0.4392523364485981 0.6518691588785047 0.43457943925233644 0.6542056074766355 0.4322429906542056 0.6565420560747663 0.4322429906542056 0.6565420560747663 0.42757009345794394
2 0.6074766355140186 0.8294392523364486 0.6074766355140186 0.8341121495327103 0.6098130841121495 0.8341121495327103 0.6121495327102804 0.8364485981308412 0.6214953271028038 0.8364485981308412 0.6214953271028038 0.8317757009345794 0.6191588785046729 0.8294392523364486