0 0.4438202247191011 0.18820224719101122 0.4438202247191011 0.19101123595505617 0.4410112359550562 0.19382022471910113 0.4410112359550562 0.20224719101123595 0.4353932584269663 0.21067415730337077 0.4353932584269663 0.23314606741573032 0.43258426966292135 0.23595505617977527 0.43258426966292135 0.2696629213483146 0.4353932584269663 0.27247191011235955 0.4353932584269663 0.28651685393258425 0.43820224719101125 0.2893258426966292 0.43820224719101125 0.29775280898876405 0.4410112359550562 0.300561797752809 0.4410112359550562 0.33146067415730335 0.43820224719101125 0.3342696629213483 0.43820224719101125 0.35674157303370785 0.4353932584269663 0.3595505617977528 0.4353932584269663 0.38764044943820225 0.43258426966292135 0.3904494382022472 0.43258426966292135 0.40730337078651685 0.4297752808988764 0.4101123595505618 0.4297752808988764 0.41853932584269665 0.42696629213483145 0.42134831460674155 0.42696629213483145 0.42696629213483145 0.4241573033707865 0.4297752808988764 0.4241573033707865 0.43258426966292135 0.41853932584269665 0.4410112359550562 0.41853932584269665 0.4747191011235955 0.42134831460674155 0.47752808988764045 0.42134831460674155 0.4803370786516854 0.42696629213483145 0.4887640449438202 0.42696629213483145 0.4943820224719101 0.4353932584269663 0.5028089887640449 0.45224719101123595 0.5028089887640449 0.4550561797752809 0.5 0.5028089887640449 0.5 0.5056179775280899 0.5028089887640449 0.5224719101123596 0.5028089887640449 0.5252808988764045 0.5056179775280899 0.5337078651685393 0.5056179775280899 0.5365168539325843 0.5084269662921348 0.5449438202247191 0.5084269662921348 0.547752808988764 0.5112359550561798 0.5589887640449438 0.5112359550561798 0.5617977528089888 0.5140449438202247 0.5702247191011236 0.5140449438202247 0.5730337078651685 0.5168539325842697 0.5814606741573034 0.5168539325842697 0.5842696629213483 0.5196629213483146 0.5898876404494382 0.5196629213483146 0.5926966292134831 0.5224719101123596 0.6039325842696629 0.5224719101123596 0.6067415730337079 0.5252808988764045 0.6573033707865169 0.5252808988764045 0.6601123595505618 0.5224719101123596 0.6882022471910112 0.5224719101123596 0.6910112359550562 0.5252808988764045 0.7134831460674157 0.5252808988764045 0.7162921348314607 0.5280898876404494 0.7275280898876404 0.5280898876404494 0.7303370786516854 0.5308988764044944 0.7415730337078652 0.5308988764044944 0.7443820224719101 0.5337078651685393 0.75 0.5337078651685393 0.7584269662921348 0.5393258426966292 0.7640449438202247 0.5393258426966292 0.7668539325842697 0.5421348314606742 0.7724719101123596 0.5421348314606742 0.7752808988764045 0.5449438202247191 0.7780898876404494 0.5449438202247191 0.7808988764044944 0.547752808988764 0.7837078651685393 0.547752808988764 0.7865168539325843 0.550561797752809 0.7893258426966292 0.550561797752809 0.797752808988764 0.5561797752808989 0.8033707865168539 0.5561797752808989 0.8117977528089888 0.5617977528089888 0.8174157303370787 0.5617977528089888 0.8202247191011236 0.5589887640449438 0.8286516853932584 0.5589887640449438 0.8314606741573034 0.5561797752808989 0.8426966292134831 0.5561797752808989 0.8455056179775281 0.5533707865168539 0.8539325842696629 0.5533707865168539 0.8567415730337079 0.550561797752809 0.8623595505617978 0.550561797752809 0.8651685393258427 0.547752808988764 0.8707865168539326 0.547752808988764 0.8735955056179775 0.5449438202247191 0.8820224719101124 0.5449438202247191 0.8848314606741573 0.5421348314606742 0.8932584269662921 0.5421348314606742 0.8960674157303371 0.5449438202247191 0.9241573033707865 0.5449438202247191 0.9269662921348315 0.547752808988764 0.9382022471910112 0.547752808988764 0.9410112359550562 0.550561797752809 0.952247191011236 0.550561797752809 0.9550561797752809 0.5533707865168539 0.9971910112359551 0.5533707865168539 0.9971910112359551 0.21348314606741572 0.9943820224719101 0.21067415730337077 0.9831460674157303 0.21067415730337077 0.9803370786516854 0.20786516853932585 0.9410112359550562 0.20786516853932585 0.9382022471910112 0.21067415730337077 0.9241573033707865 0.21067415730337077 0.9213483146067416 0.20786516853932585 0.9073033707865169 0.20786516853932585 0.9044943820224719 0.2050561797752809 0.848314606741573 0.2050561797752809 0.8455056179775281 0.20786516853932585 0.8089887640449438 0.20786516853932585 0.8061797752808989 0.2050561797752809 0.7949438202247191 0.2050561797752809 0.7921348314606742 0.20224719101123595 0.7837078651685393 0.20224719101123595 0.7808988764044944 0.199438202247191 0.7724719101123596 0.199438202247191 0.7696629213483146 0.19662921348314608 0.7584269662921348 0.19662921348314608 0.7556179775280899 0.19382022471910113 0.7359550561797753 0.19382022471910113 0.7331460674157303 0.19101123595505617 0.7078651685393258 0.19101123595505617 0.7050561797752809 0.18820224719101122 0.6544943820224719 0.18820224719101122 0.651685393258427 0.1853932584269663 0.6151685393258427 0.1853932584269663 0.6123595505617978 0.18258426966292135 0.5955056179775281 0.18258426966292135 0.5926966292134831 0.1853932584269663 0.5646067415730337 0.1853932584269663 0.5617977528089888 0.18820224719101122 0.5561797752808989 0.18820224719101122 0.5533707865168539 0.19101123595505617 0.5449438202247191 0.19101123595505617 0.5421348314606742 0.19382022471910113 0.5280898876404494 0.19382022471910113 0.5252808988764045 0.19101123595505617 0.5224719101123596 0.19101123595505617 0.5196629213483146 0.18820224719101122 0.5168539325842697 0.18820224719101122 0.5084269662921348 0.18258426966292135 0.48314606741573035 0.18258426966292135 0.4803370786516854 0.1853932584269663 0.44662921348314605 0.1853932584269663
0 0.6910112359550562 0.5955056179775281 0.6910112359550562 0.598314606741573 0.6882022471910112 0.601123595505618 0.6882022471910112 0.6067415730337079 0.6853932584269663 0.6095505617977528 0.6853932584269663 0.6292134831460674 0.6825842696629213 0.6320224719101124 0.6853932584269663 0.6348314606741573 0.6853932584269663 0.648876404494382 0.6882022471910112 0.651685393258427 0.6882022471910112 0.6797752808988764 0.6910112359550562 0.6825842696629213 0.6910112359550562 0.7050561797752809 0.6938202247191011 0.7078651685393258 0.6938202247191011 0.7162921348314607 0.6966292134831461 0.7191011235955056 0.6966292134831461 0.7275280898876404 0.6938202247191011 0.7303370786516854 0.6938202247191011 0.7893258426966292 0.6910112359550562 0.7921348314606742 0.6910112359550562 0.8230337078651685 0.6882022471910112 0.8258426966292135 0.6882022471910112 0.8286516853932584 0.6853932584269663 0.8314606741573034 0.6853932584269663 0.8342696629213483 0.6825842696629213 0.8370786516853933 0.6825842696629213 0.8595505617977528 0.6797752808988764 0.8623595505617978 0.6797752808988764 0.8764044943820225 0.6769662921348315 0.8792134831460674 0.6769662921348315 0.8876404494382022 0.6797752808988764 0.8904494382022472 0.6797752808988764 0.8960674157303371 0.6825842696629213 0.898876404494382 0.6825842696629213 0.9044943820224719 0.6797752808988764 0.9073033707865169 0.6797752808988764 0.9241573033707865 0.6853932584269663 0.9297752808988764 0.6853932584269663 0.9325842696629213 0.6938202247191011 0.9410112359550562 0.7106741573033708 0.9410112359550562 0.7134831460674157 0.9438202247191011 0.7219101123595506 0.9438202247191011 0.7247191011235955 0.9466292134831461 0.7359550561797753 0.9466292134831461 0.7387640449438202 0.949438202247191 0.75 0.949438202247191 0.7528089887640449 0.952247191011236 0.7640449438202247 0.952247191011236 0.7668539325842697 0.9550561797752809 0.7808988764044944 0.9550561797752809 0.7837078651685393 0.9578651685393258 0.7949438202247191 0.9578651685393258 0.797752808988764 0.9606741573033708 0.8033707865168539 0.9606741573033708 0.8061797752808989 0.9634831460674157 0.8089887640449438 0.9634831460674157 0.8117977528089888 0.9662921348314607 0.8146067415730337 0.9662921348314607 0.8174157303370787 0.9691011235955056 0.8202247191011236 0.9691011235955056 0.8230337078651685 0.9719101123595506 0.8258426966292135 0.9719101123595506 0.8314606741573034 0.9775280898876404 0.8342696629213483 0.9775280898876404 0.8370786516853933 0.9803370786516854 0.8567415730337079 0.9803370786516854 0.8595505617977528 0.9775280898876404 0.8764044943820225 0.9775280898876404 0.8792134831460674 0.9747191011235955 0.8848314606741573 0.9747191011235955 0.8876404494382022 0.9719101123595506 0.8960674157303371 0.9719101123595506 0.898876404494382 0.9691011235955056 0.9044943820224719 0.9691011235955056 0.9073033707865169 0.9662921348314607 0.9101123595505618 0.9691011235955056 0.9241573033707865 0.9691011235955056 0.9269662921348315 0.9719101123595506 0.9859550561797753 0.9719101123595506 0.9887640449438202 0.9691011235955056 0.9971910112359551 0.9691011235955056 0.9971910112359551 0.6151685393258427 0.9887640449438202 0.6151685393258427 0.9859550561797753 0.6123595505617978 0.9803370786516854 0.6123595505617978 0.9775280898876404 0.6095505617977528 0.9747191011235955 0.6095505617977528 0.9719101123595506 0.6067415730337079 0.9550561797752809 0.6067415730337079 0.952247191011236 0.6095505617977528 0.9410112359550562 0.6095505617977528 0.9382022471910112 0.6123595505617978 0.9129213483146067 0.6123595505617978 0.9101123595505618 0.6095505617977528 0.8932584269662921 0.6095505617977528 0.8904494382022472 0.6123595505617978 0.8792134831460674 0.6123595505617978 0.8764044943820225 0.6151685393258427 0.8651685393258427 0.6151685393258427 0.8623595505617978 0.6123595505617978 0.8455056179775281 0.6123595505617978 0.8426966292134831 0.6095505617977528 0.8314606741573034 0.6095505617977528 0.8286516853932584 0.6067415730337079 0.8202247191011236 0.6067415730337079 0.8174157303370787 0.6039325842696629 0.8089887640449438 0.6039325842696629 0.8061797752808989 0.601123595505618 0.797752808988764 0.601123595505618 0.7949438202247191 0.598314606741573 0.7893258426966292 0.598314606741573 0.7865168539325843 0.601123595505618 0.7471910112359551 0.601123595505618 0.7443820224719101 0.598314606741573 0.7359550561797753 0.598314606741573 0.7331460674157303 0.5955056179775281 0.7247191011235955 0.5955056179775281 0.7219101123595506 0.5926966292134831 0.7106741573033708 0.5926966292134831 0.7078651685393258 0.5898876404494382 0.702247191011236 0.5898876404494382 0.699438202247191 0.5926966292134831 0.6966292134831461 0.5926966292134831 0.6938202247191011 0.5955056179775281
0 0.7275280898876404 0 0.7275280898876404 0.0028089887640449437 0.7303370786516854 0.0056179775280898875 0.7303370786516854 0.03932584269662921 0.7275280898876404 0.042134831460674156 0.7275280898876404 0.047752808988764044 0.7247191011235955 0.05056179775280899 0.7247191011235955 0.05337078651685393 0.7219101123595506 0.056179775280898875 0.7219101123595506 0.06179775280898876 0.7191011235955056 0.06460674157303371 0.7191011235955056 0.08426966292134831 0.7162921348314607 0.08707865168539326 0.7191011235955056 0.0898876404494382 0.7162921348314607 0.09269662921348315 0.7162921348314607 0.10393258426966293 0.7134831460674157 0.10674157303370786 0.7134831460674157 0.12078651685393259 0.7162921348314607 0.12359550561797752 0.7162921348314607 0.13202247191011235 0.7191011235955056 0.1348314606741573 0.7191011235955056 0.13764044943820225 0.7219101123595506 0.1404494382022472 0.7219101123595506 0.14325842696629212 0.7247191011235955 0.14606741573033707 0.7275280898876404 0.14606741573033707 0.7303370786516854 0.14887640449438203 0.7471910112359551 0.14887640449438203 0.75 0.15168539325842698 0.7640449438202247 0.15168539325842698 0.7668539325842697 0.1544943820224719 0.7780898876404494 0.1544943820224719 0.7808988764044944 0.15730337078651685 0.8146067415730337 0.15730337078651685 0.8174157303370787 0.1601123595505618 0.8202247191011236 0.15730337078651685 0.8455056179775281 0.15730337078651685 0.848314606741573 0.1544943820224719 0.8679775280898876 0.1544943820224719 0.8707865168539326 0.15168539325842698 0.8792134831460674 0.15168539325842698 0.8820224719101124 0.14887640449438203 0.8848314606741573 0.14887640449438203 0.8876404494382022 0.15168539325842698 0.901685393258427 0.15168539325842698 0.9044943820224719 0.1544943820224719 0.9129213483146067 0.1544943820224719 0.9157303370786517 0.15730337078651685 0.9185393258426966 0.15730337078651685 0.9213483146067416 0.1601123595505618 0.9241573033707865 0.1601123595505618 0.9269662921348315 0.16292134831460675 0.9325842696629213 0.16292134831460675 0.9353932584269663 0.16573033707865167 0.9382022471910112 0.16573033707865167 0.9410112359550562 0.16853932584269662 0.9578651685393258 0.16853932584269662 0.9606741573033708 0.16573033707865167 0.9859550561797753 0.16573033707865167 0.9887640449438202 0.16292134831460675 0.9971910112359551 0.16292134831460675 0.9971910112359551 0
0 0.3707865168539326 0.9859550561797753 0.3707865168539326 0.9943820224719101 0.37359550561797755 0.9971910112359551 0.9382022471910112 0.9971910112359551 0.9297752808988764 0.9971910112359551 0.9269662921348315 0.9943820224719101 0.9157303370786517 0.9943820224719101 0.9129213483146067 0.9915730337078652 0.8764044943820225 0.9915730337078652 0.8735955056179775 0.9943820224719101 0.8595505617977528 0.9943820224719101 0.8567415730337079 0.9971910112359551 0.8455056179775281 0.9971910112359551 0.8426966292134831 0.9943820224719101 0.8370786516853933 0.9943820224719101 0.8342696629213483 0.9915730337078652 0.8286516853932584 0.9915730337078652 0.8258426966292135 0.9887640449438202 0.8202247191011236 0.9887640449438202 0.8174157303370787 0.9859550561797753 0.8061797752808989 0.9859550561797753 0.8033707865168539 0.9831460674157303 0.7921348314606742 0.9831460674157303 0.7893258426966292 0.9803370786516854 0.7696629213483146 0.9803370786516854 0.7668539325842697 0.9831460674157303 0.7612359550561798 0.9831460674157303 0.7584269662921348 0.9859550561797753 0.75 0.9859550561797753 0.7471910112359551 0.9887640449438202 0.7331460674157303 0.9887640449438202 0.7303370786516854 0.9859550561797753 0.7191011235955056 0.9859550561797753 0.7162921348314607 0.9831460674157303 0.7050561797752809 0.9831460674157303 0.702247191011236 0.9803370786516854 0.6938202247191011 0.9803370786516854 0.6910112359550562 0.9775280898876404 0.6825842696629213 0.9775280898876404 0.6797752808988764 0.9747191011235955 0.6713483146067416 0.9747191011235955 0.6685393258426966 0.9719101123595506 0.6601123595505618 0.9719101123595506 0.6573033707865169 0.9691011235955056 0.651685393258427 0.9691011235955056 0.648876404494382 0.9662921348314607 0.6264044943820225 0.9662921348314607 0.6235955056179775 0.9634831460674157 0.6039325842696629 0.9634831460674157 0.601123595505618 0.9662921348314607 0.5955056179775281 0.9662921348314607 0.5926966292134831 0.9691011235955056 0.5870786516853933 0.9691011235955056 0.5842696629213483 0.9719101123595506 0.5786516853932584 0.9719101123595506 0.5758426966292135 0.9747191011235955 0.5674157303370787 0.9747191011235955 0.5646067415730337 0.9719101123595506 0.5365168539325843 0.9719101123595506 0.5337078651685393 0.9691011235955056 0.5280898876404494 0.9691011235955056 0.5252808988764045 0.9662921348314607 0.5196629213483146 0.9662921348314607 0.5168539325842697 0.9634831460674157 0.5140449438202247 0.9634831460674157 0.5112359550561798 0.9606741573033708 0.43820224719101125 0.9606741573033708 0.4353932584269663 0.9578651685393258 0.4297752808988764 0.9578651685393258 0.42696629213483145 0.9550561797752809 0.4241573033707865 0.9550561797752809 0.42134831460674155 0.952247191011236 0.41853932584269665 0.952247191011236 0.4157303370786517 0.949438202247191 0.41292134831460675 0.949438202247191 0.4101123595505618 0.9466292134831461 0.4044943820224719 0.9466292134831461 0.40168539325842695 0.949438202247191 0.38764044943820225 0.949438202247191 0.3848314606741573 0.952247191011236 0.3792134831460674 0.952247191011236 0.37640449438202245 0.9550561797752809 0.37640449438202245 0.9578651685393258 0.37359550561797755 0.9606741573033708 0.37359550561797755 0.9831460674157303
1 0.08426966292134831 0.5702247191011236 0.09550561797752809 0.5814606741573034 0.09550561797752809 0.5898876404494382 0.09269662921348315 0.5926966292134831 0.0898876404494382 0.601123595505618 0.08707865168539326 0.6039325842696629 0.07865168539325842 0.6067415730337079 0.07865168539325842 0.6095505617977528 0.07584269662921349 0.6123595505617978 0.07584269662921349 0.6235955056179775 0.0702247191011236 0.6292134831460674 0.0702247191011236 0.6320224719101124 0.06741573033707865 0.6348314606741573 0.06460674157303371 0.6348314606741573 0.05898876404494382 0.6404494382022472 0.05898876404494382 0.6741573033707865 0.06179775280898876 0.6769662921348315 0.06179775280898876 0.6882022471910112 0.06460674157303371 0.6910112359550562 0.06460674157303371 0.6966292134831461 0.0702247191011236 0.7050561797752809 0.0702247191011236 0.7106741573033708 0.08707865168539326 0.7303370786516854 0.08707865168539326 0.7359550561797753 0.0898876404494382 0.7387640449438202 0.0898876404494382 0.7640449438202247 0.08707865168539326 0.7668539325842697 0.08707865168539326 0.7724719101123596 0.0898876404494382 0.7752808988764045 0.0898876404494382 0.8033707865168539 0.08707865168539326 0.8061797752808989 0.08707865168539326 0.8089887640449438 0.0898876404494382 0.8117977528089888 0.0898876404494382 0.8174157303370787 0.09269662921348315 0.8202247191011236 0.09269662921348315 0.8455056179775281 0.09550561797752809 0.848314606741573 0.09550561797752809 0.8679775280898876 0.08426966292134831 0.8792134831460674 0.08426966292134831 0.8960674157303371 0.12359550561797752 0.8960674157303371 0.12640449438202248 0.898876404494382 0.14887640449438203 0.898876404494382 0.15168539325842698 0.901685393258427 0.17415730337078653 0.901685393258427 0.17696629213483145 0.9044943820224719 0.19382022471910113 0.9044943820224719 0.19662921348314608 0.9073033707865169 0.20786516853932585 0.9073033707865169 0.21067415730337077 0.9101123595505618 0.22191011235955055 0.9101123595505618 0.2247191011235955 0.9129213483146067 0.23876404494382023 0.9129213483146067 0.24157303370786518 0.9157303370786517 0.25280898876404495 0.9157303370786517 0.2556179775280899 0.9185393258426966 0.34269662921348315 0.9185393258426966 0.3455056179775281 0.9213483146067416 0.36235955056179775 0.9213483146067416 0.3651685393258427 0.9241573033707865 0.3792134831460674 0.9241573033707865 0.38202247191011235 0.9269662921348315 0.398876404494382 0.9269662921348315 0.40168539325842695 0.9297752808988764 0.4691011235955056 0.9297752808988764 0.47191011235955055 0.9269662921348315 0.4859550561797753 0.9269662921348315 0.4887640449438202 0.9297752808988764 0.5308988764044944 0.9297752808988764 0.5337078651685393 0.9325842696629213 0.5646067415730337 0.9325842696629213 0.5674157303370787 0.9353932584269663 0.5842696629213483 0.9353932584269663 0.5870786516853933 0.9382022471910112 0.6039325842696629 0.9382022471910112 0.6067415730337079 0.9410112359550562 0.6235955056179775 0.9410112359550562 0.6264044943820225 0.9438202247191011 0.6320224719101124 0.9438202247191011 0.6320224719101124 0.9297752808988764 0.6348314606741573 0.9269662921348315 0.6348314606741573 0.9129213483146067 0.6376404494382022 0.9101123595505618 0.6376404494382022 0.8932584269662921 0.6404494382022472 0.8904494382022472 0.6404494382022472 0.8764044943820225 0.6432584269662921 0.8735955056179775 0.6432584269662921 0.8567415730337079 0.6460674157303371 0.8539325842696629 0.6460674157303371 0.8398876404494382 0.648876404494382 0.8370786516853933 0.648876404494382 0.8202247191011236 0.651685393258427 0.8174157303370787 0.651685393258427 0.7837078651685393 0.648876404494382 0.7808988764044944 0.648876404494382 0.7668539325842697 0.6460674157303371 0.7640449438202247 0.6460674157303371 0.7471910112359551 0.6432584269662921 0.7443820224719101 0.6432584269662921 0.7275280898876404 0.6404494382022472 0.7247191011235955 0.6404494382022472 0.7078651685393258 0.6432584269662921 0.7050561797752809 0.6432584269662921 0.6657303370786517 0.6460674157303371 0.6629213483146067 0.6460674157303371 0.648876404494382 0.6432584269662921 0.6460674157303371 0.6432584269662921 0.6432584269662921 0.6404494382022472 0.6404494382022472 0.6376404494382022 0.6320224719101124 0.6320224719101124 0.6264044943820225 0.6292134831460674 0.6179775280898876 0.6235955056179775 0.6123595505617978 0.6235955056179775 0.6095505617977528 0.6179775280898876 0.6039325842696629 0.6179775280898876 0.601123595505618 0.6067415730337079 0.5870786516853933 0.6039325842696629 0.5870786516853933 0.601123595505618 0.5842696629213483 0.5730337078651685 0.5842696629213483 0.5702247191011236 0.5814606741573034 0.5421348314606742 0.5814606741573034 0.5393258426966292 0.5786516853932584 0.5224719101123596 0.5786516853932584 0.5196629213483146 0.5814606741573034 0.49157303370786515 0.5814606741573034 0.4887640449438202 0.5786516853932584 0.47752808988764045 0.5786516853932584 0.4747191011235955 0.5758426966292135 0.4241573033707865 0.5758426966292135 0.42134831460674155 0.5730337078651685 0.3904494382022472 0.5730337078651685 0.38764044943820225 0.5702247191011236 0.37359550561797755 0.5702247191011236 0.3707865168539326 0.5674157303370787 0.3539325842696629 0.5674157303370787 0.351123595505618 0.5646067415730337 0.2640449438202247 0.5646067415730337 0.2612359550561798 0.5674157303370787 0.24157303370786518 0.5674157303370787 0.23876404494382023 0.5646067415730337 0.1797752808988764 0.5646067415730337 0.17696629213483145 0.5617977528089888 0.1544943820224719 0.5617977528089888 0.15168539325842698 0.5589887640449438 0.11797752808988764 0.5589887640449438 0.1151685393258427 0.5617977528089888 0.10112359550561797 0.5617977528089888 0.10112359550561797 0.5646067415730337 0.09831460674157304 0.5674157303370787 0.09269662921348315 0.5674157303370787 0.0898876404494382 0.5702247191011236
1 0.14887640449438203 0.16853932584269662 0.14606741573033707 0.17134831460674158 0.14606741573033707 0.17415730337078653 0.14325842696629212 0.17696629213483145 0.14325842696629212 0.1797752808988764 0.13764044943820225 0.1853932584269663 0.1348314606741573 0.1853932584269663 0.13202247191011235 0.18820224719101122 0.12921348314606743 0.18820224719101122 0.12640449438202248 0.19101123595505617 0.12078651685393259 0.19101123595505617 0.11797752808988764 0.19382022471910113 0.1151685393258427 0.19382022471910113 0.1151685393258427 0.19662921348314608 0.11235955056179775 0.199438202247191 0.11235955056179775 0.2303370786516854 0.10955056179775281 0.23314606741573032 0.11235955056179775 0.23595505617977527 0.11235955056179775 0.2443820224719101 0.10955056179775281 0.24719101123595505 0.10955056179775281 0.25 0.10674157303370786 0.25280898876404495 0.10674157303370786 0.3061797752808989 0.10393258426966293 0.3089887640449438 0.10393258426966293 0.3146067415730337 0.10955056179775281 0.3202247191011236 0.10955056179775281 0.3258426966292135 0.11235955056179775 0.32865168539325845 0.11235955056179775 0.33146067415730335 0.1151685393258427 0.3342696629213483 0.1151685393258427 0.33707865168539325 0.11797752808988764 0.3398876404494382 0.11797752808988764 0.34269662921348315 0.12078651685393259 0.3455056179775281 0.12078651685393259 0.351123595505618 0.12359550561797752 0.3539325842696629 0.12359550561797752 0.3595505617977528 0.12640449438202248 0.36235955056179775 0.12640449438202248 0.3792134831460674 0.12921348314606743 0.38202247191011235 0.12921348314606743 0.3960674157303371 0.13202247191011235 0.398876404494382 0.13202247191011235 0.40730337078651685 0.12921348314606743 0.4101123595505618 0.12921348314606743 0.41292134831460675 0.12640449438202248 0.4157303370786517 0.12640449438202248 0.41853932584269665 0.12078651685393259 0.4241573033707865 0.11797752808988764 0.4241573033707865 0.1151685393258427 0.42696629213483145 0.11235955056179775 0.42696629213483145 0.11235955056179775 0.4297752808988764 0.10674157303370786 0.4353932584269663 0.10674157303370786 0.45224719101123595 0.11235955056179775 0.45786516853932585 0.11235955056179775 0.4606741573033708 0.1151685393258427 0.46348314606741575 0.1151685393258427 0.4691011235955056 0.11797752808988764 0.4691011235955056 0.12078651685393259 0.47191011235955055 0.12359550561797752 0.47191011235955055 0.12640449438202248 0.4747191011235955 0.12921348314606743 0.4747191011235955 0.13202247191011235 0.47752808988764045 0.13202247191011235 0.48314606741573035 0.12921348314606743 0.4859550561797753 0.12359550561797752 0.4859550561797753 0.12078651685393259 0.48314606741573035 0.12078651685393259 0.4803370786516854 0.12078651685393259 0.48314606741573035 0.12359550561797752 0.4859550561797753 0.12640449438202248 0.4859550561797753 0.12921348314606743 0.4887640449438202 0.1404494382022472 0.4887640449438202 0.14325842696629212 0.49157303370786515 0.1544943820224719 0.49157303370786515 0.15730337078651685 0.4943820224719101 0.20224719101123595 0.4943820224719101 0.2050561797752809 0.49719101123595505 0.2247191011235955 0.49719101123595505 0.22752808988764045 0.5 0.26685393258426965 0.5 0.2696629213483146 0.49719101123595505 0.2808988764044944 0.49719101123595505 0.28370786516853935 0.5 0.300561797752809 0.5 0.30337078651685395 0.5028089887640449 0.32865168539325845 0.5028089887640449 0.33146067415730335 0.5 0.33707865168539325 0.5 0.3398876404494382 0.49719101123595505 0.3595505617977528 0.49719101123595505 0.3651685393258427 0.49157303370786515 0.3651685393258427 0.4859550561797753 0.36797752808988765 0.48314606741573035 0.36797752808988765 0.4606741573033708 0.3707865168539326 0.45786516853932585 0.3707865168539326 0.45224719101123595 0.37359550561797755 0.449438202247191 0.37359550561797755 0.44662921348314605 0.37640449438202245 0.4438202247191011 0.37640449438202245 0.43258426966292135 0.3792134831460674 0.4297752808988764 0.3792134831460674 0.38764044943820225 0.38202247191011235 0.3848314606741573 0.38202247191011235 0.37640449438202245 0.3848314606741573 0.37359550561797755 0.3848314606741573 0.36797752808988765 0.38764044943820225 0.3651685393258427 0.38764044943820225 0.35674157303370785 0.3904494382022472 0.3539325842696629 0.3904494382022472 0.34831460674157305 0.39325842696629215 0.3455056179775281 0.39325842696629215 0.3398876404494382 0.3960674157303371 0.33707865168539325 0.3960674157303371 0.31741573033707865 0.398876404494382 0.3146067415730337 0.398876404494382 0.3089887640449438 0.40168539325842695 0.3061797752808989 0.40168539325842695 0.300561797752809 0.398876404494382 0.29775280898876405 0.398876404494382 0.28651685393258425 0.40168539325842695 0.28370786516853935 0.40168539325842695 0.27808988764044945 0.4044943820224719 0.2752808988764045 0.4044943820224719 0.24719101123595505 0.40168539325842695 0.2443820224719101 0.40168539325842695 0.23595505617977527 0.398876404494382 0.23314606741573032 0.398876404494382 0.2303370786516854 0.3960674157303371 0.22752808988764045 0.3960674157303371 0.2247191011235955 0.39325842696629215 0.22191011235955055 0.39325842696629215 0.21629213483146068 0.3904494382022472 0.21348314606741572 0.3904494382022472 0.21067415730337077 0.38764044943820225 0.20786516853932585 0.38764044943820225 0.2050561797752809 0.3848314606741573 0.20224719101123595 0.3848314606741573 0.199438202247191 0.38202247191011235 0.19662921348314608 0.38202247191011235 0.19382022471910113 0.37640449438202245 0.18820224719101122 0.3707865168539326 0.18820224719101122 0.36797752808988765 0.1853932584269663 0.3651685393258427 0.1853932584269663 0.36235955056179775 0.18258426966292135 0.35674157303370785 0.18258426966292135 0.3539325842696629 0.1797752808988764 0.3455056179775281 0.1797752808988764 0.34269662921348315 0.17696629213483145 0.3258426966292135 0.17696629213483145 0.32303370786516855 0.17415730337078653 0.3146067415730337 0.17415730337078653 0.31179775280898875 0.17134831460674158 0.30337078651685395 0.17134831460674158 0.300561797752809 0.16853932584269662 0.2949438202247191 0.16853932584269662 0.29213483146067415 0.16573033707865167 0.28370786516853935 0.16573033707865167 0.2808988764044944 0.16292134831460675 0.2696629213483146 0.16292134831460675 0.26685393258426965 0.1601123595505618 0.2556179775280899 0.1601123595505618 0.25280898876404495 0.15730337078651685 0.19662921348314608 0.15730337078651685 0.19382022471910113 0.1601123595505618 0.18258426966292135 0.1601123595505618 0.1797752808988764 0.16292134831460675 0.17134831460674158 0.16292134831460675 0.16853932584269662 0.16573033707865167 0.15730337078651685 0.16573033707865167 0.1544943820224719 0.16853932584269662
1 0.1151685393258427 0.07865168539325842 0.11797752808988764 0.08146067415730338 0.11797752808988764 0.08426966292134831 0.12078651685393259 0.08707865168539326 0.12078651685393259 0.0898876404494382 0.12921348314606743 0.09831460674157304 0.12921348314606743 0.10674157303370786 0.13764044943820225 0.10674157303370786 0.1404494382022472 0.10955056179775281 0.15168539325842698 0.10955056179775281 0.1544943820224719 0.11235955056179775 0.16853932584269662 0.11235955056179775 0.17134831460674158 0.1151685393258427 0.21910112359550563 0.1151685393258427 0.22191011235955055 0.11797752808988764 0.27247191011235955 0.11797752808988764 0.2752808988764045 0.1151685393258427 0.28651685393258425 0.1151685393258427 0.2893258426966292 0.11235955056179775 0.3202247191011236 0.11235955056179775 0.32303370786516855 0.10955056179775281 0.3258426966292135 0.10955056179775281 0.32865168539325845 0.11235955056179775 0.3792134831460674 0.11235955056179775 0.38202247191011235 0.1151685393258427 0.41292134831460675 0.1151685393258427 0.4157303370786517 0.11797752808988764 0.4241573033707865 0.11797752808988764 0.42696629213483145 0.12078651685393259 0.4353932584269663 0.12078651685393259 0.43820224719101125 0.12359550561797752 0.4410112359550562 0.12359550561797752 0.4438202247191011 0.12640449438202248 0.46629213483146065 0.12640449438202248 0.4691011235955056 0.12921348314606743 0.5449438202247191 0.12921348314606743 0.547752808988764 0.12640449438202248 0.5730337078651685 0.12640449438202248 0.5758426966292135 0.12921348314606743 0.5898876404494382 0.12921348314606743 0.5926966292134831 0.12640449438202248 0.601123595505618 0.12640449438202248 0.6039325842696629 0.12359550561797752 0.6151685393258427 0.12359550561797752 0.6179775280898876 0.12078651685393259 0.6264044943820225 0.12078651685393259 0.6292134831460674 0.11797752808988764 0.6320224719101124 0.11797752808988764 0.6348314606741573 0.1151685393258427 0.6348314606741573 0.11235955056179775 0.6573033707865169 0.0898876404494382 0.6573033707865169 0.08707865168539326 0.6601123595505618 0.08426966292134831 0.6601123595505618 0.08146067415730338 0.6629213483146067 0.07865168539325842 0.6629213483146067 0.07584269662921349 0.6657303370786517 0.07303370786516854 0.6657303370786517 0.06741573033707865 0.6685393258426966 0.06460674157303371 0.6685393258426966 0.05898876404494382 0.6713483146067416 0.056179775280898875 0.6713483146067416 0.042134831460674156 0.6741573033707865 0.03932584269662921 0.6741573033707865 0.028089887640449437 0.6769662921348315 0.025280898876404494 0.6769662921348315 0 0.12078651685393259 0 0.12078651685393259 0.008426966292134831 0.11797752808988764 0.011235955056179775 0.12078651685393259 0.014044943820224719 0.12078651685393259 0.03651685393258427 0.11797752808988764 0.03932584269662921 0.11797752808988764 0.047752808988764044 0.1151685393258427 0.05056179775280899
1 0 0.1348314606741573 0 0.4606741573033708 0.05898876404494382 0.4606741573033708 0.05337078651685393 0.4550561797752809 0.05337078651685393 0.4438202247191011 0.056179775280898875 0.4410112359550562 0.06179775280898876 0.4410112359550562 0.06179775280898876 0.43258426966292135 0.05898876404494382 0.4297752808988764 0.05898876404494382 0.42696629213483145 0.056179775280898875 0.4241573033707865 0.056179775280898875 0.41853932584269665 0.05337078651685393 0.4157303370786517 0.05337078651685393 0.4044943820224719 0.056179775280898875 0.40168539325842695 0.056179775280898875 0.39325842696629215 0.05898876404494382 0.3904494382022472 0.05898876404494382 0.38764044943820225 0.07303370786516854 0.37359550561797755 0.07303370786516854 0.36797752808988765 0.0702247191011236 0.3651685393258427 0.0702247191011236 0.3595505617977528 0.06741573033707865 0.35674157303370785 0.06741573033707865 0.34831460674157305 0.06460674157303371 0.3455056179775281 0.06460674157303371 0.34269662921348315 0.05898876404494382 0.33707865168539325 0.05898876404494382 0.3258426966292135 0.06179775280898876 0.32303370786516855 0.05337078651685393 0.3146067415730337 0.047752808988764044 0.3146067415730337 0.0449438202247191 0.31179775280898875 0.0449438202247191 0.2949438202247191 0.047752808988764044 0.29213483146067415 0.047752808988764044 0.2893258426966292 0.0449438202247191 0.28651685393258425 0.0449438202247191 0.25842696629213485 0.05056179775280899 0.25280898876404495 0.05056179775280899 0.24719101123595505 0.047752808988764044 0.24719101123595505 0.0449438202247191 0.2443820224719101 0.0449438202247191 0.23595505617977527 0.05056179775280899 0.2303370786516854 0.05337078651685393 0.2303370786516854 0.056179775280898875 0.22752808988764045 0.056179775280898875 0.22191011235955055 0.05898876404494382 0.21910112359550563 0.05898876404494382 0.2050561797752809 0.06179775280898876 0.20224719101123595 0.06179775280898876 0.16292134831460675 0.06460674157303371 0.1601123595505618 0.06460674157303371 0.1544943820224719 0.06741573033707865 0.15168539325842698 0.06741573033707865 0.1404494382022472 0.06179775280898876 0.1404494382022472 0.05898876404494382 0.13764044943820225 0.019662921348314606 0.13764044943820225 0.016853932584269662 0.1348314606741573
1 0.05337078651685393 0.5280898876404494 0.042134831460674156 0.5280898876404494 0.03932584269662921 0.5308988764044944 0.028089887640449437 0.5308988764044944 0.025280898876404494 0.5280898876404494 0 0.5280898876404494 0 0.8735955056179775 0.011235955056179775 0.8735955056179775 0.014044943820224719 0.8707865168539326 0.025280898876404494 0.8707865168539326 0.025280898876404494 0.8651685393258427 0.028089887640449437 0.8623595505617978 0.028089887640449437 0.8539325842696629 0.03089887640449438 0.851123595505618 0.03089887640449438 0.848314606741573 0.033707865168539325 0.8455056179775281 0.033707865168539325 0.8426966292134831 0.03651685393258427 0.8398876404494382 0.03651685393258427 0.8370786516853933 0.03932584269662921 0.8342696629213483 0.03932584269662921 0.8146067415730337 0.042134831460674156 0.8117977528089888 0.042134831460674156 0.8033707865168539 0.03932584269662921 0.800561797752809 0.03932584269662921 0.7893258426966292 0.03651685393258427 0.7865168539325843 0.03651685393258427 0.7808988764044944 0.033707865168539325 0.7780898876404494 0.033707865168539325 0.7528089887640449 0.03651685393258427 0.75 0.03651685393258427 0.7443820224719101 0.03932584269662921 0.7415730337078652 0.03932584269662921 0.7191011235955056 0.03651685393258427 0.7162921348314607 0.03651685393258427 0.7134831460674157 0.03089887640449438 0.7078651685393258 0.03089887640449438 0.7050561797752809 0.025280898876404494 0.699438202247191 0.025280898876404494 0.6966292134831461 0.02247191011235955 0.6938202247191011 0.02247191011235955 0.6910112359550562 0.019662921348314606 0.6910112359550562 0.014044943820224719 0.6853932584269663 0.014044943820224719 0.6797752808988764 0.008426966292134831 0.6741573033707865 0.008426966292134831 0.6713483146067416 0.0056179775280898875 0.6685393258426966 0.0056179775280898875 0.6657303370786517 0.0028089887640449437 0.6629213483146067 0.0028089887640449437 0.6432584269662921 0.0056179775280898875 0.6404494382022472 0.0056179775280898875 0.6320224719101124 0.008426966292134831 0.6292134831460674 0.008426966292134831 0.6264044943820225 0.011235955056179775 0.6235955056179775 0.011235955056179775 0.6151685393258427 0.014044943820224719 0.6123595505617978 0.014044943820224719 0.6095505617977528 0.016853932584269662 0.6067415730337079 0.016853932584269662 0.601123595505618 0.02247191011235955 0.5955056179775281 0.02247191011235955 0.5926966292134831 0.025280898876404494 0.5898876404494382 0.028089887640449437 0.5898876404494382 0.03651685393258427 0.5814606741573034 0.03932584269662921 0.5814606741573034 0.0449438202247191 0.5758426966292135 0.0449438202247191 0.5646067415730337 0.05337078651685393 0.5561797752808989
1 0.13202247191011235 0.9550561797752809 0.1348314606741573 0.9578651685393258 0.1348314606741573 0.9662921348314607 0.13202247191011235 0.9691011235955056 0.13202247191011235 0.9803370786516854 0.12921348314606743 0.9831460674157303 0.13764044943820225 0.9831460674157303 0.13764044943820225 0.9803370786516854 0.14325842696629212 0.9747191011235955 0.15168539325842698 0.9747191011235955 0.1544943820224719 0.9775280898876404 0.1544943820224719 0.9831460674157303 0.14887640449438203 0.9887640449438202 0.1404494382022472 0.9887640449438202 0.1404494382022472 0.9943820224719101 0.13764044943820225 0.9971910112359551 0.12921348314606743 0.9971910112359551 0.25842696629213485 0.9971910112359551 0.25842696629213485 0.9887640449438202 0.2612359550561798 0.9859550561797753 0.2612359550561798 0.9831460674157303 0.2640449438202247 0.9803370786516854 0.26685393258426965 0.9803370786516854 0.26685393258426965 0.9775280898876404 0.2696629213483146 0.9747191011235955 0.2752808988764045 0.9747191011235955 0.27808988764044945 0.9775280898876404 0.27808988764044945 0.9831460674157303 0.2752808988764045 0.9859550561797753 0.2752808988764045 0.9943820224719101 0.27247191011235955 0.9971910112359551 0.32303370786516855 0.9971910112359551 0.32303370786516855 0.9887640449438202 0.31741573033707865 0.9831460674157303 0.31741573033707865 0.9803370786516854 0.29213483146067415 0.9550561797752809 0.2893258426966292 0.9550561797752809 0.28651685393258425 0.952247191011236 0.28370786516853935 0.952247191011236 0.2808988764044944 0.949438202247191 0.2752808988764045 0.949438202247191 0.27247191011235955 0.952247191011236 0.2696629213483146 0.952247191011236 0.26685393258426965 0.949438202247191 0.25 0.949438202247191 0.24719101123595505 0.9466292134831461 0.23314606741573032 0.9466292134831461 0.2303370786516854 0.9438202247191011 0.1797752808988764 0.9438202247191011 0.17696629213483145 0.9466292134831461 0.17134831460674158 0.9466292134831461 0.16853932584269662 0.949438202247191 0.14887640449438203 0.949438202247191 0.14606741573033707 0.952247191011236 0.1404494382022472 0.952247191011236 0.13764044943820225 0.9550561797752809
1 0 0.8904494382022472 0 0.9971910112359551 0.056179775280898875 0.9971910112359551 0.056179775280898875 0.9915730337078652 0.05898876404494382 0.9887640449438202 0.05898876404494382 0.9859550561797753 0.06179775280898876 0.9831460674157303 0.06179775280898876 0.9803370786516854 0.06460674157303371 0.9775280898876404 0.06460674157303371 0.9747191011235955 0.06741573033707865 0.9719101123595506 0.06741573033707865 0.9410112359550562 0.0702247191011236 0.9382022471910112 0.0702247191011236 0.9353932584269663 0.06741573033707865 0.9325842696629213 0.06179775280898876 0.9325842696629213 0.05898876404494382 0.9297752808988764 0.056179775280898875 0.9297752808988764 0.05337078651685393 0.9269662921348315 0.047752808988764044 0.9269662921348315 0.033707865168539325 0.9129213483146067 0.033707865168539325 0.9101123595505618 0.028089887640449437 0.9044943820224719 0.028089887640449437 0.901685393258427 0.025280898876404494 0.898876404494382 0.02247191011235955 0.898876404494382 0.019662921348314606 0.8960674157303371 0.016853932584269662 0.8960674157303371 0.014044943820224719 0.8932584269662921 0.011235955056179775 0.8932584269662921 0.008426966292134831 0.8904494382022472
1 0 0 0 0.06741573033707865 0.028089887640449437 0.06741573033707865 0.03089887640449438 0.0702247191011236 0.06179775280898876 0.0702247191011236 0.06179775280898876 0.06179775280898876 0.05337078651685393 0.06179775280898876 0.05056179775280899 0.05898876404494382 0.05056179775280899 0.05337078651685393 0.05337078651685393 0.05056179775280899 0.06741573033707865 0.05056179775280899 0.06741573033707865 0.019662921348314606 0.0702247191011236 0.016853932584269662 0.0702247191011236 0.014044943820224719 0.07303370786516854 0.011235955056179775 0.07303370786516854 0.008426966292134831 0.07584269662921349 0.0056179775280898875 0.07584269662921349 0.0028089887640449437 0.07865168539325842 0
2 0.08146067415730338 0 0.0702247191011236 0.019662921348314606 0.0702247191011236 0.05056179775280899 0.06741573033707865 0.05337078651685393 0.05337078651685393 0.05337078651685393 0.05337078651685393 0.05898876404494382 0.06179775280898876 0.05898876404494382 0.06460674157303371 0.06179775280898876 0.06460674157303371 0.0702247191011236 0.08146067415730338 0.09269662921348315 0.07303370786516854 0.10674157303370786 0.07303370786516854 0.12078651685393259 0.07865168539325842 0.12359550561797752 0.07584269662921349 0.12640449438202248 0.07584269662921349 0.13202247191011235 0.0702247191011236 0.14325842696629212 0.0702247191011236 0.15168539325842698 0.06460674157303371 0.16292134831460675 0.06460674157303371 0.20224719101123595 0.06179775280898876 0.2050561797752809 0.06179775280898876 0.21910112359550563 0.05898876404494382 0.22191011235955055 0.05898876404494382 0.22752808988764045 0.047752808988764044 0.23595505617977527 0.047752808988764044 0.2443820224719101 0.05337078651685393 0.24719101123595505 0.05337078651685393 0.25280898876404495 0.047752808988764044 0.25842696629213485 0.047752808988764044 0.28651685393258425 0.05056179775280899 0.2893258426966292 0.047752808988764044 0.2949438202247191 0.047752808988764044 0.31179775280898875 0.05337078651685393 0.31179775280898875 0.06460674157303371 0.32303370786516855 0.06179775280898876 0.3258426966292135 0.06179775280898876 0.33707865168539325 0.0702247191011236 0.34831460674157305 0.0702247191011236 0.35674157303370785 0.07584269662921349 0.36797752808988765 0.07584269662921349 0.37359550561797755 0.06179775280898876 0.38764044943820225 0.05898876404494382 0.39325842696629215 0.05898876404494382 0.40168539325842695 0.056179775280898875 0.4044943820224719 0.056179775280898875 0.4157303370786517 0.06460674157303371 0.43258426966292135 0.06460674157303371 0.4410112359550562 0.06179775280898876 0.4438202247191011 0.056179775280898875 0.4438202247191011 0.056179775280898875 0.4550561797752809 0.07303370786516854 0.4691011235955056 0.0702247191011236 0.4747191011235955 0.0702247191011236 0.5028089887640449 0.06460674157303371 0.5084269662921348 0.06179775280898876 0.5224719101123596 0.056179775280898875 0.5280898876404494 0.056179775280898875 0.5561797752808989 0.047752808988764044 0.5646067415730337 0.047752808988764044 0.5758426966292135 0.03932584269662921 0.5842696629213483 0.03651685393258427 0.5842696629213483 0.028089887640449437 0.5926966292134831 0.025280898876404494 0.5926966292134831 0.025280898876404494 0.5955056179775281 0.019662921348314606 0.601123595505618 0.019662921348314606 0.6067415730337079 0.014044943820224719 0.6151685393258427 0.014044943820224719 0.6235955056179775 0.008426966292134831 0.6320224719101124 0.008426966292134831 0.6404494382022472 0.0056179775280898875 0.6432584269662921 0.0056179775280898875 0.6629213483146067 0.011235955056179775 0.6741573033707865 0.016853932584269662 0.6797752808988764 0.016853932584269662 0.6853932584269663 0.025280898876404494 0.6910112359550562 0.028089887640449437 0.699438202247191 0.033707865168539325 0.7050561797752809 0.033707865168539325 0.7078651685393258 0.042134831460674156 0.7191011235955056 0.042134831460674156 0.7415730337078652 0.03651685393258427 0.7528089887640449 0.03651685393258427 0.7780898876404494 0.042134831460674156 0.7893258426966292 0.042134831460674156 0.800561797752809 0.0449438202247191 0.8033707865168539 0.0449438202247191 0.8117977528089888 0.042134831460674156 0.8146067415730337 0.042134831460674156 0.8342696629213483 0.03089887640449438 0.8539325842696629 0.03089887640449438 0.8623595505617978 0.028089887640449437 0.8651685393258427 0.028089887640449437 0.8707865168539326 0.03089887640449438 0.8735955056179775 0.03089887640449438 0.9044943820224719 0.03651685393258427 0.9101123595505618 0.03651685393258427 0.9129213483146067 0.047752808988764044 0.9241573033707865 0.06460674157303371 0.9241573033707865 0.07303370786516854 0.9325842696629213 0.07303370786516854 0.9382022471910112 0.0702247191011236 0.9410112359550562 0.0702247191011236 0.9719101123595506 0.05898876404494382 0.9915730337078652 0.05898876404494382 0.9971910112359551 0.12640449438202248 0.9971910112359551 0.12921348314606743 0.9943820224719101 0.13764044943820225 0.9943820224719101 0.13764044943820225 0.9887640449438202 0.1404494382022472 0.9859550561797753 0.14887640449438203 0.9859550561797753 0.15168539325842698 0.9831460674157303 0.15168539325842698 0.9775280898876404 0.14325842696629212 0.9775280898876404 0.13764044943820225 0.9859550561797753 0.12921348314606743 0.9859550561797753 0.12640449438202248 0.9831460674157303 0.12921348314606743 0.9803370786516854 0.12921348314606743 0.9691011235955056 0.13202247191011235 0.9662921348314607 0.13202247191011235 0.9578651685393258 0.12921348314606743 0.9550561797752809 0.13202247191011235 0.952247191011236 0.13202247191011235 0.9269662921348315 0.1151685393258427 0.9073033707865169 0.10955056179775281 0.9044943820224719 0.09550561797752809 0.9044943820224719 0.09269662921348315 0.901685393258427 0.08707865168539326 0.901685393258427 0.08146067415730338 0.8960674157303371 0.08146067415730338 0.8792134831460674 0.09269662921348315 0.8679775280898876 0.09269662921348315 0.848314606741573 0.0898876404494382 0.8455056179775281 0.0898876404494382 0.8202247191011236 0.08426966292134831 0.8089887640449438 0.08707865168539326 0.8033707865168539 0.08707865168539326 0.7752808988764045 0.08426966292134831 0.7724719101123596 0.08426966292134831 0.7668539325842697 0.08707865168539326 0.7640449438202247 0.08707865168539326 0.7387640449438202 0.08426966292134831 0.7359550561797753 0.08426966292134831 0.7303370786516854 0.06741573033707865 0.7106741573033708 0.06741573033707865 0.7050561797752809 0.05898876404494382 0.6882022471910112 0.05898876404494382 0.6769662921348315 0.056179775280898875 0.6741573033707865 0.056179775280898875 0.6404494382022472 0.06460674157303371 0.6320224719101124 0.06741573033707865 0.6320224719101124 0.06741573033707865 0.6292134831460674 0.07303370786516854 0.6235955056179775 0.07303370786516854 0.6123595505617978 0.07584269662921349 0.6067415730337079 0.08707865168539326 0.601123595505618 0.09269662921348315 0.5898876404494382 0.09269662921348315 0.5814606741573034 0.08146067415730338 0.5702247191011236 0.08426966292134831 0.5674157303370787 0.09831460674157304 0.5646067415730337 0.10674157303370786 0.5449438202247191 0.1151685393258427 0.5365168539325843 0.11797752808988764 0.5308988764044944 0.11797752808988764 0.5028089887640449 0.1151685393258427 0.5 0.11797752808988764 0.4803370786516854 0.12078651685393259 0.47752808988764045 0.12359550561797752 0.48314606741573035 0.12921348314606743 0.48314606741573035 0.12921348314606743 0.47752808988764045 0.11235955056179775 0.4691011235955056 0.11235955056179775 0.46348314606741575 0.10393258426966293 0.45224719101123595 0.10393258426966293 0.4353932584269663 0.11235955056179775 0.4241573033707865 0.12359550561797752 0.41853932584269665 0.12921348314606743 0.40730337078651685 0.12921348314606743 0.398876404494382 0.12640449438202248 0.3960674157303371 0.12640449438202248 0.38202247191011235 0.12359550561797752 0.3792134831460674 0.12359550561797752 0.36235955056179775 0.12078651685393259 0.3595505617977528 0.11797752808988764 0.3455056179775281 0.10674157303370786 0.3258426966292135 0.10674157303370786 0.3202247191011236 0.10112359550561797 0.3146067415730337 0.10112359550561797 0.3089887640449438 0.10393258426966293 0.3061797752808989 0.10393258426966293 0.25280898876404495 0.10955056179775281 0.2443820224719101 0.10955056179775281 0.23595505617977527 0.10674157303370786 0.23314606741573032 0.10955056179775281 0.2303370786516854 0.10955056179775281 0.199438202247191 0.1151685393258427 0.19101123595505617 0.12078651685393259 0.18820224719101122 0.12640449438202248 0.18820224719101122 0.1404494382022472 0.1797752808988764 0.14325842696629212 0.17415730337078653 0.14325842696629212 0.16853932584269662 0.14606741573033707 0.16573033707865167 0.14606741573033707 0.14887640449438203 0.14325842696629212 0.14606741573033707 0.14325842696629212 0.13764044943820225 0.12640449438202248 0.12078651685393259 0.12640449438202248 0.09831460674157304 0.11797752808988764 0.0898876404494382 0.11235955056179775 0.07865168539325842 0.11235955056179775 0.05056179775280899 0.1151685393258427 0.047752808988764044 0.1151685393258427 0.03932584269662921 0.11797752808988764 0.03651685393258427 0.11797752808988764 0.014044943820224719 0.1151685393258427 0.011235955056179775 0.11797752808988764 0.008426966292134831 0.11797752808988764 0
2 0.2752808988764045 0.9775280898876404 0.2696629213483146 0.9775280898876404 0.2696629213483146 0.9803370786516854 0.26685393258426965 0.9831460674157303 0.2640449438202247 0.9831460674157303 0.2640449438202247 0.9859550561797753 0.2612359550561798 0.9887640449438202 0.2612359550561798 0.9971910112359551 0.2696629213483146 0.9971910112359551 0.27247191011235955 0.9943820224719101 0.27247191011235955 0.9859550561797753 0.2752808988764045 0.9831460674157303