0 0.11888111888111888 0.6853146853146853 0.11888111888111888 0.7237762237762237 0.11538461538461539 0.7272727272727273 0.11538461538461539 0.9195804195804196 0.11888111888111888 0.9230769230769231 0.17132867132867133 0.9230769230769231 0.17482517482517482 0.9265734265734266 0.19230769230769232 0.9265734265734266 0.1958041958041958 0.9230769230769231 0.27972027972027974 0.9230769230769231 0.28321678321678323 0.9265734265734266 0.2867132867132867 0.9265734265734266 0.2902097902097902 0.9230769230769231 0.3111888111888112 0.9230769230769231 0.3146853146853147 0.9265734265734266 0.34265734265734266 0.9265734265734266 0.34615384615384615 0.9230769230769231 0.35664335664335667 0.9230769230769231 0.36013986013986016 0.9265734265734266 0.48951048951048953 0.9265734265734266 0.493006993006993 0.9230769230769231 0.493006993006993 0.7307692307692307 0.48951048951048953 0.7272727272727273 0.48951048951048953 0.7097902097902098 0.486013986013986 0.7097902097902098 0.4825174825174825 0.7062937062937062 0.4825174825174825 0.6993006993006993 0.479020979020979 0.6958041958041958 0.479020979020979 0.6888111888111889 0.43006993006993005 0.6888111888111889 0.42657342657342656 0.6853146853146853 0.4195804195804196 0.6853146853146853 0.4160839160839161 0.6888111888111889 0.4020979020979021 0.6888111888111889 0.3986013986013986 0.6853146853146853 0.3881118881118881 0.6853146853146853 0.38461538461538464 0.6888111888111889 0.3811188811188811 0.6853146853146853 0.3321678321678322 0.6853146853146853 0.32867132867132864 0.6888111888111889 0.3111888111888112 0.6888111888111889 0.3076923076923077 0.6853146853146853
0 0.5384615384615384 0.534965034965035 0.5384615384615384 0.5734265734265734 0.534965034965035 0.5769230769230769 0.534965034965035 0.5909090909090909 0.5384615384615384 0.5944055944055944 0.534965034965035 0.5979020979020979 0.534965034965035 0.6433566433566433 0.5384615384615384 0.6468531468531469 0.5384615384615384 0.6888111888111889 0.534965034965035 0.6923076923076923 0.534965034965035 0.7097902097902098 0.5384615384615384 0.7132867132867133 0.5384615384615384 0.7412587412587412 0.541958041958042 0.7412587412587412 0.5454545454545454 0.7447552447552448 0.5454545454545454 0.7517482517482518 0.548951048951049 0.7552447552447552 0.8251748251748252 0.7552447552447552 0.8286713286713286 0.7517482517482518 0.8356643356643356 0.7517482517482518 0.8391608391608392 0.7552447552447552 0.8636363636363636 0.7552447552447552 0.8671328671328671 0.7517482517482518 0.9230769230769231 0.7517482517482518 0.9230769230769231 0.7097902097902098 0.9195804195804196 0.7062937062937062 0.9195804195804196 0.6993006993006993 0.9230769230769231 0.6958041958041958 0.9230769230769231 0.6783216783216783 0.9195804195804196 0.6748251748251748 0.9195804195804196 0.6223776223776224 0.916083916083916 0.6188811188811189 0.916083916083916 0.5979020979020979 0.9125874125874126 0.5944055944055944 0.9125874125874126 0.5769230769230769 0.9090909090909091 0.5734265734265734 0.9090909090909091 0.5629370629370629 0.9055944055944056 0.5594405594405595 0.9055944055944056 0.5454545454545454 0.9020979020979021 0.541958041958042 0.9020979020979021 0.534965034965035 0.8986013986013986 0.534965034965035 0.8951048951048951 0.5314685314685315 0.8951048951048951 0.5244755244755245 0.8811188811188811 0.5244755244755245 0.8776223776223776 0.5209790209790209 0.6678321678321678 0.5209790209790209 0.6643356643356644 0.5174825174825175 0.6118881118881119 0.5174825174825175 0.6083916083916084 0.5209790209790209 0.5594405594405595 0.5209790209790209 0.5559440559440559 0.5244755244755245 0.548951048951049 0.5244755244755245 0.548951048951049 0.527972027972028 0.541958041958042 0.534965034965035
0 0.1258741258741259 0.4090909090909091 0.1258741258741259 0.4125874125874126 0.12237762237762238 0.4160839160839161 0.12237762237762238 0.42657342657342656 0.11888111888111888 0.43006993006993005 0.11888111888111888 0.513986013986014 0.12237762237762238 0.5174825174825175 0.12237762237762238 0.541958041958042 0.11888111888111888 0.5454545454545454 0.11888111888111888 0.6258741258741258 0.12237762237762238 0.6293706293706294 0.12237762237762238 0.6328671328671329 0.13286713286713286 0.6328671328671329 0.13636363636363635 0.6363636363636364 0.13636363636363635 0.6398601398601399 0.1993006993006993 0.6398601398601399 0.1993006993006993 0.6363636363636364 0.20279720279720279 0.6328671328671329 0.3076923076923077 0.6328671328671329 0.3111888111888112 0.6363636363636364 0.3111888111888112 0.6398601398601399 0.3111888111888112 0.6363636363636364 0.3146853146853147 0.6328671328671329 0.3776223776223776 0.6328671328671329 0.3811188811188811 0.6293706293706294 0.4230769230769231 0.6293706293706294 0.42657342657342656 0.6258741258741258 0.47202797202797203 0.6258741258741258 0.4755244755244755 0.6223776223776224 0.48951048951048953 0.6223776223776224 0.48951048951048953 0.6188811188811189 0.493006993006993 0.6153846153846154 0.493006993006993 0.6083916083916084 0.4965034965034965 0.6048951048951049 0.4965034965034965 0.40559440559440557 0.13636363636363635 0.40559440559440557 0.13286713286713286 0.4090909090909091
0 0.055944055944055944 0.12937062937062938 0.055944055944055944 0.25524475524475526 0.05244755244755245 0.25874125874125875 0.05244755244755245 0.27972027972027974 0.055944055944055944 0.28321678321678323 0.055944055944055944 0.3531468531468531 0.42657342657342656 0.3531468531468531 0.43006993006993005 0.34965034965034963 0.43356643356643354 0.34965034965034963 0.43356643356643354 0.2972027972027972 0.43006993006993005 0.2972027972027972 0.42657342657342656 0.2937062937062937 0.42657342657342656 0.20279720279720279 0.43006993006993005 0.1993006993006993 0.43356643356643354 0.1993006993006993 0.43356643356643354 0.12937062937062938 0.2867132867132867 0.12937062937062938 0.28321678321678323 0.1258741258741259 0.25524475524475526 0.1258741258741259 0.2517482517482518 0.12937062937062938 0.17482517482517482 0.12937062937062938 0.17132867132867133 0.1258741258741259 0.09090909090909091 0.1258741258741259 0.08741258741258741 0.12937062937062938
0 0.5454545454545454 0.24125874125874125 0.5454545454545454 0.25524475524475526 0.541958041958042 0.25874125874125875 0.5384615384615384 0.25874125874125875 0.5384615384615384 0.44755244755244755 0.541958041958042 0.44755244755244755 0.5454545454545454 0.45104895104895104 0.5454545454545454 0.45454545454545453 0.548951048951049 0.45454545454545453 0.5524475524475524 0.458041958041958 0.6748251748251748 0.458041958041958 0.6783216783216783 0.45454545454545453 0.9230769230769231 0.45454545454545453 0.9230769230769231 0.43356643356643354 0.9265734265734266 0.43006993006993005 0.9300699300699301 0.43006993006993005 0.9300699300699301 0.38461538461538464 0.9230769230769231 0.38461538461538464 0.9195804195804196 0.3881118881118881 0.916083916083916 0.3881118881118881 0.9125874125874126 0.3916083916083916 0.9090909090909091 0.3916083916083916 0.9090909090909091 0.3951048951048951 0.9055944055944056 0.3986013986013986 0.9020979020979021 0.3986013986013986 0.8916083916083916 0.4090909090909091 0.8951048951048951 0.4125874125874126 0.8951048951048951 0.4230769230769231 0.8881118881118881 0.43006993006993005 0.8811188811188811 0.43006993006993005 0.8741258741258742 0.4230769230769231 0.8741258741258742 0.4195804195804196 0.8706293706293706 0.4160839160839161 0.8706293706293706 0.40559440559440557 0.8741258741258742 0.4020979020979021 0.8741258741258742 0.3916083916083916 0.8706293706293706 0.3881118881118881 0.8671328671328671 0.3881118881118881 0.8636363636363636 0.38461538461538464 0.8601398601398601 0.38461538461538464 0.8566433566433567 0.3811188811188811 0.8391608391608392 0.3811188811188811 0.8321678321678322 0.3741258741258741 0.8321678321678322 0.3706293706293706 0.8286713286713286 0.36713286713286714 0.8286713286713286 0.35664335664335667 0.8251748251748252 0.3531468531468531 0.8251748251748252 0.34965034965034963 0.8216783216783217 0.34615384615384615 0.8181818181818182 0.34615384615384615 0.8146853146853147 0.34265734265734266 0.8111888111888111 0.34265734265734266 0.8076923076923077 0.33916083916083917 0.8076923076923077 0.3356643356643357 0.7972027972027972 0.32517482517482516 0.7972027972027972 0.3146853146853147 0.8006993006993007 0.3111888111888112 0.8111888111888111 0.3111888111888112 0.8181818181818182 0.3181818181818182 0.8181818181818182 0.32517482517482516 0.8251748251748252 0.32517482517482516 0.8286713286713286 0.32867132867132864 0.8286713286713286 0.3321678321678322 0.8356643356643356 0.3321678321678322 0.8391608391608392 0.3356643356643357 0.8391608391608392 0.34265734265734266 0.8426573426573427 0.34615384615384615 0.8426573426573427 0.34965034965034963 0.8461538461538461 0.3531468531468531 0.8461538461538461 0.36013986013986016 0.8496503496503497 0.36013986013986016 0.8531468531468531 0.36363636363636365 0.8601398601398601 0.36363636363636365 0.8636363636363636 0.36713286713286714 0.8706293706293706 0.36713286713286714 0.8706293706293706 0.36363636363636365 0.8671328671328671 0.36363636363636365 0.8636363636363636 0.36013986013986016 0.8636363636363636 0.34965034965034963 0.8671328671328671 0.34615384615384615 0.8811188811188811 0.34615384615384615 0.8881118881118881 0.3531468531468531 0.8916083916083916 0.34965034965034963 0.9125874125874126 0.34965034965034963 0.916083916083916 0.3531468531468531 0.9195804195804196 0.3531468531468531 0.9230769230769231 0.35664335664335667 0.9230769230769231 0.36013986013986016 0.9230769230769231 0.34615384615384615 0.9195804195804196 0.34265734265734266 0.9195804195804196 0.32517482517482516 0.916083916083916 0.32167832167832167 0.916083916083916 0.2972027972027972 0.9125874125874126 0.2937062937062937 0.9125874125874126 0.2727272727272727 0.9090909090909091 0.2692307692307692 0.9090909090909091 0.2517482517482518 0.9055944055944056 0.24825174825174826 0.9055944055944056 0.24475524475524477 0.9020979020979021 0.24125874125874125 0.9020979020979021 0.23776223776223776 0.8951048951048951 0.23776223776223776 0.8916083916083916 0.23426573426573427 0.8601398601398601 0.23426573426573427 0.8566433566433567 0.23076923076923078 0.7552447552447552 0.23076923076923078 0.7517482517482518 0.23426573426573427 0.7482517482517482 0.23426573426573427 0.7447552447552448 0.23076923076923078 0.5874125874125874 0.23076923076923078 0.583916083916084 0.23426573426573427 0.5559440559440559 0.23426573426573427 0.5524475524475524 0.23776223776223776 0.548951048951049 0.23776223776223776
0 0.916083916083916 0.8006993006993007 0.9125874125874126 0.8006993006993007 0.9090909090909091 0.7972027972027972 0.8356643356643356 0.7972027972027972 0.8321678321678322 0.7937062937062938 0.8286713286713286 0.7972027972027972 0.8146853146853147 0.7972027972027972 0.8111888111888111 0.7937062937062938 0.7552447552447552 0.7937062937062938 0.7517482517482518 0.7972027972027972 0.7412587412587412 0.7972027972027972 0.7377622377622378 0.7937062937062938 0.7342657342657343 0.7937062937062938 0.7307692307692307 0.7972027972027972 0.5384615384615384 0.7972027972027972 0.534965034965035 0.8006993006993007 0.534965034965035 0.8496503496503497 0.5384615384615384 0.8531468531468531 0.5384615384615384 0.8671328671328671 0.534965034965035 0.8706293706293706 0.534965034965035 0.8741258741258742 0.5384615384615384 0.8776223776223776 0.5384615384615384 0.9055944055944056 0.534965034965035 0.9090909090909091 0.534965034965035 0.9790209790209791 0.5384615384615384 0.9825174825174825 0.5384615384615384 0.9965034965034965 0.9230769230769231 0.9965034965034965 0.9230769230769231 0.993006993006993 0.916083916083916 0.986013986013986 0.916083916083916 0.9545454545454546 0.9195804195804196 0.951048951048951 0.9195804195804196 0.9230769230769231 0.916083916083916 0.9195804195804196 0.916083916083916 0.8811188811188811 0.9230769230769231 0.8741258741258742 0.9230769230769231 0.8706293706293706 0.9195804195804196 0.8671328671328671 0.9195804195804196 0.8076923076923077 0.916083916083916 0.8041958041958042
0 0.4755244755244755 0 0.4755244755244755 0.15384615384615385 0.4755244755244755 0.14335664335664336 0.479020979020979 0.13986013986013987 0.486013986013986 0.13986013986013987 0.486013986013986 0.13636363636363635 0.48951048951048953 0.13286713286713286 0.493006993006993 0.13286713286713286 0.4965034965034965 0.12937062937062938 0.5034965034965035 0.12937062937062938 0.506993006993007 0.13286713286713286 0.506993006993007 0.14685314685314685 0.5 0.15384615384615385 0.5 0.16433566433566432 0.4965034965034965 0.16783216783216784 0.486013986013986 0.16783216783216784 0.48951048951048953 0.17132867132867133 0.48951048951048953 0.17482517482517482 0.7622377622377622 0.17482517482517482 0.7657342657342657 0.17832167832167833 0.7692307692307693 0.17832167832167833 0.7727272727272727 0.17482517482517482 0.8181818181818182 0.17482517482517482 0.8216783216783217 0.17832167832167833 0.8496503496503497 0.17832167832167833 0.8531468531468531 0.17482517482517482 0.8601398601398601 0.17482517482517482 0.8601398601398601 0
0 0.9825174825174825 0.07342657342657342 0.972027972027972 0.08391608391608392 0.972027972027972 0.1258741258741259 0.9755244755244755 0.12937062937062938 0.9755244755244755 0.2062937062937063 0.972027972027972 0.2097902097902098 0.972027972027972 0.23076923076923078 0.9685314685314685 0.23426573426573427 0.9685314685314685 0.2972027972027972 0.965034965034965 0.3006993006993007 0.965034965034965 0.3181818181818182 0.9615384615384616 0.32167832167832167 0.958041958041958 0.32167832167832167 0.958041958041958 0.43356643356643354 0.9615384615384616 0.43356643356643354 0.965034965034965 0.4370629370629371 0.965034965034965 0.7622377622377622 0.9685314685314685 0.7657342657342657 0.9685314685314685 0.7867132867132867 0.972027972027972 0.7902097902097902 0.972027972027972 0.7937062937062938 0.9755244755244755 0.7937062937062938 0.9790209790209791 0.7972027972027972 0.9790209790209791 0.8006993006993007 0.9825174825174825 0.8041958041958042 0.9825174825174825 0.8076923076923077 0.9965034965034965 0.8076923076923077 0.9965034965034965 0.07342657342657342
0 0.055944055944055944 0 0.055944055944055944 0.01048951048951049 0.05944055944055944 0.013986013986013986 0.05944055944055944 0.05244755244755245 0.4195804195804196 0.05244755244755245 0.42657342657342656 0.045454545454545456 0.42657342657342656 0.03146853146853147 0.43006993006993005 0.027972027972027972 0.43356643356643354 0.027972027972027972 0.43356643356643354 0
0 0.01048951048951049 0.5594405594405595 0.006993006993006993 0.5629370629370629 0 0.5629370629370629 0 0.7937062937062938 0.06293706293706294 0.7937062937062938 0.06643356643356643 0.7902097902097902 0.06643356643356643 0.5629370629370629 0.04195804195804196 0.5629370629370629 0.038461538461538464 0.5594405594405595
0 0.1258741258741259 0.9685314685314685 0.1258741258741259 0.9965034965034965 0.4965034965034965 0.9965034965034965 0.4965034965034965 0.986013986013986 0.493006993006993 0.9825174825174825 0.493006993006993 0.9790209790209791 0.48951048951048953 0.9755244755244755 0.479020979020979 0.9755244755244755 0.4755244755244755 0.972027972027972 0.4755244755244755 0.9685314685314685 0.46503496503496505 0.9685314685314685 0.46153846153846156 0.965034965034965 0.45104895104895104 0.965034965034965 0.44755244755244755 0.9685314685314685 0.4125874125874126 0.9685314685314685 0.4090909090909091 0.965034965034965 0.4020979020979021 0.965034965034965 0.3986013986013986 0.9685314685314685 0.3951048951048951 0.9685314685314685 0.3916083916083916 0.965034965034965 0.3881118881118881 0.9685314685314685 0.38461538461538464 0.965034965034965 0.3811188811188811 0.9685314685314685 0.26573426573426573 0.9685314685314685 0.26223776223776224 0.965034965034965 0.1958041958041958 0.965034965034965 0.19230769230769232 0.9685314685314685 0.1888111888111888 0.9685314685314685 0.1853146853146853 0.965034965034965 0.18181818181818182 0.965034965034965 0.17832167832167833 0.9685314685314685 0.16783216783216784 0.9685314685314685 0.16433566433566432 0.965034965034965 0.13286713286713286 0.965034965034965 0.12937062937062938 0.9685314685314685
0 0 0.8426573426573427 0 0.9965034965034965 0.07342657342657342 0.9965034965034965 0.07342657342657342 0.9230769230769231 0.07692307692307693 0.9195804195804196 0.07692307692307693 0.9020979020979021 0.07342657342657342 0.8986013986013986 0.07342657342657342 0.8461538461538461 0.045454545454545456 0.8461538461538461 0.04195804195804196 0.8426573426573427 0.038461538461538464 0.8461538461538461 0.03496503496503497 0.8461538461538461 0.03146853146853147 0.8426573426573427
0 0.951048951048951 0.8671328671328671 0.951048951048951 0.8846153846153846 0.9475524475524476 0.8881118881118881 0.9475524475524476 0.972027972027972 0.951048951048951 0.9755244755244755 0.951048951048951 0.9790209790209791 0.9475524475524476 0.9825174825174825 0.9475524475524476 0.9965034965034965 0.9965034965034965 0.9965034965034965 0.9965034965034965 0.8636363636363636 0.965034965034965 0.8636363636363636 0.9615384615384616 0.8671328671328671
0 0 0.055944055944055944 0 0.21328671328671328 0.0034965034965034965 0.2097902097902098 0.0034965034965034965 0.10139860139860139 0 0.0979020979020979
0 0.0034965034965034965 0.3776223776223776 0 0.3776223776223776 0 0.5034965034965035 0 0.5 0.0034965034965034965 0.4965034965034965
0 0.9230769230769231 0 0.9405594405594405 0 0.9440559440559441 0.0034965034965034965 0.9440559440559441 0.006993006993006993 0.9615384615384616 0.006993006993006993 0.965034965034965 0.0034965034965034965 0.9965034965034965 0.0034965034965034965 0.9965034965034965 0
2 0.9965034965034965 0.006993006993006993 0.965034965034965 0.006993006993006993 0.965034965034965 0.013986013986013986 0.9615384615384616 0.017482517482517484 0.9615384615384616 0.02097902097902098 0.9545454545454546 0.027972027972027972 0.951048951048951 0.027972027972027972 0.951048951048951 0.07342657342657342 0.9440559440559441 0.08041958041958042 0.9440559440559441 0.0979020979020979 0.9405594405594405 0.10139860139860139 0.9405594405594405 0.12937062937062938 0.9440559440559441 0.13286713286713286 0.9440559440559441 0.16083916083916083 0.9475524475524476 0.16433566433566432 0.9475524475524476 0.17132867132867133 0.9440559440559441 0.17482517482517482 0.9440559440559441 0.2097902097902098 0.9405594405594405 0.21328671328671328 0.9405594405594405 0.22727272727272727 0.9370629370629371 0.23076923076923078 0.9370629370629371 0.2517482517482518 0.9405594405594405 0.25524475524475526 0.9405594405594405 0.28321678321678323 0.9440559440559441 0.2867132867132867 0.9440559440559441 0.4090909090909091 0.9405594405594405 0.4125874125874126 0.9405594405594405 0.43006993006993005 0.9440559440559441 0.43356643356643354 0.9440559440559441 0.4405594405594406 0.9475524475524476 0.44405594405594406 0.9475524475524476 0.4825174825174825 0.9440559440559441 0.486013986013986 0.9440559440559441 0.493006993006993 0.9370629370629371 0.5034965034965035 0.9370629370629371 0.5209790209790209 0.9405594405594405 0.5244755244755245 0.9405594405594405 0.534965034965035 0.9440559440559441 0.5384615384615384 0.9440559440559441 0.541958041958042 0.9370629370629371 0.548951048951049 0.9370629370629371 0.5769230769230769 0.9440559440559441 0.583916083916084 0.9440559440559441 0.6223776223776224 0.9370629370629371 0.6293706293706294 0.9370629370629371 0.6433566433566433 0.9335664335664335 0.6468531468531469 0.9335664335664335 0.6573426573426573 0.9370629370629371 0.6608391608391608 0.9370629370629371 0.6783216783216783 0.9405594405594405 0.6818181818181818 0.9405594405594405 0.6853146853146853 0.9370629370629371 0.6888111888111889 0.9370629370629371 0.7307692307692307 0.9440559440559441 0.7377622377622378 0.9440559440559441 0.7517482517482518 0.9370629370629371 0.7587412587412588 0.9370629370629371 0.7692307692307693 0.9405594405594405 0.7727272727272727 0.9405594405594405 0.7867132867132867 0.9440559440559441 0.7902097902097902 0.9440559440559441 0.8111888111888111 0.951048951048951 0.8216783216783217 0.951048951048951 0.8356643356643356 0.9545454545454546 0.8356643356643356 0.958041958041958 0.8391608391608392 0.9545454545454546 0.8426573426573427 0.951048951048951 0.8426573426573427 0.9440559440559441 0.8496503496503497 0.9440559440559441 0.8566433566433567 0.9405594405594405 0.8601398601398601 0.9405594405594405 0.8636363636363636 0.9265734265734266 0.8776223776223776 0.9230769230769231 0.8776223776223776 0.9195804195804196 0.8811188811188811 0.9195804195804196 0.9195804195804196 0.9230769230769231 0.9230769230769231 0.9230769230769231 0.951048951048951 0.9195804195804196 0.9545454545454546 0.9195804195804196 0.986013986013986 0.9230769230769231 0.9895104895104895 0.9335664335664335 0.9895104895104895 0.9335664335664335 0.9685314685314685 0.9370629370629371 0.965034965034965 0.9370629370629371 0.951048951048951 0.9405594405594405 0.9475524475524476 0.9405594405594405 0.9300699300699301 0.9370629370629371 0.9265734265734266 0.9370629370629371 0.916083916083916 0.9335664335664335 0.9125874125874126 0.9335664335664335 0.9055944055944056 0.9475524475524476 0.8846153846153846 0.9475524475524476 0.8671328671328671 0.951048951048951 0.8636363636363636 0.9615384615384616 0.8636363636363636 0.9615384615384616 0.8601398601398601 0.9685314685314685 0.8531468531468531 0.9685314685314685 0.8496503496503497 0.9825174825174825 0.8356643356643356 0.9825174825174825 0.8146853146853147 0.9790209790209791 0.8111888111888111 0.9790209790209791 0.8041958041958042 0.9755244755244755 0.8006993006993007 0.9755244755244755 0.7972027972027972 0.972027972027972 0.7972027972027972 0.965034965034965 0.7867132867132867 0.965034965034965 0.7657342657342657 0.9615384615384616 0.7622377622377622 0.9615384615384616 0.4370629370629371 0.958041958041958 0.4370629370629371 0.9545454545454546 0.43356643356643354 0.9545454545454546 0.32167832167832167 0.958041958041958 0.3181818181818182 0.9615384615384616 0.3181818181818182 0.9615384615384616 0.3006993006993007 0.965034965034965 0.2972027972027972 0.965034965034965 0.23426573426573427 0.9685314685314685 0.23076923076923078 0.9685314685314685 0.2097902097902098 0.972027972027972 0.2062937062937063 0.972027972027972 0.12937062937062938 0.9685314685314685 0.1258741258741259 0.9685314685314685 0.08391608391608392 0.9755244755244755 0.07692307692307693 0.9755244755244755 0.04895104895104895 0.9790209790209791 0.045454545454545456 0.9790209790209791 0.027972027972027972 0.986013986013986 0.017482517482517484 0.993006993006993 0.017482517482517484 0.9965034965034965 0.013986013986013986
2 0.8006993006993007 0.3146853146853147 0.8006993006993007 0.32517482517482516 0.8111888111888111 0.3356643356643357 0.8111888111888111 0.33916083916083917 0.8146853146853147 0.33916083916083917 0.8181818181818182 0.34265734265734266 0.8216783216783217 0.34265734265734266 0.8286713286713286 0.34965034965034963 0.8286713286713286 0.3531468531468531 0.8321678321678322 0.35664335664335667 0.8321678321678322 0.36713286713286714 0.8356643356643356 0.3706293706293706 0.8356643356643356 0.3741258741258741 0.8391608391608392 0.3776223776223776 0.8566433566433567 0.3776223776223776 0.8601398601398601 0.3811188811188811 0.8636363636363636 0.3811188811188811 0.8671328671328671 0.38461538461538464 0.8706293706293706 0.38461538461538464 0.8776223776223776 0.3916083916083916 0.8776223776223776 0.4020979020979021 0.8741258741258742 0.40559440559440557 0.8741258741258742 0.4160839160839161 0.8776223776223776 0.4195804195804196 0.8776223776223776 0.4230769230769231 0.8811188811188811 0.42657342657342656 0.8881118881118881 0.42657342657342656 0.8916083916083916 0.4230769230769231 0.8916083916083916 0.4125874125874126 0.8881118881118881 0.4090909090909091 0.9020979020979021 0.3951048951048951 0.9055944055944056 0.3951048951048951 0.9055944055944056 0.3916083916083916 0.9090909090909091 0.3881118881118881 0.9125874125874126 0.3881118881118881 0.916083916083916 0.38461538461538464 0.9195804195804196 0.38461538461538464 0.9230769230769231 0.3811188811188811 0.9335664335664335 0.3811188811188811 0.9335664335664335 0.36713286713286714 0.9300699300699301 0.36713286713286714 0.9265734265734266 0.36363636363636365 0.9230769230769231 0.36363636363636365 0.9195804195804196 0.36013986013986016 0.9195804195804196 0.35664335664335667 0.916083916083916 0.35664335664335667 0.9125874125874126 0.3531468531468531 0.8916083916083916 0.3531468531468531 0.8881118881118881 0.35664335664335667 0.8811188811188811 0.34965034965034963 0.8671328671328671 0.34965034965034963 0.8671328671328671 0.36013986013986016 0.8706293706293706 0.36013986013986016 0.8741258741258742 0.36363636363636365 0.8741258741258742 0.36713286713286714 0.8706293706293706 0.3706293706293706 0.8636363636363636 0.3706293706293706 0.8601398601398601 0.36713286713286714 0.8531468531468531 0.36713286713286714 0.8496503496503497 0.36363636363636365 0.8461538461538461 0.36363636363636365 0.8426573426573427 0.36013986013986016 0.8426573426573427 0.3531468531468531 0.8391608391608392 0.34965034965034963 0.8391608391608392 0.34615384615384615 0.8356643356643356 0.34265734265734266 0.8356643356643356 0.3356643356643357 0.8286713286713286 0.3356643356643357 0.8251748251748252 0.3321678321678322 0.8251748251748252 0.32867132867132864 0.8181818181818182 0.32867132867132864 0.8146853146853147 0.32517482517482516 0.8146853146853147 0.3181818181818182 0.8111888111888111 0.3146853146853147
2 0.5034965034965035 0.13286713286713286 0.4965034965034965 0.13286713286713286 0.493006993006993 0.13636363636363635 0.48951048951048953 0.13636363636363635 0.48951048951048953 0.13986013986013987 0.486013986013986 0.14335664335664336 0.479020979020979 0.14335664335664336 0.479020979020979 0.15384615384615385 0.4755244755244755 0.15734265734265734 0.4755244755244755 0.17482517482517482 0.479020979020979 0.17832167832167833 0.486013986013986 0.17832167832167833 0.486013986013986 0.17132867132867133 0.4825174825174825 0.16783216783216784 0.486013986013986 0.16433566433566432 0.4965034965034965 0.16433566433566432 0.4965034965034965 0.15384615384615385 0.5034965034965035 0.14685314685314685